,chr,left,right,size
3,chr1,4585500,4740500,155000
10,chr1,5043500,5088500,45000
36,chr1,8605500,8652500,47000
47,chr1,9855500,9931500,76000
48,chr1,9868500,9919500,51000
61,chr1,6342500,6401500,59000
73,chr1,7160500,7195500,35000
79,chr1,9868500,10109500,241000
80,chr1,9919500,10037500,118000
91,chr1,10672500,10761500,89000
100,chr1,11305500,11423500,118000
134,chr1,11985500,12035500,50000
142,chr1,12946500,13059500,113000
143,chr1,13063500,13145500,82000
199,chr1,18121500,18182500,61000
208,chr1,19343500,19383500,40000
216,chr1,20830500,20938500,108000
217,chr1,20833500,21014500,181000
220,chr1,20938500,20979500,41000
238,chr1,23945500,24061500,116000
254,chr1,22507500,22551500,44000
263,chr1,23444500,23478500,34000
264,chr1,23723500,23831500,108000
284,chr1,33692500,33836500,144000
287,chr1,33708500,33852500,144000
288,chr1,33708500,33947500,239000
291,chr1,33795500,33946500,151000
303,chr1,34046500,34180500,134000
309,chr1,34145500,34179500,34000
318,chr1,34540500,34596500,56000
349,chr1,35071500,35504500,433000
366,chr1,35239500,35305500,66000
369,chr1,35429500,35504500,75000
374,chr1,35570500,35755500,185000
376,chr1,35880500,35955500,75000
378,chr1,39698500,40007500,309000
387,chr1,40155500,40306500,151000
422,chr1,35851500,36174500,323000
423,chr1,35878500,36145500,267000
426,chr1,35956500,36103500,147000
435,chr1,36347500,36484500,137000
439,chr1,36408500,36484500,76000
440,chr1,36408500,36596500,188000
444,chr1,36494500,36539500,45000
446,chr1,36510500,36596500,86000
449,chr1,36551500,36596500,45000
454,chr1,36587500,36822500,235000
496,chr1,36824500,37141500,317000
525,chr1,37026500,37119500,93000
532,chr1,37311500,37487500,176000
533,chr1,37312500,37746500,434000
538,chr1,37339500,37580500,241000
544,chr1,37440500,37674500,234000
546,chr1,37490500,37746500,256000
547,chr1,37518500,37674500,156000
549,chr1,37579500,37677500,98000
559,chr1,37729500,37841500,112000
563,chr1,37929500,38036500,107000
565,chr1,37971500,38088500,117000
567,chr1,38030500,38130500,100000
570,chr1,38060500,38116500,56000
604,chr1,38241500,38677500,436000
614,chr1,38304500,38773500,469000
623,chr1,38366500,38451500,85000
624,chr1,38393500,38680500,287000
626,chr1,38431500,38693500,262000
628,chr1,38492500,38557500,65000
629,chr1,38693500,38807500,114000
630,chr1,38759500,38806500,47000
633,chr1,38875500,38937500,62000
652,chr1,39053500,39331500,278000
664,chr1,39163500,39235500,72000
666,chr1,39257500,39379500,122000
667,chr1,39276500,39568500,292000
675,chr1,39568500,39720500,152000
678,chr1,39616500,39689500,73000
721,chr1,42735500,42891500,156000
723,chr1,42953500,43033500,80000
728,chr1,43340500,43703500,363000
763,chr1,57582500,57989500,407000
774,chr1,52339500,52526500,187000
776,chr1,52395500,52472500,77000
783,chr1,52622500,52666500,44000
787,chr1,52670500,52883500,213000
793,chr1,52766500,52884500,118000
794,chr1,52766500,52994500,228000
833,chr1,53790500,53929500,139000
835,chr1,53823500,53906500,83000
840,chr1,53959500,54046500,87000
854,chr1,54706500,54870500,164000
855,chr1,54705500,54965500,260000
863,chr1,54965500,55066500,101000
875,chr1,55232500,55333500,101000
900,chr1,55468500,55794500,326000
906,chr1,55623500,55793500,170000
907,chr1,55655500,55709500,54000
913,chr1,62395500,62738500,343000
921,chr1,62778500,63003500,225000
923,chr1,62825500,62859500,34000
938,chr1,63241500,63286500,45000
946,chr1,57467500,58036500,569000
987,chr1,59158500,59276500,118000
988,chr1,59245500,59678500,433000
997,chr1,59481500,59662500,181000
998,chr1,59523500,59623500,100000
1009,chr1,59952500,60082500,130000
1011,chr1,60382500,60469500,87000
1014,chr1,60575500,60861500,286000
1032,chr1,61840500,61894500,54000
1099,chr1,64035500,64102500,67000
1107,chr1,64159500,64458500,299000
1123,chr1,64342500,64460500,118000
1124,chr1,64344500,64485500,141000
1173,chr1,71076500,71140500,64000
1177,chr1,71399500,71545500,146000
1178,chr1,71649500,71817500,168000
1228,chr1,72363500,72645500,282000
1230,chr1,72621500,72679500,58000
1240,chr1,72804500,72893500,89000
1243,chr1,72905500,73342500,437000
1247,chr1,72919500,73073500,154000
1252,chr1,72932500,73124500,192000
1273,chr1,73108500,73174500,66000
1304,chr1,80216500,80293500,77000
1306,chr1,80265500,80335500,70000
1317,chr1,80990500,81023500,33000
1350,chr1,78193500,78431500,238000
1355,chr1,78534500,78682500,148000
1357,chr1,78703500,78824500,121000
1380,chr1,79650500,79738500,88000
1381,chr1,79650500,79753500,103000
1402,chr1,77372500,77487500,115000
1421,chr1,74222500,74428500,206000
1422,chr1,74246500,74323500,77000
1426,chr1,74438500,74491500,53000
1445,chr1,74902500,75058500,156000
1455,chr1,74988500,75444500,456000
1456,chr1,74989500,75119500,130000
1461,chr1,75102500,75144500,42000
1462,chr1,75118500,75229500,111000
1464,chr1,75146500,75187500,41000
1471,chr1,75195500,75293500,98000
1480,chr1,75390500,75444500,54000
1482,chr1,75455500,75497500,42000
1496,chr1,82781500,82863500,82000
1498,chr1,82799500,83016500,217000
1508,chr1,83426500,83467500,41000
1509,chr1,83791500,83906500,115000
1540,chr1,84450500,84560500,110000
1545,chr1,84702500,84804500,102000
1555,chr1,85781500,85862500,81000
1569,chr1,86238500,86286500,48000
1573,chr1,86288500,86363500,75000
1575,chr1,86344500,86540500,196000
1578,chr1,86368500,86511500,143000
1610,chr1,86578500,86988500,410000
1618,chr1,86585500,86813500,228000
1621,chr1,86590500,87036500,446000
1640,chr1,86627500,86792500,165000
1644,chr1,86636500,86863500,227000
1655,chr1,86660500,86790500,130000
1656,chr1,86662500,86840500,178000
1663,chr1,86684500,86954500,270000
1666,chr1,86689500,86785500,96000
1669,chr1,86757500,86923500,166000
1672,chr1,86790500,86969500,179000
1676,chr1,87040500,87113500,73000
1679,chr1,87101500,87173500,72000
1680,chr1,87101500,87374500,273000
1681,chr1,87102500,87220500,118000
1682,chr1,87113500,87438500,325000
1684,chr1,87142500,87192500,50000
1685,chr1,87142500,87255500,113000
1689,chr1,87146500,87220500,74000
1693,chr1,87207500,87337500,130000
1701,chr1,87336500,87630500,294000
1702,chr1,87349500,87632500,283000
1706,chr1,87375500,87649500,274000
1707,chr1,87375500,87683500,308000
1716,chr1,87449500,87598500,149000
1724,chr1,87684500,87781500,97000
1729,chr1,87753500,87891500,138000
1756,chr1,88244500,88285500,41000
1764,chr1,88285500,88350500,65000
1773,chr1,88308500,88638500,330000
1835,chr1,88687500,88955500,268000
1860,chr1,88943500,88998500,55000
1871,chr1,89163500,89270500,107000
1881,chr1,89271500,89510500,239000
1882,chr1,89294500,89559500,265000
1892,chr1,89670500,89887500,217000
1895,chr1,89698500,89940500,242000
1956,chr1,89988500,90298500,310000
1960,chr1,90022500,90515500,493000
1962,chr1,90041500,90517500,476000
1968,chr1,90130500,90352500,222000
1970,chr1,90150500,90520500,370000
1972,chr1,90230500,90484500,254000
1975,chr1,90419500,90455500,36000
1983,chr1,90856500,91167500,311000
1984,chr1,90856500,91294500,438000
1998,chr1,90982500,91022500,40000
2000,chr1,91107500,91273500,166000
2001,chr1,91177500,91325500,148000
2003,chr1,91179500,91225500,46000
2004,chr1,91226500,91341500,115000
2006,chr1,91274500,91411500,137000
2007,chr1,91275500,91308500,33000
2008,chr1,91292500,91411500,119000
2014,chr1,91341500,91421500,80000
2016,chr1,91356500,91490500,134000
2017,chr1,91356500,91746500,390000
2018,chr1,91357500,91462500,105000
2022,chr1,91465500,91729500,264000
2024,chr1,91617500,91802500,185000
2025,chr1,91683500,91802500,119000
2058,chr1,91836500,92219500,383000
2059,chr1,91842500,92243500,401000
2060,chr1,91843500,92360500,517000
2064,chr1,91860500,92381500,521000
2080,chr1,91931500,92314500,383000
2088,chr1,92042500,92287500,245000
2089,chr1,92051500,92379500,328000
2099,chr1,92579500,92797500,218000
2105,chr1,92884500,93102500,218000
2108,chr1,93056500,93328500,272000
2110,chr1,93102500,93201500,99000
2112,chr1,93163500,93270500,107000
2119,chr1,93439500,93681500,242000
2121,chr1,93596500,93730500,134000
2130,chr1,97982500,98072500,90000
2153,chr1,105290500,105557500,267000
2160,chr1,105708500,105917500,209000
2161,chr1,105710500,105964500,254000
2162,chr1,105818500,105982500,164000
2182,chr1,106000500,106079500,79000
2183,chr1,106000500,106097500,97000
2190,chr1,106033500,106305500,272000
2192,chr1,106079500,106275500,196000
2194,chr1,106097500,106274500,177000
2197,chr1,106688500,106723500,35000
2202,chr1,106746500,106812500,66000
2228,chr1,117309500,117430500,121000
2234,chr1,118238500,118316500,78000
2236,chr1,118250500,118403500,153000
2237,chr1,118263500,118425500,162000
2239,chr1,118294500,118393500,99000
2260,chr1,118932500,119008500,76000
2280,chr1,119087500,119184500,97000
2283,chr1,119184500,119351500,167000
2289,chr1,119273500,119371500,98000
2291,chr1,119273500,119410500,137000
2296,chr1,119386500,119468500,82000
2297,chr1,119431500,119838500,407000
2299,chr1,119453500,119577500,124000
2306,chr1,119548500,119603500,55000
2307,chr1,119551500,119639500,88000
2309,chr1,119574500,119839500,265000
2311,chr1,119581500,119632500,51000
2314,chr1,119616500,119823500,207000
2315,chr1,119621500,119657500,36000
2316,chr1,119632500,119714500,82000
2318,chr1,119639500,119684500,45000
2319,chr1,119639500,119751500,112000
2320,chr1,119650500,119697500,47000
2327,chr1,119960500,120125500,165000
2330,chr1,119961500,120047500,86000
2339,chr1,120082500,120397500,315000
2340,chr1,120099500,120224500,125000
2346,chr1,120159500,120224500,65000
2350,chr1,120375500,120477500,102000
2373,chr1,120567500,121108500,541000
2392,chr1,120708500,120770500,62000
2455,chr1,127208500,127385500,177000
2456,chr1,127211500,127323500,112000
2459,chr1,127424500,127850500,426000
2461,chr1,127429500,127554500,125000
2466,chr1,127545500,127671500,126000
2467,chr1,127545500,127648500,103000
2470,chr1,127909500,127969500,60000
2476,chr1,127900500,128125500,225000
2481,chr1,128274500,128751500,477000
2487,chr1,128323500,128366500,43000
2494,chr1,128871500,129003500,132000
2515,chr1,131025500,131065500,40000
2517,chr1,131025500,131172500,147000
2523,chr1,131065500,131172500,107000
2527,chr1,131135500,131483500,348000
2532,chr1,131289500,131483500,194000
2535,chr1,131741500,131774500,33000
2536,chr1,131743500,131808500,65000
2537,chr1,131838500,131935500,97000
2541,chr1,135873500,136004500,131000
2549,chr1,136044500,136103500,59000
2550,chr1,136117500,136361500,244000
2552,chr1,136161500,136342500,181000
2553,chr1,136188500,136342500,154000
2569,chr1,136553500,136667500,114000
2570,chr1,136554500,136601500,47000
2572,chr1,136601500,136656500,55000
2574,chr1,136624500,136656500,32000
2582,chr1,137053500,137152500,99000
2591,chr1,131935500,132118500,183000
2593,chr1,132049500,132234500,185000
2594,chr1,132084500,132449500,365000
2595,chr1,132086500,132318500,232000
2598,chr1,132128500,132193500,65000
2600,chr1,132166500,132283500,117000
2601,chr1,132186500,132282500,96000
2605,chr1,132295500,132522500,227000
2616,chr1,132474500,132866500,392000
2619,chr1,132568500,132886500,318000
2620,chr1,132685500,133043500,358000
2621,chr1,132686500,132962500,276000
2634,chr1,132966500,133281500,315000
2642,chr1,133074500,133280500,206000
2649,chr1,133097500,133500500,403000
2650,chr1,133107500,133196500,89000
2652,chr1,133107500,133308500,201000
2653,chr1,133117500,133483500,366000
2666,chr1,133311500,133419500,108000
2667,chr1,133311500,133434500,123000
2668,chr1,133312500,133457500,145000
2669,chr1,133325500,133420500,95000
2671,chr1,133351500,133420500,69000
2672,chr1,133351500,133537500,186000
2676,chr1,133573500,133976500,403000
2683,chr1,133667500,133785500,118000
2687,chr1,133621500,134007500,386000
2688,chr1,133623500,134026500,403000
2710,chr1,134423500,134484500,61000
2720,chr1,134632500,134780500,148000
2721,chr1,134671500,134781500,110000
2724,chr1,134958500,135034500,76000
2730,chr1,135100500,135240500,140000
2741,chr1,135357500,135603500,246000
2742,chr1,135358500,135614500,256000
2746,chr1,135513500,135614500,101000
2748,chr1,135631500,135716500,85000
2751,chr1,135681500,135775500,94000
2752,chr1,135681500,135872500,191000
2754,chr1,135739500,135872500,133000
2765,chr1,143541500,143575500,34000
2770,chr1,140099500,140412500,313000
2807,chr1,149948500,150043500,95000
2809,chr1,150258500,150326500,68000
2822,chr1,150797500,150885500,88000
2835,chr1,151338500,151508500,170000
2837,chr1,151357500,151534500,177000
2839,chr1,151376500,151631500,255000
2846,chr1,151706500,151996500,290000
2873,chr1,151695500,152022500,327000
2910,chr1,152262500,152386500,124000
2925,chr1,152665500,153278500,613000
2927,chr1,152666500,153092500,426000
2929,chr1,152667500,153300500,633000
2930,chr1,152668500,152791500,123000
2933,chr1,152670500,152885500,215000
2934,chr1,152679500,152817500,138000
2940,chr1,152692500,152778500,86000
2947,chr1,152711500,152965500,254000
2964,chr1,152779500,152831500,52000
2968,chr1,152791500,152908500,117000
2969,chr1,152793500,152850500,57000
2970,chr1,152793500,152868500,75000
3003,chr1,152975500,153093500,118000
3012,chr1,153104500,153274500,170000
3026,chr1,153301500,153364500,63000
3035,chr1,153518500,153618500,100000
3036,chr1,153770500,153994500,224000
3037,chr1,153774500,153954500,180000
3039,chr1,153910500,153994500,84000
3058,chr1,160411500,160459500,48000
3061,chr1,160572500,160749500,177000
3062,chr1,160585500,160761500,176000
3063,chr1,160763500,160999500,236000
3082,chr1,161706500,161746500,40000
3084,chr1,155961500,156091500,130000
3088,chr1,156091500,156314500,223000
3089,chr1,156092500,156247500,155000
3090,chr1,156249500,156301500,52000
3092,chr1,156366500,156503500,137000
3093,chr1,156386500,156502500,116000
3094,chr1,156458500,156541500,83000
3100,chr1,156566500,156684500,118000
3107,chr1,156621500,156707500,86000
3115,chr1,156719500,156905500,186000
3148,chr1,153995500,154056500,61000
3202,chr1,154903500,155032500,129000
3210,chr1,154974500,155120500,146000
3225,chr1,155190500,155273500,83000
3226,chr1,155192500,155344500,152000
3230,chr1,155293500,155433500,140000
3234,chr1,155451500,155553500,102000
3244,chr1,155491500,155596500,105000
3258,chr1,155917500,155986500,69000
3288,chr1,163781500,163813500,32000
3295,chr1,168184500,168259500,75000
3296,chr1,168210500,168244500,34000
3317,chr1,169777500,169988500,211000
3318,chr1,169778500,169866500,88000
3319,chr1,169795500,169924500,129000
3320,chr1,169798500,169963500,165000
3337,chr1,164195500,164263500,68000
3352,chr1,164343500,164437500,94000
3369,chr1,165036500,165087500,51000
3382,chr1,165691500,165886500,195000
3383,chr1,165852500,165981500,129000
3395,chr1,165930500,166147500,217000
3428,chr1,166610500,166861500,251000
3440,chr1,167111500,167177500,66000
3454,chr1,167243500,167414500,171000
3461,chr1,167477500,167609500,132000
3462,chr1,167498500,167610500,112000
3463,chr1,167498500,167741500,243000
3465,chr1,167519500,167629500,110000
3466,chr1,167530500,167759500,229000
3467,chr1,167596500,167674500,78000
3485,chr1,175242500,175314500,72000
3496,chr1,176051500,176158500,107000
3520,chr1,176707500,176864500,157000
3527,chr1,176780500,176851500,71000
3528,chr1,177085500,177150500,65000
3529,chr1,177085500,177512500,427000
3533,chr1,177235500,177529500,294000
3551,chr1,169779500,170028500,249000
3552,chr1,169984500,170027500,43000
3553,chr1,170003500,170041500,38000
3564,chr1,170075500,170107500,32000
3575,chr1,170138500,170410500,272000
3580,chr1,170143500,170373500,230000
3581,chr1,170697500,170863500,166000
3583,chr1,170700500,170824500,124000
3603,chr1,170941500,171109500,168000
3608,chr1,170978500,171049500,71000
3610,chr1,171018500,171066500,48000
3614,chr1,171077500,171114500,37000
3615,chr1,171092500,171184500,92000
3620,chr1,171109500,171186500,77000
3621,chr1,171115500,171156500,41000
3624,chr1,171157500,171239500,82000
3627,chr1,171188500,171239500,51000
3631,chr1,171331500,171393500,62000
3647,chr1,171718500,171753500,35000
3649,chr1,171909500,171952500,43000
3654,chr1,171909500,172140500,231000
3655,chr1,171971500,172185500,214000
3658,chr1,171976500,172045500,69000
3659,chr1,171989500,172153500,164000
3660,chr1,171989500,172185500,196000
3661,chr1,172014500,172138500,124000
3669,chr1,172390500,172459500,69000
3699,chr1,184058500,184130500,72000
3720,chr1,184934500,184969500,35000
3723,chr1,185114500,185234500,120000
3729,chr1,185414500,185659500,245000
3786,chr1,178189500,178276500,87000
3795,chr1,178388500,178954500,566000
3800,chr1,179023500,179278500,255000
3801,chr1,179024500,179058500,34000
3803,chr1,179334500,179430500,96000
3820,chr1,179495500,179630500,135000
3828,chr1,179674500,179786500,112000
3841,chr1,179740500,179971500,231000
3842,chr1,179769500,179975500,206000
3850,chr1,181976500,182236500,260000
3877,chr1,183025500,183205500,180000
3885,chr1,183251500,183407500,156000
3891,chr1,183422500,183466500,44000
3932,chr1,179787500,180054500,267000
3934,chr1,180083500,180396500,313000
3937,chr1,180158500,180213500,55000
3938,chr1,180261500,180494500,233000
3942,chr1,180450500,180592500,142000
3943,chr1,180468500,180553500,85000
3950,chr1,180641500,180716500,75000
3957,chr1,180717500,180808500,91000
3960,chr1,180731500,180844500,113000
3966,chr1,180844500,181039500,195000
3983,chr1,181181500,181373500,192000
3985,chr1,181207500,181372500,165000
3986,chr1,181292500,181372500,80000
3987,chr1,181294500,181443500,149000
3988,chr1,181346500,181443500,97000
3991,chr1,181690500,181967500,277000
3998,chr1,181749500,181846500,97000
4024,chr1,186189500,186241500,52000
4029,chr1,186560500,186738500,178000
4047,chr1,188726500,189360500,634000
4059,chr1,189048500,189310500,262000
4060,chr1,189075500,189312500,237000
4061,chr1,189075500,189360500,285000
4063,chr1,189284500,189360500,76000
4068,chr1,189394500,189705500,311000
4073,chr1,189494500,189563500,69000
4113,chr1,190660500,190915500,255000
4119,chr1,190741500,191007500,266000
4121,chr1,190858500,191008500,150000
4123,chr1,190887500,191009500,122000
4125,chr1,191058500,191128500,70000
4127,chr1,191096500,191201500,105000
4143,chr1,191939500,191991500,52000
4174,chr1,191872500,192014500,142000
4186,chr1,191906500,192282500,376000
4204,chr1,192428500,192516500,88000
4207,chr1,192432500,192785500,353000
4210,chr1,192448500,192564500,116000
4211,chr1,192452500,192516500,64000
4212,chr1,192466500,192808500,342000
4214,chr1,192538500,192811500,273000
4222,chr1,192891500,193045500,154000
4223,chr1,192955500,193061500,106000
4225,chr1,193103500,193374500,271000
4226,chr1,193277500,193335500,58000
4239,chr1,193803500,193870500,67000
4274,chr10,3485500,3922500,437000
4284,chr10,4039500,4321500,282000
4285,chr10,4039500,4342500,303000
4286,chr10,4057500,4285500,228000
4287,chr10,4058500,4336500,278000
4291,chr10,4193500,4337500,144000
4292,chr10,4203500,4324500,121000
4294,chr10,4239500,4324500,85000
4300,chr10,4375500,4494500,119000
4301,chr10,4375500,4472500,97000
4309,chr10,4576500,5133500,557000
4333,chr10,5500500,5754500,254000
4338,chr10,5552500,5764500,212000
4349,chr10,7720500,8084500,364000
4360,chr10,7929500,8072500,143000
4375,chr10,8619500,8654500,35000
4387,chr10,9452500,9500500,48000
4400,chr10,6835500,6927500,92000
4418,chr10,7466500,7557500,91000
4419,chr10,7494500,7556500,62000
4421,chr10,7557500,7602500,45000
4422,chr10,7557500,7668500,111000
4429,chr10,17054500,17088500,34000
4451,chr10,11142500,11215500,73000
4485,chr10,12640500,12740500,100000
4486,chr10,12744500,12840500,96000
4496,chr10,12941500,13371500,430000
4498,chr10,12965500,13199500,234000
4502,chr10,13040500,13193500,153000
4505,chr10,13377500,13428500,51000
4513,chr10,17983500,18072500,89000
4515,chr10,18089500,18265500,176000
4521,chr10,18267500,18421500,154000
4527,chr10,18636500,18710500,74000
4538,chr10,18891500,19083500,192000
4548,chr10,19175500,19367500,192000
4553,chr10,19586500,19809500,223000
4556,chr10,19726500,19783500,57000
4558,chr10,19771500,19949500,178000
4574,chr10,24247500,24280500,33000
4578,chr10,24313500,24483500,170000
4579,chr10,24506500,24771500,265000
4597,chr10,24947500,25095500,148000
4599,chr10,25126500,25364500,238000
4601,chr10,25145500,25272500,127000
4627,chr10,25662500,25738500,76000
4638,chr10,19949500,20001500,52000
4675,chr10,20284500,20537500,253000
4694,chr10,20368500,20484500,116000
4710,chr10,20868500,21254500,386000
4718,chr10,20926500,21010500,84000
4722,chr10,20964500,21065500,101000
4726,chr10,21035500,21172500,137000
4727,chr10,21259500,21476500,217000
4738,chr10,21622500,21703500,81000
4741,chr10,21813500,21855500,42000
4775,chr10,22993500,23026500,33000
4787,chr10,23572500,23615500,43000
4864,chr10,33895500,34083500,188000
4865,chr10,33896500,34173500,277000
4866,chr10,33911500,34174500,263000
4867,chr10,33971500,34111500,140000
4895,chr10,39045500,39430500,385000
4896,chr10,39116500,39245500,129000
4898,chr10,39468500,39606500,138000
4904,chr10,39836500,39900500,64000
4909,chr10,39772500,40017500,245000
4910,chr10,39773500,40124500,351000
4913,chr10,39835500,40018500,183000
4916,chr10,40017500,40089500,72000
4918,chr10,40088500,40404500,316000
4924,chr10,40135500,40301500,166000
4940,chr10,40224500,40301500,77000
4943,chr10,40261500,40380500,119000
4967,chr10,40880500,41086500,206000
4973,chr10,40893500,41086500,193000
5002,chr10,41686500,41762500,76000
5023,chr10,44244500,44404500,160000
5026,chr10,44268500,44334500,66000
5027,chr10,44268500,44359500,91000
5028,chr10,44268500,44404500,136000
5031,chr10,44410500,44615500,205000
5067,chr10,41990500,42161500,171000
5076,chr10,42185500,42584500,399000
5088,chr10,42459500,42637500,178000
5097,chr10,42879500,43050500,171000
5103,chr10,43086500,43297500,211000
5104,chr10,43087500,43284500,197000
5108,chr10,43191500,43254500,63000
5124,chr10,43452500,43814500,362000
5142,chr10,51430500,51532500,102000
5147,chr10,57340500,57447500,107000
5158,chr10,52004500,52262500,258000
5174,chr10,53505500,53626500,121000
5198,chr10,58283500,58368500,85000
5204,chr10,58396500,58510500,114000
5213,chr10,58945500,58985500,40000
5235,chr10,59189500,59652500,463000
5265,chr10,59287500,59623500,336000
5268,chr10,59312500,59489500,177000
5270,chr10,59319500,59602500,283000
5277,chr10,59340500,59580500,240000
5278,chr10,59343500,59598500,255000
5279,chr10,59353500,59677500,324000
5291,chr10,59775500,59902500,127000
5292,chr10,59788500,59838500,50000
5295,chr10,61558500,62004500,446000
5303,chr10,61942500,62078500,136000
5304,chr10,62023500,62218500,195000
5305,chr10,62098500,62323500,225000
5306,chr10,62164500,62246500,82000
5307,chr10,62175500,62322500,147000
5309,chr10,62336500,62425500,89000
5310,chr10,62414500,62486500,72000
5316,chr10,62455500,62606500,151000
5317,chr10,62473500,62587500,114000
5325,chr10,62627500,62783500,156000
5327,chr10,62629500,62815500,186000
5329,chr10,62732500,62817500,85000
5330,chr10,62732500,62859500,127000
5338,chr10,62989500,63124500,135000
5349,chr10,59960500,60081500,121000
5359,chr10,60185500,60590500,405000
5372,chr10,60278500,60591500,313000
5378,chr10,60317500,60449500,132000
5379,chr10,60317500,60532500,215000
5383,chr10,60367500,60468500,101000
5387,chr10,60522500,60902500,380000
5401,chr10,60983500,61219500,236000
5403,chr10,60984500,61151500,167000
5408,chr10,61036500,61109500,73000
5409,chr10,61036500,61253500,217000
5411,chr10,61073500,61252500,179000
5412,chr10,61110500,61253500,143000
5413,chr10,61151500,61237500,86000
5414,chr10,61178500,61253500,75000
5421,chr10,61287500,61484500,197000
5422,chr10,61287500,61516500,229000
5424,chr10,61327500,61530500,203000
5425,chr10,61328500,61458500,130000
5430,chr10,61580500,61814500,234000
5432,chr10,61618500,61946500,328000
5433,chr10,61619500,61814500,195000
5438,chr10,61666500,61764500,98000
5446,chr10,61818500,61891500,73000
5458,chr10,66542500,66626500,84000
5463,chr10,66689500,67082500,393000
5470,chr10,66748500,66885500,137000
5478,chr10,66804500,66917500,113000
5483,chr10,66839500,66962500,123000
5484,chr10,66863500,66935500,72000
5485,chr10,66886500,66934500,48000
5488,chr10,67083500,67147500,64000
5492,chr10,67121500,67372500,251000
5507,chr10,67183500,67601500,418000
5508,chr10,67184500,67559500,375000
5512,chr10,67260500,67369500,109000
5518,chr10,67371500,67640500,269000
5519,chr10,67371500,67695500,324000
5527,chr10,67933500,67966500,33000
5545,chr10,69704500,70090500,386000
5546,chr10,69705500,70041500,336000
5547,chr10,69859500,70023500,164000
5548,chr10,69932500,70080500,148000
5549,chr10,69932500,70128500,196000
5555,chr10,70139500,70399500,260000
5572,chr10,70576500,70676500,100000
5576,chr10,70833500,71054500,221000
5577,chr10,70929500,71007500,78000
5583,chr10,67926500,68119500,193000
5584,chr10,67974500,68015500,41000
5586,chr10,67994500,68162500,168000
5592,chr10,68047500,68117500,70000
5599,chr10,68217500,68314500,97000
5607,chr10,68313500,68389500,76000
5630,chr10,68742500,68840500,98000
5633,chr10,68814500,68937500,123000
5637,chr10,69022500,69157500,135000
5638,chr10,69048500,69143500,95000
5641,chr10,69188500,69408500,220000
5643,chr10,69235500,69490500,255000
5652,chr10,69695500,69931500,236000
5653,chr10,69706500,69933500,227000
5655,chr10,69726500,69760500,34000
5657,chr10,69744500,69931500,187000
5675,chr10,75402500,75671500,269000
5677,chr10,75422500,75601500,179000
5679,chr10,75422500,75730500,308000
5683,chr10,75471500,75669500,198000
5684,chr10,75471500,75689500,218000
5686,chr10,75484500,75717500,233000
5687,chr10,75485500,75600500,115000
5689,chr10,75509500,75801500,292000
5690,chr10,75600500,75772500,172000
5703,chr10,75843500,75953500,110000
5705,chr10,75859500,75934500,75000
5708,chr10,75899500,75953500,54000
5713,chr10,75843500,76038500,195000
5715,chr10,75896500,76066500,170000
5717,chr10,75955500,76064500,109000
5740,chr10,76181500,76367500,186000
5741,chr10,76185500,76348500,163000
5744,chr10,76277500,76367500,90000
5746,chr10,76315500,76566500,251000
5784,chr10,76869500,77095500,226000
5785,chr10,76918500,76964500,46000
5786,chr10,76943500,77184500,241000
5788,chr10,76967500,77058500,91000
5801,chr10,77254500,77351500,97000
5806,chr10,77352500,77738500,386000
5809,chr10,77354500,77561500,207000
5810,chr10,77353500,77751500,398000
5814,chr10,77380500,77426500,46000
5815,chr10,77380500,77716500,336000
5821,chr10,77440500,77589500,149000
5824,chr10,77464500,77752500,288000
5837,chr10,79729500,80000500,271000
5838,chr10,79744500,80002500,258000
5839,chr10,79761500,80082500,321000
5841,chr10,79762500,80099500,337000
5842,chr10,79762500,80177500,415000
5843,chr10,79821500,80083500,262000
5844,chr10,79821500,80098500,277000
5846,chr10,79951500,80000500,49000
5848,chr10,79981500,80082500,101000
5849,chr10,79984500,80098500,114000
5861,chr10,80099500,80269500,170000
5862,chr10,80100500,80235500,135000
5867,chr10,80212500,80358500,146000
5868,chr10,80213500,80394500,181000
5872,chr10,80234500,80413500,179000
5873,chr10,80235500,80426500,191000
5874,chr10,80234500,80458500,224000
5883,chr10,80243500,80539500,296000
5891,chr10,80270500,80413500,143000
5892,chr10,80270500,80426500,156000
5893,chr10,80270500,80458500,188000
5894,chr10,80270500,80537500,267000
5897,chr10,80283500,80497500,214000
5901,chr10,80343500,80522500,179000
5902,chr10,80400500,80496500,96000
5904,chr10,80413500,80457500,44000
5906,chr10,80413500,80590500,177000
5916,chr10,80512500,80662500,150000
5922,chr10,80591500,80633500,42000
5927,chr10,80634500,80873500,239000
5928,chr10,80648500,80865500,217000
5935,chr10,80699500,80865500,166000
5936,chr10,80701500,80885500,184000
5947,chr10,80874500,81012500,138000
5950,chr10,80908500,81011500,103000
5957,chr10,81017500,81157500,140000
5960,chr10,81032500,81201500,169000
5961,chr10,81035500,81151500,116000
5963,chr10,81061500,81279500,218000
5966,chr10,81125500,81362500,237000
5969,chr10,81214500,81380500,166000
5971,chr10,81319500,81387500,68000
5973,chr10,81338500,81386500,48000
5974,chr10,81339500,81440500,101000
5982,chr10,81884500,81963500,79000
6000,chr10,78046500,78228500,182000
6002,chr10,78082500,78274500,192000
6009,chr10,78300500,78410500,110000
6035,chr10,78959500,79004500,45000
6059,chr10,79417500,79485500,68000
6060,chr10,79431500,79519500,88000
6063,chr10,79518500,79602500,84000
6065,chr10,79541500,79601500,60000
6066,chr10,79568500,79648500,80000
6068,chr10,79602500,79690500,88000
6076,chr10,79690500,79744500,54000
6082,chr10,79701500,79895500,194000
6086,chr10,79744500,79976500,232000
6088,chr10,79762500,79950500,188000
6094,chr10,79821500,79888500,67000
6098,chr10,79888500,79985500,97000
6112,chr10,82014500,82077500,63000
6129,chr10,82534500,82736500,202000
6133,chr10,82762500,83034500,272000
6136,chr10,83034500,83346500,312000
6137,chr10,83060500,83190500,130000
6138,chr10,83087500,83453500,366000
6169,chr10,83379500,83483500,104000
6201,chr10,88238500,88368500,130000
6210,chr10,88388500,88613500,225000
6225,chr10,88720500,88817500,97000
6230,chr10,89269500,89465500,196000
6233,chr10,89522500,89568500,46000
6243,chr10,85857500,86300500,443000
6246,chr10,85900500,86193500,293000
6258,chr10,86136500,86271500,135000
6296,chr10,87511500,87690500,179000
6302,chr10,87763500,87805500,42000
6377,chr10,83855500,84254500,399000
6392,chr10,83915500,84078500,163000
6399,chr10,83971500,84197500,226000
6410,chr10,84276500,84369500,93000
6414,chr10,84369500,84412500,43000
6422,chr10,84544500,84822500,278000
6423,chr10,84565500,84821500,256000
6424,chr10,84566500,84847500,281000
6426,chr10,84566500,84881500,315000
6428,chr10,84594500,84822500,228000
6430,chr10,84672500,84820500,148000
6431,chr10,84782500,84965500,183000
6432,chr10,84807500,84990500,183000
6438,chr10,84938500,85020500,82000
6441,chr10,84989500,85463500,474000
6449,chr10,85057500,85289500,232000
6461,chr10,85167500,85223500,56000
6463,chr10,85171500,85516500,345000
6464,chr10,85187500,85459500,272000
6466,chr10,85223500,85343500,120000
6467,chr10,85223500,85434500,211000
6473,chr10,85269500,85392500,123000
6474,chr10,85272500,85489500,217000
6478,chr10,85291500,85513500,222000
6479,chr10,85293500,85390500,97000
6483,chr10,85397500,85459500,62000
6536,chr10,90918500,90959500,41000
6543,chr10,91004500,91042500,38000
6544,chr10,91004500,91072500,68000
6558,chr10,91206500,91281500,75000
6559,chr10,91218500,91356500,138000
6569,chr10,96454500,96495500,41000
6570,chr10,96454500,96588500,134000
6573,chr10,96467500,96588500,121000
6574,chr10,96787500,96845500,58000
6617,chr10,93127500,93307500,180000
6621,chr10,93162500,93198500,36000
6625,chr10,93289500,93425500,136000
6627,chr10,93410500,93613500,203000
6640,chr10,93730500,93952500,222000
6641,chr10,93847500,93991500,144000
6646,chr10,94061500,94297500,236000
6647,chr10,94216500,94297500,81000
6649,chr10,94503500,94786500,283000
6655,chr10,94577500,94795500,218000
6665,chr10,94828500,95143500,315000
6674,chr10,94895500,95253500,358000
6676,chr10,94897500,95314500,417000
6679,chr10,94993500,95254500,261000
6680,chr10,94995500,95269500,274000
6682,chr10,95125500,95311500,186000
6685,chr10,95250500,95338500,88000
6686,chr10,95251500,95350500,99000
6690,chr10,95336500,95728500,392000
6697,chr10,95433500,95725500,292000
6699,chr10,95555500,95598500,43000
6701,chr10,95710500,95916500,206000
6711,chr10,102335500,102658500,323000
6725,chr10,105412500,105551500,139000
6747,chr10,108168500,108281500,113000
6751,chr10,112065500,112105500,40000
6760,chr10,110581500,110756500,175000
6765,chr10,110631500,110845500,214000
6779,chr10,110943500,111061500,118000
6782,chr10,111213500,111310500,97000
6784,chr10,111216500,111268500,52000
6791,chr10,111341500,111507500,166000
6793,chr10,111475500,111792500,317000
6794,chr10,111505500,111761500,256000
6798,chr10,115151500,115196500,45000
6830,chr10,116300500,116730500,430000
6840,chr10,116534500,116625500,91000
6842,chr10,116785500,116899500,114000
6884,chr10,117729500,117788500,59000
6896,chr10,120080500,120731500,651000
6902,chr10,120093500,120401500,308000
6919,chr10,120267500,120402500,135000
6921,chr10,120313500,120402500,89000
6924,chr10,120447500,120700500,253000
6925,chr10,120712500,120870500,158000
6927,chr10,120735500,120814500,79000
6932,chr10,120869500,121061500,192000
6937,chr10,120960500,121091500,131000
6939,chr10,121146500,121186500,40000
6942,chr10,121215500,121365500,150000
6949,chr10,121425500,121459500,34000
6953,chr10,121476500,121691500,215000
6972,chr10,118278500,118343500,65000
6981,chr10,118442500,118604500,162000
7021,chr10,119769500,119927500,158000
7049,chr10,125752500,125803500,51000
7086,chr10,122644500,122730500,86000
7088,chr10,122748500,122821500,73000
7099,chr10,126077500,126142500,65000
7126,chr10,126815500,126914500,99000
7130,chr10,126916500,127002500,86000
7131,chr10,126958500,127149500,191000
7133,chr10,126960500,127064500,104000
7138,chr10,127023500,127125500,102000
7145,chr10,127069500,127147500,78000
7157,chr10,127315500,127392500,77000
7158,chr10,127346500,127457500,111000
7164,chr10,127405500,127507500,102000
7172,chr10,127476500,127709500,233000
7183,chr10,127503500,127872500,369000
7206,chr10,127623500,127688500,65000
7209,chr10,127663500,127747500,84000
7211,chr10,127708500,127746500,38000
7219,chr10,127882500,127954500,72000
7223,chr10,127924500,127961500,37000
7231,chr10,127905500,128023500,118000
7235,chr10,127929500,128047500,118000
7236,chr10,127929500,128107500,178000
7237,chr10,127930500,128137500,207000
7241,chr10,128030500,128067500,37000
7247,chr10,128173500,128329500,156000
7248,chr10,128174500,128246500,72000
7251,chr10,128213500,128245500,32000
7252,chr10,128245500,128371500,126000
7253,chr10,128246500,128292500,46000
7254,chr10,128246500,128331500,85000
7257,chr10,128331500,128401500,70000
7263,chr10,128462500,128532500,70000
7264,chr10,128584500,128657500,73000
7267,chr10,128641500,128725500,84000
7268,chr10,128641500,128746500,105000
7313,chr11,3240500,3358500,118000
7318,chr11,3403500,3599500,196000
7319,chr11,3406500,3736500,330000
7321,chr11,3485500,3646500,161000
7322,chr11,3485500,3864500,379000
7324,chr11,3664500,3755500,91000
7355,chr11,8537500,8585500,48000
7372,chr11,3863500,4045500,182000
7375,chr11,3979500,4030500,51000
7377,chr11,4045500,4168500,123000
7384,chr11,4170500,4276500,106000
7393,chr11,4276500,4371500,95000
7394,chr11,4299500,4400500,101000
7403,chr11,4544500,4587500,43000
7412,chr11,4655500,4800500,145000
7413,chr11,4684500,4771500,87000
7414,chr11,4684500,4816500,132000
7415,chr11,4697500,4898500,201000
7416,chr11,4799500,4897500,98000
7417,chr11,4834500,4925500,91000
7418,chr11,4851500,4925500,74000
7420,chr11,4923500,5016500,93000
7437,chr11,5110500,5402500,292000
7441,chr11,5240500,5578500,338000
7444,chr11,5324500,5400500,76000
7447,chr11,5419500,5728500,309000
7458,chr11,5600500,5694500,94000
7462,chr11,5787500,5904500,117000
7463,chr11,5830500,5862500,32000
7465,chr11,5828500,6150500,322000
7480,chr11,5990500,6073500,83000
7481,chr11,6016500,6149500,133000
7483,chr11,6150500,6241500,91000
7486,chr11,6242500,6316500,74000
7487,chr11,6242500,6339500,97000
7493,chr11,6386500,6596500,210000
7497,chr11,6414500,6579500,165000
7498,chr11,6414500,6597500,183000
7511,chr11,6862500,6955500,93000
7519,chr11,7231500,7481500,250000
7522,chr11,7374500,7483500,109000
7530,chr11,16655500,16797500,142000
7531,chr11,16702500,16821500,119000
7571,chr11,11772500,11987500,215000
7574,chr11,11855500,11893500,38000
7582,chr11,19310500,19434500,124000
7583,chr11,19773500,19996500,223000
7590,chr11,24739500,24801500,62000
7602,chr11,19799500,20063500,264000
7603,chr11,19872500,20062500,190000
7605,chr11,20063500,20151500,88000
7609,chr11,20083500,20195500,112000
7617,chr11,20153500,20197500,44000
7631,chr11,20397500,20624500,227000
7642,chr11,20743500,21046500,303000
7651,chr11,20971500,21128500,157000
7655,chr11,21141500,21208500,67000
7666,chr11,21668500,21900500,232000
7693,chr11,22557500,22922500,365000
7697,chr11,22581500,22790500,209000
7701,chr11,22628500,22905500,277000
7707,chr11,22749500,22809500,60000
7708,chr11,22809500,22922500,113000
7731,chr11,23030500,23206500,176000
7733,chr11,23032500,23070500,38000
7737,chr11,23101500,23211500,110000
7742,chr11,23234500,23438500,204000
7745,chr11,23583500,23615500,32000
7747,chr11,23721500,23845500,124000
7795,chr11,30218500,30441500,223000
7797,chr11,30442500,30599500,157000
7811,chr11,31622500,31934500,312000
7814,chr11,31666500,31899500,233000
7820,chr11,32091500,32273500,182000
7831,chr11,32274500,32583500,309000
7832,chr11,32399500,32437500,38000
7834,chr11,32482500,32592500,110000
7837,chr11,32577500,32644500,67000
7853,chr11,33130500,33460500,330000
7889,chr11,34163500,34686500,523000
7894,chr11,34243500,34700500,457000
7897,chr11,34263500,34629500,366000
7898,chr11,34287500,34595500,308000
7901,chr11,34320500,34613500,293000
7902,chr11,34330500,34666500,336000
7904,chr11,34363500,34595500,232000
7963,chr11,35258500,35495500,237000
7966,chr11,35298500,35583500,285000
7967,chr11,35494500,35583500,89000
7968,chr11,35594500,35744500,150000
7971,chr11,35661500,35892500,231000
7982,chr11,43155500,43239500,84000
7983,chr11,43240500,43302500,62000
7985,chr11,43386500,43458500,72000
7986,chr11,43419500,43641500,222000
8022,chr11,49527500,49761500,234000
8025,chr11,49578500,49760500,182000
8026,chr11,49603500,49685500,82000
8028,chr11,49685500,49737500,52000
8029,chr11,49716500,49760500,44000
8030,chr11,49879500,49973500,94000
8033,chr11,45835500,46056500,221000
8038,chr11,45922500,46106500,184000
8044,chr11,46518500,46635500,117000
8061,chr11,43658500,44103500,445000
8076,chr11,44487500,44952500,465000
8082,chr11,44502500,44855500,353000
8089,chr11,44635500,44897500,262000
8091,chr11,44638500,44754500,116000
8097,chr11,45073500,45430500,357000
8107,chr11,49876500,50052500,176000
8109,chr11,49915500,50127500,212000
8112,chr11,50052500,50152500,100000
8113,chr11,50065500,50268500,203000
8115,chr11,50101500,50216500,115000
8117,chr11,50116500,50216500,100000
8118,chr11,50127500,50181500,54000
8119,chr11,50127500,50268500,141000
8151,chr11,50659500,50830500,171000
8162,chr11,50778500,50821500,43000
8166,chr11,50807500,51111500,304000
8173,chr11,50832500,51075500,243000
8178,chr11,50867500,50943500,76000
8189,chr11,50944500,51027500,83000
8204,chr11,51180500,51455500,275000
8211,chr11,51434500,51469500,35000
8234,chr11,51647500,51747500,100000
8236,chr11,51698500,51892500,194000
8237,chr11,51697500,51988500,291000
8239,chr11,51711500,51771500,60000
8240,chr11,51711500,51988500,277000
8242,chr11,51748500,51807500,59000
8319,chr11,52114500,52188500,74000
8323,chr11,52174500,52251500,77000
8346,chr11,52313500,52968500,655000
8382,chr11,52410500,53037500,627000
8383,chr11,52412500,52904500,492000
8413,chr11,52595500,52894500,299000
8421,chr11,52877500,53036500,159000
8422,chr11,52976500,53037500,61000
8431,chr11,53176500,53220500,44000
8444,chr11,53361500,53474500,113000
8456,chr11,53534500,53758500,224000
8458,chr11,53598500,53660500,62000
8467,chr11,53782500,53870500,88000
8487,chr11,53982500,54245500,263000
8502,chr11,54189500,54369500,180000
8503,chr11,54189500,54301500,112000
8505,chr11,54247500,54425500,178000
8507,chr11,54249500,54301500,52000
8509,chr11,54594500,54930500,336000
8510,chr11,54594500,54794500,200000
8513,chr11,54770500,54948500,178000
8515,chr11,54846500,54988500,142000
8520,chr11,54977500,55276500,299000
8521,chr11,54988500,55309500,321000
8537,chr11,55427500,55916500,489000
8540,chr11,55470500,55787500,317000
8542,chr11,55498500,55573500,75000
8547,chr11,55617500,55707500,90000
8550,chr11,55664500,55882500,218000
8604,chr11,58280500,58498500,218000
8619,chr11,58758500,58794500,36000
8624,chr11,58829500,58868500,39000
8635,chr11,58987500,59122500,135000
8636,chr11,59026500,59067500,41000
8637,chr11,59054500,59118500,64000
8647,chr11,59119500,59340500,221000
8654,chr11,59340500,59396500,56000
8658,chr11,59388500,59460500,72000
8659,chr11,59396500,59700500,304000
8679,chr11,61938500,62140500,202000
8680,chr11,61939500,62193500,254000
8693,chr11,62286500,62422500,136000
8695,chr11,62287500,62466500,179000
8697,chr11,62320500,62430500,110000
8702,chr11,62348500,62430500,82000
8703,chr11,62348500,62466500,118000
8704,chr11,62348500,62493500,145000
8717,chr11,62648500,62700500,52000
8718,chr11,62680500,62769500,89000
8726,chr11,63105500,63161500,56000
8727,chr11,63105500,63240500,135000
8740,chr11,63302500,63424500,122000
8743,chr11,63314500,63570500,256000
8755,chr11,63815500,64142500,327000
8756,chr11,63852500,64108500,256000
8757,chr11,63896500,64112500,216000
8771,chr11,64610500,64781500,171000
8791,chr11,59771500,60197500,426000
8792,chr11,59784500,60067500,283000
8804,chr11,59995500,60183500,188000
8805,chr11,59996500,60112500,116000
8810,chr11,60006500,60307500,301000
8811,chr11,60007500,60243500,236000
8814,chr11,60067500,60112500,45000
8815,chr11,60067500,60307500,240000
8821,chr11,60141500,60184500,43000
8822,chr11,60141500,60229500,88000
8825,chr11,60274500,60356500,82000
8826,chr11,60274500,60403500,129000
8831,chr11,60366500,60618500,252000
8832,chr11,60428500,60769500,341000
8836,chr11,60429500,60618500,189000
8848,chr11,60618500,60769500,151000
8861,chr11,60734500,60767500,33000
8863,chr11,60769500,60822500,53000
8865,chr11,60797500,60934500,137000
8868,chr11,60821500,61065500,244000
8872,chr11,60995500,61065500,70000
8873,chr11,60995500,61111500,116000
8874,chr11,60995500,61253500,258000
8881,chr11,61037500,61278500,241000
8888,chr11,61121500,61395500,274000
8889,chr11,61157500,61299500,142000
8901,chr11,61642500,61731500,89000
8902,chr11,61652500,61745500,93000
8904,chr11,61821500,61967500,146000
8905,chr11,61841500,61892500,51000
8913,chr11,66504500,66736500,232000
8914,chr11,66795500,66991500,196000
8933,chr11,67029500,67188500,159000
8935,chr11,67751500,67812500,61000
8936,chr11,67788500,67821500,33000
8937,chr11,67788500,67854500,66000
8939,chr11,71943500,72320500,377000
8940,chr11,71943500,72455500,512000
8941,chr11,71969500,72035500,66000
8948,chr11,72157500,72204500,47000
8956,chr11,72302500,72456500,154000
8964,chr11,72499500,72580500,81000
8969,chr11,72581500,72686500,105000
8970,chr11,72686500,72938500,252000
8971,chr11,72705500,72931500,226000
8975,chr11,72963500,72998500,35000
8977,chr11,73173500,73208500,35000
8992,chr11,67857500,68322500,465000
8996,chr11,67880500,68255500,375000
8998,chr11,67895500,68005500,110000
9002,chr11,67912500,68350500,438000
9008,chr11,68249500,68297500,48000
9010,chr11,68308500,68371500,63000
9011,chr11,68322500,68371500,49000
9012,chr11,68375500,68615500,240000
9014,chr11,68455500,68731500,276000
9015,chr11,68458500,68677500,219000
9016,chr11,68582500,68744500,162000
9017,chr11,68641500,68696500,55000
9018,chr11,68745500,68790500,45000
9020,chr11,68793500,68899500,106000
9024,chr11,68861500,68897500,36000
9065,chr11,69215500,69286500,71000
9066,chr11,69215500,69309500,94000
9069,chr11,69422500,69547500,125000
9072,chr11,69471500,69522500,51000
9091,chr11,69574500,69768500,194000
9095,chr11,69649500,69887500,238000
9097,chr11,69655500,69746500,91000
9098,chr11,69694500,69792500,98000
9102,chr11,69812500,69871500,59000
9115,chr11,69965500,70092500,127000
9117,chr11,70121500,70279500,158000
9118,chr11,70122500,70397500,275000
9125,chr11,70301500,70591500,290000
9128,chr11,70318500,70589500,271000
9132,chr11,70322500,70515500,193000
9134,chr11,70342500,70560500,218000
9135,chr11,70343500,70515500,172000
9136,chr11,70365500,70651500,286000
9137,chr11,70416500,70559500,143000
9141,chr11,70520500,70706500,186000
9144,chr11,70545500,70654500,109000
9151,chr11,70561500,70667500,106000
9152,chr11,70572500,70646500,74000
9153,chr11,70861500,70894500,33000
9199,chr11,71565500,71680500,115000
9209,chr11,80166500,80315500,149000
9217,chr11,80369500,80561500,192000
9224,chr11,80780500,81043500,263000
9228,chr11,80797500,81074500,277000
9243,chr11,81536500,81862500,326000
9268,chr11,74268500,74372500,104000
9271,chr11,74540500,74661500,121000
9275,chr11,74596500,74660500,64000
9280,chr11,74699500,74738500,39000
9312,chr11,75072500,75324500,252000
9317,chr11,75352500,75422500,70000
9323,chr11,75606500,75641500,35000
9359,chr11,76347500,76399500,52000
9360,chr11,76347500,76468500,121000
9363,chr11,76545500,76630500,85000
9366,chr11,76567500,76824500,257000
9371,chr11,76630500,76785500,155000
9376,chr11,76681500,76742500,61000
9385,chr11,76791500,76824500,33000
9410,chr11,76990500,77024500,34000
9423,chr11,77105500,77199500,94000
9431,chr11,77382500,77706500,324000
9433,chr11,77418500,77520500,102000
9436,chr11,77521500,77706500,185000
9438,chr11,77563500,77683500,120000
9440,chr11,77564500,77610500,46000
9454,chr11,77874500,77923500,49000
9460,chr11,77904500,78161500,257000
9467,chr11,78345500,78401500,56000
9470,chr11,78379500,78744500,365000
9474,chr11,78403500,78441500,38000
9475,chr11,78426500,78588500,162000
9483,chr11,78451500,78669500,218000
9491,chr11,78729500,78814500,85000
9493,chr11,78747500,79104500,357000
9495,chr11,78760500,78813500,53000
9501,chr11,78864500,79145500,281000
9508,chr11,79116500,79263500,147000
9516,chr11,79480500,79853500,373000
9540,chr11,81536500,82068500,532000
9543,chr11,82132500,82443500,311000
9544,chr11,82279500,82325500,46000
9545,chr11,82279500,82510500,231000
9548,chr11,82654500,82798500,144000
9554,chr11,82687500,82779500,92000
9574,chr11,83084500,83152500,68000
9590,chr11,83705500,83923500,218000
9593,chr11,83743500,83959500,216000
9606,chr11,86206500,86353500,147000
9607,chr11,86248500,86375500,127000
9608,chr11,86250500,86327500,77000
9610,chr11,86376500,86435500,59000
9611,chr11,86408500,86545500,137000
9615,chr11,86574500,86726500,152000
9627,chr11,86678500,86765500,87000
9635,chr11,86766500,86964500,198000
9641,chr11,86927500,86963500,36000
9643,chr11,86965500,87018500,53000
9644,chr11,86979500,87015500,36000
9649,chr11,87297500,87332500,35000
9655,chr11,87483500,87627500,144000
9656,chr11,87485500,87642500,157000
9658,chr11,87520500,87662500,142000
9666,chr11,87735500,87845500,110000
9674,chr11,87858500,88053500,195000
9675,chr11,87858500,88126500,268000
9696,chr11,87990500,88053500,63000
9715,chr11,88177500,88664500,487000
9719,chr11,88207500,88675500,468000
9727,chr11,88280500,88645500,365000
9730,chr11,88361500,88700500,339000
9733,chr11,88403500,88712500,309000
9734,chr11,88404500,88530500,126000
9735,chr11,88424500,88582500,158000
9741,chr11,88740500,88865500,125000
9742,chr11,88754500,88865500,111000
9743,chr11,88754500,88950500,196000
9744,chr11,88757500,88794500,37000
9757,chr11,88827500,88865500,38000
9764,chr11,88991500,89055500,64000
9765,chr11,88991500,89069500,78000
9768,chr11,89056500,89296500,240000
9776,chr11,89314500,89631500,317000
9789,chr11,84020500,84070500,50000
9802,chr11,84156500,84320500,164000
9821,chr11,84415500,84613500,198000
9823,chr11,84551500,84618500,67000
9837,chr11,84810500,84905500,95000
9845,chr11,85032500,85072500,40000
9846,chr11,85031500,85243500,212000
9849,chr11,85074500,85202500,128000
9852,chr11,85125500,85243500,118000
9864,chr11,85642500,85714500,72000
9867,chr11,85740500,85863500,123000
9877,chr11,93777500,93845500,68000
9878,chr11,93847500,93886500,39000
9885,chr11,90280500,90528500,248000
9891,chr11,93846500,94103500,257000
9899,chr11,94102500,94212500,110000
9901,chr11,94103500,94166500,63000
9902,chr11,94127500,94295500,168000
9903,chr11,94127500,94439500,312000
9904,chr11,94169500,94439500,270000
9906,chr11,94195500,94436500,241000
9914,chr11,94621500,94861500,240000
9916,chr11,94676500,94760500,84000
9918,chr11,94735500,95079500,344000
9919,chr11,94741500,94827500,86000
9921,chr11,94881500,94932500,51000
9922,chr11,94882500,94967500,85000
9935,chr11,95202500,95305500,103000
9938,chr11,95228500,95405500,177000
9942,chr11,95275500,95558500,283000
9944,chr11,95288500,95370500,82000
9946,chr11,95304500,95557500,253000
9954,chr11,95676500,95830500,154000
9955,chr11,95677500,95923500,246000
9956,chr11,95677500,95744500,67000
9958,chr11,95750500,95897500,147000
9959,chr11,95749500,95967500,218000
9962,chr11,95767500,95846500,79000
9965,chr11,95816500,95924500,108000
9966,chr11,95843500,95922500,79000
9973,chr11,95897500,95955500,58000
9979,chr11,95985500,96047500,62000
9980,chr11,95984500,96089500,105000
9982,chr11,95984500,96184500,200000
9996,chr11,96094500,96142500,48000
10018,chr11,96169500,96300500,131000
10035,chr11,96198500,96545500,347000
10043,chr11,96238500,96565500,327000
10045,chr11,96248500,96443500,195000
10047,chr11,96252500,96609500,357000
10050,chr11,96270500,96538500,268000
10051,chr11,96303500,96442500,139000
10053,chr11,96330500,96513500,183000
10054,chr11,96377500,96565500,188000
10056,chr11,96444500,96564500,120000
10057,chr11,96463500,96564500,101000
10058,chr11,96463500,96576500,113000
10062,chr11,96603500,96752500,149000
10067,chr11,96807500,96868500,61000
10069,chr11,96873500,97068500,195000
10070,chr11,96963500,97067500,104000
10074,chr11,97079500,97170500,91000
10080,chr11,97323500,97515500,192000
10083,chr11,97423500,97466500,43000
10084,chr11,97450500,97512500,62000
10090,chr11,97592500,97690500,98000
10094,chr11,97642500,97906500,264000
10097,chr11,97683500,97827500,144000
10098,chr11,97684500,97731500,47000
10099,chr11,97691500,97915500,224000
10107,chr11,97791500,97826500,35000
10108,chr11,97827500,97893500,66000
10110,chr11,97829500,97862500,33000
10113,chr11,101876500,102137500,261000
10146,chr11,102378500,102581500,203000
10151,chr11,102629500,102743500,114000
10152,chr11,102630500,102663500,33000
10153,chr11,102630500,102755500,125000
10155,chr11,102648500,102939500,291000
10157,chr11,102709500,102881500,172000
10160,chr11,102816500,102883500,67000
10161,chr11,102867500,103049500,182000
10171,chr11,103224500,103529500,305000
10175,chr11,103292500,103354500,62000
10177,chr11,103451500,103488500,37000
10179,chr11,103589500,103845500,256000
10183,chr11,103530500,104086500,556000
10185,chr11,103640500,104023500,383000
10187,chr11,103700500,104024500,324000
10191,chr11,103879500,104023500,144000
10195,chr11,104022500,104062500,40000
10196,chr11,104022500,104086500,64000
10197,chr11,104087500,104169500,82000
10199,chr11,104181500,104351500,170000
10200,chr11,104181500,104221500,40000
10202,chr11,104229500,104313500,84000
10203,chr11,104265500,104311500,46000
10214,chr11,104598500,104871500,273000
10219,chr11,104656500,104994500,338000
10227,chr11,104912500,104995500,83000
10233,chr11,105162500,105235500,73000
10254,chr11,105512500,105798500,286000
10256,chr11,105818500,105859500,41000
10262,chr11,105893500,105966500,73000
10285,chr11,99939500,100105500,166000
10296,chr11,100266500,100425500,159000
10299,chr11,100317500,100362500,45000
10300,chr11,100418500,100603500,185000
10302,chr11,100461500,100651500,190000
10313,chr11,100605500,100651500,46000
10316,chr11,100628500,100973500,345000
10320,chr11,100684500,100915500,231000
10324,chr11,100861500,101065500,204000
10328,chr11,100959500,101068500,109000
10330,chr11,100985500,101206500,221000
10338,chr11,101358500,101442500,84000
10342,chr11,101495500,101548500,53000
10346,chr11,101519500,101623500,104000
10348,chr11,101654500,101705500,51000
10352,chr11,101877500,101944500,67000
10364,chr11,98156500,98263500,107000
10370,chr11,98187500,98477500,290000
10377,chr11,98234500,98329500,95000
10378,chr11,98234500,98459500,225000
10381,chr11,98332500,98547500,215000
10383,chr11,98446500,98525500,79000
10384,chr11,98497500,98546500,49000
10386,chr11,98552500,98677500,125000
10390,chr11,98590500,98653500,63000
10394,chr11,98686500,98829500,143000
10395,chr11,98686500,98853500,167000
10401,chr11,98867500,99097500,230000
10408,chr11,98898500,99015500,117000
10412,chr11,98956500,99001500,45000
10413,chr11,98956500,99040500,84000
10414,chr11,99080500,99137500,57000
10418,chr11,99304500,99464500,160000
10438,chr11,99420500,99896500,476000
10446,chr11,99457500,99743500,286000
10449,chr11,99480500,99871500,391000
10470,chr11,112671500,113012500,341000
10477,chr11,113092500,113539500,447000
10481,chr11,113293500,113505500,212000
10486,chr11,113599500,113642500,43000
10494,chr11,110256500,110374500,118000
10512,chr11,111650500,111697500,47000
10514,chr11,105834500,106107500,273000
10515,chr11,105835500,106050500,215000
10520,chr11,105975500,106050500,75000
10521,chr11,105976500,106083500,107000
10522,chr11,106051500,106084500,33000
10523,chr11,106051500,106107500,56000
10532,chr11,106165500,106281500,116000
10544,chr11,106365500,106641500,276000
10546,chr11,106378500,106503500,125000
10570,chr11,106742500,106819500,77000
10572,chr11,106815500,106862500,47000
10600,chr11,107167500,107224500,57000
10601,chr11,107213500,107269500,56000
10606,chr11,107577500,107685500,108000
10637,chr11,107956500,108189500,233000
10641,chr11,107975500,108300500,325000
10645,chr11,108103500,108308500,205000
10646,chr11,108234500,108315500,81000
10690,chr11,108447500,108511500,64000
10693,chr11,108473500,108510500,37000
10715,chr11,108780500,109013500,233000
10716,chr11,108780500,108921500,141000
10724,chr11,109221500,109475500,254000
10732,chr11,109688500,109751500,63000
10733,chr11,109764500,109846500,82000
10750,chr11,113747500,114212500,465000
10759,chr11,113792500,114222500,430000
10772,chr11,113960500,114362500,402000
10776,chr11,114113500,114249500,136000
10789,chr11,114636500,114769500,133000
10793,chr11,114682500,114741500,59000
10805,chr11,115053500,115186500,133000
10809,chr11,115213500,115364500,151000
10810,chr11,115249500,115331500,82000
10812,chr11,115304500,115365500,61000
10813,chr11,115304500,115427500,123000
10814,chr11,115318500,115364500,46000
10816,chr11,115374500,115429500,55000
10824,chr11,115445500,115751500,306000
10829,chr11,115455500,115705500,250000
10838,chr11,115523500,115773500,250000
10840,chr11,115539500,115591500,52000
10842,chr11,115925500,115961500,36000
10847,chr11,115979500,116110500,131000
10853,chr11,116071500,116370500,299000
10857,chr11,116209500,116519500,310000
10860,chr11,116259500,116336500,77000
10869,chr11,116391500,116483500,92000
10871,chr11,116425500,116517500,92000
10872,chr11,116445500,116700500,255000
10874,chr11,116516500,116734500,218000
10879,chr11,116534500,116584500,50000
10882,chr11,116563500,116733500,170000
10890,chr11,116632500,116923500,291000
10896,chr11,116743500,116972500,229000
10901,chr11,116776500,116808500,32000
10902,chr11,116809500,117068500,259000
10912,chr11,117004500,117066500,62000
10920,chr11,117129500,117203500,74000
10928,chr11,117274500,117651500,377000
10931,chr11,117289500,117649500,360000
10933,chr11,117305500,117500500,195000
10934,chr11,117306500,117714500,408000
10936,chr11,117325500,117564500,239000
10937,chr11,117500500,117544500,44000
10942,chr11,117701500,117739500,38000
10947,chr11,117804500,117981500,177000
10954,chr11,117761500,118160500,399000
10956,chr11,117994500,118258500,264000
10963,chr11,118181500,118309500,128000
10966,chr11,118209500,118259500,50000
10970,chr11,118313500,118381500,68000
10972,chr11,118337500,118382500,45000
10973,chr11,118337500,118531500,194000
10975,chr11,118398500,118631500,233000
10976,chr11,118399500,118865500,466000
10979,chr11,118526500,118866500,340000
10981,chr11,118667500,118864500,197000
10982,chr11,118802500,118865500,63000
10983,chr11,118889500,118972500,83000
10984,chr11,118889500,119080500,191000
10987,chr11,118914500,118946500,32000
10988,chr11,118914500,118977500,63000
10991,chr11,118982500,119079500,97000
10994,chr11,119126500,119295500,169000
10995,chr11,119129500,119281500,152000
10998,chr11,119139500,119295500,156000
11009,chr11,119196500,119253500,57000
11010,chr11,119196500,119326500,130000
11017,chr11,119231500,119326500,95000
11031,chr11,119394500,119473500,79000
11032,chr11,119395500,119883500,488000
11034,chr11,119477500,119787500,310000
11035,chr11,119516500,119774500,258000
11036,chr11,119921500,119991500,70000
11042,chr11,119831500,120058500,227000
11043,chr11,119833500,120041500,208000
11045,chr11,120000500,120172500,172000
11046,chr11,120041500,120122500,81000
11049,chr11,120051500,120099500,48000
11051,chr11,120059500,120123500,64000
11059,chr11,120244500,120315500,71000
11060,chr11,120268500,120374500,106000
11066,chr11,120328500,120373500,45000
11068,chr11,120358500,120488500,130000
11071,chr11,120376500,120488500,112000
11086,chr11,120489500,120523500,34000
11087,chr11,120489500,120564500,75000
11099,chr11,120554500,120743500,189000
11100,chr11,120564500,120714500,150000
11106,chr11,120674500,120823500,149000
11114,chr11,120778500,120932500,154000
11118,chr11,120824500,120881500,57000
11119,chr11,120841500,120881500,40000
11126,chr11,121150500,121279500,129000
11128,chr11,121246500,121311500,65000
11129,chr11,121245500,121343500,98000
11132,chr11,121279500,121311500,32000
11138,chr11,121345500,121562500,217000
11141,chr11,121361500,121621500,260000
11145,chr11,121367500,121543500,176000
11207,chr12,3208500,3259500,51000
11210,chr12,3260500,3409500,149000
11211,chr12,3261500,3427500,166000
11218,chr12,3477500,3622500,145000
11224,chr12,3672500,3765500,93000
11227,chr12,3712500,3831500,119000
11240,chr12,7920500,8028500,108000
11244,chr12,8163500,8228500,65000
11259,chr12,8821500,9024500,203000
11260,chr12,8821500,9080500,259000
11261,chr12,8822500,8971500,149000
11263,chr12,8939500,8986500,47000
11266,chr12,9024500,9077500,53000
11280,chr12,3832500,4130500,298000
11282,chr12,3940500,4132500,192000
11290,chr12,4133500,4443500,310000
11298,chr12,4181500,4259500,78000
11300,chr12,4183500,4527500,344000
11302,chr12,4204500,4549500,345000
11307,chr12,4257500,4598500,341000
11332,chr12,4769500,4819500,50000
11336,chr12,4820500,4891500,71000
11339,chr12,4867500,4967500,100000
11343,chr12,4929500,5022500,93000
11353,chr12,5216500,5503500,287000
11362,chr12,10270500,10306500,36000
11371,chr12,11272500,11314500,42000
11397,chr12,16618500,16804500,186000
11401,chr12,16641500,16714500,73000
11407,chr12,16769500,17104500,335000
11409,chr12,16858500,17084500,226000
11410,chr12,16858500,16982500,124000
11412,chr12,16858500,17105500,247000
11413,chr12,16861500,16944500,83000
11418,chr12,17082500,17226500,144000
11421,chr12,17083500,17249500,166000
11422,chr12,17104500,17272500,168000
11424,chr12,17606500,17740500,134000
11425,chr12,17606500,17828500,222000
11464,chr12,12744500,12990500,246000
11466,chr12,12773500,12992500,219000
11473,chr12,12891500,12988500,97000
11500,chr12,21337500,21423500,86000
11515,chr12,24681500,24751500,70000
11529,chr12,24881500,25000500,119000
11530,chr12,24895500,24997500,102000
11543,chr12,25230500,25465500,235000
11560,chr12,25370500,25430500,60000
11580,chr12,25578500,25656500,78000
11598,chr12,25679500,25725500,46000
11603,chr12,25724500,25769500,45000
11607,chr12,25733500,25790500,57000
11609,chr12,25740500,25777500,37000
11614,chr12,25780500,25847500,67000
11623,chr12,25857500,25929500,72000
11660,chr12,28686500,28724500,38000
11665,chr12,29119500,29356500,237000
11689,chr12,26465500,26519500,54000
11703,chr12,29944500,30090500,146000
11707,chr12,30319500,30383500,64000
11724,chr12,31549500,31704500,155000
11727,chr12,31791500,31929500,138000
11741,chr12,32670500,32878500,208000
11768,chr12,39619500,39663500,44000
11782,chr12,35807500,35845500,38000
11801,chr12,40967500,41044500,77000
11802,chr12,41046500,41102500,56000
11815,chr12,44376500,44499500,123000
11832,chr12,51448500,51832500,384000
11834,chr12,51463500,51617500,154000
11835,chr12,51477500,51618500,141000
11887,chr12,53501500,53564500,63000
11922,chr12,56907500,56993500,86000
11933,chr12,54039500,54107500,68000
11942,chr12,54272500,54536500,264000
11947,chr12,54879500,54986500,107000
11949,chr12,54967500,55122500,155000
11953,chr12,55362500,55646500,284000
11956,chr12,55445500,55540500,95000
11959,chr12,55479500,55611500,132000
12011,chr12,69256500,69621500,365000
12020,chr12,69419500,69728500,309000
12027,chr12,69804500,69971500,167000
12029,chr12,70131500,70281500,150000
12030,chr12,70249500,70477500,228000
12044,chr12,70542500,70873500,331000
12045,chr12,70541500,70905500,364000
12050,chr12,70558500,70873500,315000
12052,chr12,70566500,70806500,240000
12057,chr12,70647500,70958500,311000
12061,chr12,70689500,70790500,101000
12062,chr12,70689500,70876500,187000
12063,chr12,70689500,70957500,268000
12064,chr12,70690500,70908500,218000
12066,chr12,70811500,70929500,118000
12068,chr12,70873500,70955500,82000
12072,chr12,71028500,71107500,79000
12093,chr12,71321500,71624500,303000
12095,chr12,71359500,71545500,186000
12096,chr12,71374500,71518500,144000
12100,chr12,71815500,72130500,315000
12111,chr12,71856500,72058500,202000
12112,chr12,71878500,72117500,239000
12115,chr12,72117500,72284500,167000
12132,chr12,72337500,72464500,127000
12144,chr12,72741500,73023500,282000
12145,chr12,72766500,72818500,52000
12161,chr12,73071500,73304500,233000
12179,chr12,73170500,73333500,163000
12183,chr12,73203500,73567500,364000
12188,chr12,73265500,73562500,297000
12195,chr12,73497500,73563500,66000
12200,chr12,73957500,73994500,37000
12212,chr12,76063500,76224500,161000
12218,chr12,76263500,76300500,37000
12225,chr12,76339500,76387500,48000
12232,chr12,76523500,76641500,118000
12233,chr12,76543500,76850500,307000
12244,chr12,76882500,77026500,144000
12245,chr12,76931500,77011500,80000
12251,chr12,77100500,77309500,209000
12278,chr12,78621500,78666500,45000
12280,chr12,78909500,79063500,154000
12283,chr12,78965500,79218500,253000
12292,chr12,79407500,79934500,527000
12306,chr12,79659500,79828500,169000
12308,chr12,79659500,79992500,333000
12314,chr12,73978500,74059500,81000
12320,chr12,74215500,74253500,38000
12321,chr12,74216500,74294500,78000
12322,chr12,74217500,74318500,101000
12358,chr12,75373500,75419500,46000
12361,chr12,75782500,75865500,83000
12392,chr12,79657500,80013500,356000
12399,chr12,79805500,80143500,338000
12400,chr12,79855500,80157500,302000
12412,chr12,80245500,80453500,208000
12413,chr12,80246500,80370500,124000
12418,chr12,80510500,80673500,163000
12420,chr12,80544500,80719500,175000
12423,chr12,80675500,80769500,94000
12424,chr12,80690500,80805500,115000
12426,chr12,80739500,80805500,66000
12464,chr12,81666500,81771500,105000
12506,chr12,83953500,84124500,171000
12512,chr12,84035500,84085500,50000
12527,chr12,84333500,84455500,122000
12529,chr12,84364500,84497500,133000
12530,chr12,84368500,84508500,140000
12531,chr12,84409500,84454500,45000
12535,chr12,84515500,84609500,94000
12536,chr12,84516500,84636500,120000
12537,chr12,84667500,84801500,134000
12538,chr12,84701500,84865500,164000
12539,chr12,84717500,84865500,148000
12540,chr12,84718500,84923500,205000
12542,chr12,84806500,84864500,58000
12544,chr12,84819500,85017500,198000
12545,chr12,84831500,84923500,92000
12546,chr12,84919500,85079500,160000
12548,chr12,84920500,85034500,114000
12549,chr12,84921500,85018500,97000
12550,chr12,84922500,85139500,217000
12557,chr12,85190500,85236500,46000
12558,chr12,85266500,85318500,52000
12574,chr12,85428500,85730500,302000
12578,chr12,85469500,85527500,58000
12582,chr12,85555500,85709500,154000
12583,chr12,85578500,85775500,197000
12589,chr12,85895500,86344500,449000
12600,chr12,85999500,86344500,345000
12601,chr12,86000500,86157500,157000
12612,chr12,86178500,86313500,135000
12616,chr12,86185500,86626500,441000
12631,chr12,86480500,86555500,75000
12639,chr12,86555500,86660500,105000
12640,chr12,86762500,86814500,52000
12651,chr12,87195500,87246500,51000
12653,chr12,87394500,87464500,70000
12662,chr12,82118500,82490500,372000
12671,chr12,82155500,82487500,332000
12704,chr12,82887500,82974500,87000
12705,chr12,83084500,83548500,464000
12708,chr12,83133500,83468500,335000
12717,chr12,83161500,83386500,225000
12718,chr12,83161500,83426500,265000
12719,chr12,83161500,83504500,343000
12725,chr12,83277500,83542500,265000
12738,chr12,83874500,83983500,109000
12769,chr12,98611500,98683500,72000
12770,chr12,98640500,98818500,178000
12772,chr12,98725500,98781500,56000
12802,chr12,99266500,99358500,92000
12804,chr12,99329500,99530500,201000
12805,chr12,99359500,99529500,170000
12813,chr12,99530500,99594500,64000
12814,chr12,99575500,99785500,210000
12820,chr12,99866500,100072500,206000
12822,chr12,99887500,100072500,185000
12827,chr12,100096500,100388500,292000
12836,chr12,100150500,100387500,237000
12840,chr12,100167500,100207500,40000
12841,chr12,100168500,100259500,91000
12846,chr12,100664500,100788500,124000
12897,chr12,104076500,104371500,295000
12912,chr12,104417500,104729500,312000
12917,chr12,104494500,104895500,401000
12918,chr12,104549500,104906500,357000
12919,chr12,104577500,104903500,326000
12922,chr12,104683500,104904500,221000
12924,chr12,104763500,104864500,101000
12925,chr12,104778500,104903500,125000
12934,chr12,104976500,105190500,214000
12938,chr12,104994500,105071500,77000
12939,chr12,104994500,105112500,118000
12950,chr12,105039500,105111500,72000
12951,chr12,105038500,105140500,102000
12953,chr12,105041500,105224500,183000
12958,chr12,105069500,105394500,325000
12981,chr12,105156500,105223500,67000
12988,chr12,105168500,105451500,283000
12996,chr12,105203500,105393500,190000
13000,chr12,105228500,105393500,165000
13006,chr12,105303500,105421500,118000
13007,chr12,105398500,105575500,177000
13026,chr12,105613500,105779500,166000
13062,chr12,102007500,102317500,310000
13066,chr12,102140500,102242500,102000
13088,chr12,102466500,102564500,98000
13094,chr12,102488500,102564500,76000
13100,chr12,102520500,102669500,149000
13101,chr12,102520500,102699500,179000
13104,chr12,102545500,102722500,177000
13106,chr12,102564500,102699500,135000
13108,chr12,102648500,102699500,51000
13114,chr12,102710500,102844500,134000
13124,chr12,102844500,102915500,71000
13126,chr12,103110500,103208500,98000
13127,chr12,103291500,103460500,169000
13129,chr12,103392500,103531500,139000
13132,chr12,103531500,103609500,78000
13146,chr12,103962500,103996500,34000
13147,chr12,105949500,106068500,119000
13161,chr12,108173500,108477500,304000
13163,chr12,108298500,108495500,197000
13164,chr12,108328500,108478500,150000
13174,chr12,108945500,109280500,335000
13177,chr12,108990500,109359500,369000
13179,chr12,109009500,109359500,350000
13206,chr12,109997500,110212500,215000
13207,chr12,109998500,110243500,245000
13215,chr12,110068500,110336500,268000
13218,chr12,110103500,110306500,203000
13219,chr12,110117500,110306500,189000
13220,chr12,110137500,110336500,199000
13223,chr12,110176500,110337500,161000
13240,chr12,110413500,110662500,249000
13244,chr12,110419500,110613500,194000
13246,chr12,110438500,110805500,367000
13248,chr12,110448500,110557500,109000
13266,chr12,110814500,110958500,144000
13273,chr12,110944500,111240500,296000
13275,chr12,110957500,111132500,175000
13276,chr12,110958500,111005500,47000
13277,chr12,110959500,111240500,281000
13280,chr12,111005500,111239500,234000
13282,chr12,111240500,111411500,171000
13284,chr12,111240500,111379500,139000
13285,chr12,111240500,111396500,156000
13286,chr12,111241500,111469500,228000
13292,chr12,111368500,111446500,78000
13295,chr12,111505500,111540500,35000
13299,chr12,111584500,111696500,112000
13302,chr12,111679500,111725500,46000
13306,chr12,111723500,111875500,152000
13308,chr12,111734500,111817500,83000
13310,chr12,111746500,111844500,98000
13339,chr12,111845500,112106500,261000
13362,chr12,112045500,112439500,394000
13370,chr12,112081500,112418500,337000
13374,chr12,112094500,112556500,462000
13377,chr12,112111500,112554500,443000
13378,chr12,112113500,112570500,457000
13385,chr12,112274500,112440500,166000
13389,chr12,112643500,112892500,249000
13396,chr12,112793500,112892500,99000
13397,chr12,112839500,112965500,126000
13400,chr12,112893500,112964500,71000
13402,chr12,112965500,113038500,73000
13403,chr12,112978500,113104500,126000
13404,chr12,112990500,113066500,76000
13405,chr12,113037500,113119500,82000
13419,chr12,113251500,113323500,72000
13462,chr12,116843500,117317500,474000
13463,chr12,116868500,116961500,93000
13466,chr12,116998500,117158500,160000
13473,chr12,117098500,117178500,80000
13475,chr12,117137500,117222500,85000
13482,chr12,117367500,117548500,181000
13491,chr12,117539500,117581500,42000
13492,chr12,117551500,117667500,116000
13494,chr12,117562500,117638500,76000
13495,chr12,117582500,117670500,88000
13496,chr12,117783500,117817500,34000
13514,chr12,118468500,118816500,348000
13518,chr12,118518500,118817500,299000
13526,chr12,119240500,119278500,38000
13592,chr13,5601500,5633500,32000
13602,chr13,7628500,7660500,32000
13603,chr13,7646500,7682500,36000
13613,chr13,8961500,9018500,57000
13631,chr13,9327500,9438500,111000
13632,chr13,9359500,9517500,158000
13633,chr13,9360500,9440500,80000
13644,chr13,14129500,14213500,84000
13671,chr13,15149500,15193500,44000
13677,chr13,15326500,15393500,67000
13678,chr13,15339500,15393500,54000
13683,chr13,15638500,15888500,250000
13689,chr13,11843500,12074500,231000
13693,chr13,12225500,12287500,62000
13699,chr13,12476500,12581500,105000
13730,chr13,10201500,10247500,46000
13731,chr13,10304500,10368500,64000
13745,chr13,11037500,11109500,72000
13749,chr13,11287500,11319500,32000
13750,chr13,11778500,11890500,112000
13755,chr13,18298500,18347500,49000
13756,chr13,18400500,18436500,36000
13768,chr13,19529500,19838500,309000
13817,chr13,22117500,22179500,62000
13841,chr13,23482500,23584500,102000
13922,chr13,20320500,20366500,46000
13944,chr13,21122500,21169500,47000
13958,chr13,21546500,21662500,116000
13961,chr13,21639500,21715500,76000
13971,chr13,23957500,24465500,508000
13975,chr13,23976500,24135500,159000
14003,chr13,24296500,24377500,81000
14004,chr13,24296500,24465500,169000
14005,chr13,24298500,24437500,139000
14014,chr13,24666500,24780500,114000
14015,chr13,24684500,24800500,116000
14016,chr13,24683500,24897500,214000
14017,chr13,24703500,24897500,194000
14018,chr13,24721500,24800500,79000
14019,chr13,24905500,25103500,198000
14024,chr13,24978500,25103500,125000
14035,chr13,25204500,25239500,35000
14055,chr13,29927500,30020500,93000
14056,chr13,30025500,30268500,243000
14061,chr13,30349500,30444500,95000
14107,chr13,34187500,34315500,128000
14115,chr13,34467500,34621500,154000
14125,chr13,34893500,35044500,151000
14128,chr13,35042500,35158500,116000
14130,chr13,35061500,35158500,97000
14160,chr13,35628500,35680500,52000
14163,chr13,35680500,35736500,56000
14170,chr13,35941500,35978500,37000
14175,chr13,36039500,36088500,49000
14191,chr13,36538500,36642500,104000
14199,chr13,36819500,36860500,41000
14227,chr13,37618500,37872500,254000
14232,chr13,37704500,37872500,168000
14233,chr13,37706500,37781500,75000
14236,chr13,37619500,38038500,419000
14239,chr13,37652500,38128500,476000
14244,chr13,37726500,38128500,402000
14245,chr13,37871500,38145500,274000
14246,chr13,38010500,38149500,139000
14271,chr13,38309500,38386500,77000
14273,chr13,38388500,38529500,141000
14275,chr13,38475500,38622500,147000
14276,chr13,38526500,38646500,120000
14277,chr13,38526500,38804500,278000
14283,chr13,39428500,39485500,57000
14312,chr13,40997500,41300500,303000
14315,chr13,41021500,41151500,130000
14318,chr13,41062500,41153500,91000
14323,chr13,41155500,41402500,247000
14324,chr13,41239500,41287500,48000
14325,chr13,41239500,41436500,197000
14337,chr13,41512500,41724500,212000
14338,chr13,41512500,41758500,246000
14368,chr13,44137500,44315500,178000
14378,chr13,44458500,45105500,647000
14380,chr13,44711500,44860500,149000
14382,chr13,44788500,44873500,85000
14383,chr13,44831500,44886500,55000
14405,chr13,45216500,45626500,410000
14412,chr13,45319500,45545500,226000
14413,chr13,45320500,45565500,245000
14417,chr13,45458500,45544500,86000
14418,chr13,45459500,45528500,69000
14420,chr13,45498500,45545500,47000
14436,chr13,42329500,42728500,399000
14438,chr13,42501500,42620500,119000
14439,chr13,42604500,42650500,46000
14440,chr13,42761500,42975500,214000
14448,chr13,43325500,43655500,330000
14459,chr13,43458500,43519500,61000
14477,chr13,46130500,46229500,99000
14490,chr13,46482500,46809500,327000
14492,chr13,46571500,46797500,226000
14515,chr13,46963500,47233500,270000
14518,chr13,47130500,47164500,34000
14572,chr13,48427500,48650500,223000
14585,chr13,49121500,49301500,180000
14586,chr13,49300500,49340500,40000
14587,chr13,49479500,49553500,74000
14602,chr13,51118500,51278500,160000
14610,chr13,51578500,51772500,194000
14621,chr13,51885500,51947500,62000
14636,chr13,52011500,52305500,294000
14637,chr13,52074500,52376500,302000
14638,chr13,52100500,52339500,239000
14647,chr13,52408500,52737500,329000
14649,chr13,52418500,52508500,90000
14667,chr13,52678500,52753500,75000
14668,chr13,52692500,52736500,44000
14686,chr13,52831500,53170500,339000
14705,chr13,52966500,53137500,171000
14708,chr13,53016500,53115500,99000
14709,chr13,53033500,53135500,102000
14716,chr13,53175500,53547500,372000
14727,chr13,53275500,53367500,92000
14738,chr13,53318500,53438500,120000
14749,chr13,53581500,53918500,337000
14750,chr13,53616500,53820500,204000
14755,chr13,53841500,53919500,78000
14759,chr13,53935500,54141500,206000
14764,chr13,53967500,54141500,174000
14766,chr13,53983500,54140500,157000
14782,chr13,54313500,54370500,57000
14783,chr13,54327500,54594500,267000
14784,chr13,54328500,54474500,146000
14786,chr13,54457500,54519500,62000
14790,chr13,54713500,54834500,121000
14795,chr13,54790500,54830500,40000
14799,chr13,54840500,54937500,97000
14816,chr13,55000500,55292500,292000
14818,chr13,55038500,55325500,287000
14819,chr13,55097500,55247500,150000
14820,chr13,55206500,55326500,120000
14829,chr13,55360500,55395500,35000
14847,chr13,55510500,55747500,237000
14848,chr13,55584500,55722500,138000
14852,chr13,55750500,55876500,126000
14853,chr13,55817500,55874500,57000
14854,chr13,55841500,55875500,34000
14856,chr13,55862500,55975500,113000
14858,chr13,55875500,55978500,103000
14862,chr13,55876500,56110500,234000
14864,chr13,55906500,56111500,205000
14865,chr13,56017500,56218500,201000
14866,chr13,56019500,56110500,91000
14867,chr13,56239500,56298500,59000
14869,chr13,56314500,56414500,100000
14872,chr13,56345500,56520500,175000
14874,chr13,56427500,56701500,274000
14875,chr13,56476500,56520500,44000
14879,chr13,56623500,56848500,225000
14884,chr13,56648500,56805500,157000
14885,chr13,56649500,56882500,233000
14891,chr13,56905500,57140500,235000
14903,chr13,57158500,57215500,57000
14905,chr13,57173500,57408500,235000
14906,chr13,57191500,57406500,215000
14907,chr13,57310500,57408500,98000
14921,chr13,63799500,64191500,392000
14933,chr13,64115500,64180500,65000
14939,chr13,64310500,64422500,112000
14964,chr13,65353500,65387500,34000
14997,chr13,62913500,62984500,71000
15002,chr13,63243500,63480500,237000
15015,chr13,60016500,60412500,396000
15039,chr13,60302500,60411500,109000
15040,chr13,60379500,60440500,61000
15069,chr13,58306500,58422500,116000
15070,chr13,58306500,58702500,396000
15073,chr13,58336500,58703500,367000
15076,chr13,58363500,58422500,59000
15077,chr13,58380500,58738500,358000
15082,chr13,58446500,58620500,174000
15083,chr13,58460500,58547500,87000
15088,chr13,58550500,58662500,112000
15108,chr13,58813500,59468500,655000
15110,chr13,58827500,59494500,667000
15122,chr13,58923500,59499500,576000
15123,chr13,58929500,59350500,421000
15126,chr13,58952500,59264500,312000
15127,chr13,58953500,59429500,476000
15129,chr13,58956500,59207500,251000
15134,chr13,59704500,59971500,267000
15135,chr13,59715500,59848500,133000
15137,chr13,59730500,59988500,258000
15155,chr13,68742500,69633500,891000
15161,chr13,69533500,69633500,100000
15204,chr13,67454500,67508500,54000
15215,chr13,67632500,67674500,42000
15231,chr13,67927500,67979500,52000
15266,chr13,69999500,70043500,44000
15275,chr13,70139500,70383500,244000
15289,chr13,70232500,70376500,144000
15325,chr13,71608500,71654500,46000
15363,chr13,73494500,73531500,37000
15364,chr13,73493500,73566500,73000
15366,chr13,73615500,73752500,137000
15369,chr13,73684500,73773500,89000
15370,chr13,73897500,73970500,73000
15391,chr13,76204500,76246500,42000
15430,chr13,81674500,81789500,115000
15434,chr13,81806500,81838500,32000
15435,chr13,74210500,74450500,240000
15443,chr13,74490500,74670500,180000
15446,chr13,74498500,74611500,113000
15463,chr13,74610500,74670500,60000
15477,chr13,74787500,74919500,132000
15493,chr13,83873500,84513500,640000
15536,chr13,93966500,94315500,349000
15540,chr13,94196500,94253500,57000
15541,chr13,94225500,94313500,88000
15556,chr13,94733500,95112500,379000
15557,chr13,94785500,95015500,230000
15564,chr13,95154500,95460500,306000
15565,chr13,95462500,95671500,209000
15566,chr13,95484500,95617500,133000
15567,chr13,95512500,95671500,159000
15571,chr13,95671500,95736500,65000
15590,chr13,96269500,96524500,255000
15596,chr13,96808500,96884500,76000
15614,chr13,97061500,97200500,139000
15616,chr13,97206500,97335500,129000
15634,chr13,97396500,97575500,179000
15635,chr13,97397500,97726500,329000
15637,chr13,97419500,97621500,202000
15640,chr13,97431500,97622500,191000
15641,chr13,97432500,97572500,140000
15646,chr13,103938500,104170500,232000
15647,chr13,103984500,104184500,200000
15659,chr13,105020500,105075500,55000
15692,chr13,98503500,98596500,93000
15708,chr13,99004500,99330500,326000
15712,chr13,99028500,99113500,85000
15718,chr13,99054500,99153500,99000
15721,chr13,99071500,99306500,235000
15731,chr13,99139500,99227500,88000
15739,chr13,99580500,99975500,395000
15742,chr13,99744500,99973500,229000
15743,chr13,101874500,102781500,907000
15756,chr13,102834500,103042500,208000
15757,chr13,102882500,103207500,325000
15758,chr13,103046500,103121500,75000
15816,chr13,100248500,100528500,280000
15855,chr13,100768500,100940500,172000
15857,chr13,100787500,100881500,94000
15860,chr13,100805500,100968500,163000
15863,chr13,100866500,100969500,103000
15887,chr13,101516500,101550500,34000
15902,chr13,107781500,108024500,243000
15903,chr13,107967500,108092500,125000
15905,chr13,108119500,108177500,58000
15910,chr13,108351500,108465500,114000
15933,chr13,109753500,109855500,102000
15935,chr13,109750500,110158500,408000
15936,chr13,109959500,110157500,198000
15937,chr13,110088500,110152500,64000
15966,chr13,111119500,111170500,51000
15990,chr13,111626500,111689500,63000
16010,chr13,111945500,112056500,111000
16011,chr13,111951500,112093500,142000
16016,chr13,111991500,112314500,323000
16036,chr13,112490500,112548500,58000
16037,chr13,112490500,112575500,85000
16043,chr13,112701500,112786500,85000
16061,chr13,113007500,113058500,51000
16066,chr13,113194500,113299500,105000
16082,chr13,113430500,113754500,324000
16092,chr13,113473500,113777500,304000
16097,chr13,113542500,113648500,106000
16098,chr13,113556500,113649500,93000
16135,chr13,120218500,120251500,33000
16153,chr13,119546500,119598500,52000
16154,chr13,119566500,119598500,32000
16165,chr13,117801500,117839500,38000
16175,chr13,114014500,114265500,251000
16184,chr13,114251500,114660500,409000
16185,chr13,114265500,114660500,395000
16186,chr13,114271500,114647500,376000
16187,chr13,114294500,114596500,302000
16188,chr13,114343500,114564500,221000
16190,chr13,114384500,114478500,94000
16254,chr14,7836500,7894500,58000
16261,chr14,8349500,8456500,107000
16304,chr14,14122500,14390500,268000
16305,chr14,14123500,14206500,83000
16306,chr14,14153500,14287500,134000
16316,chr14,14374500,14505500,131000
16317,chr14,14389500,14469500,80000
16327,chr14,14516500,14618500,102000
16373,chr14,19800500,19911500,111000
16374,chr14,19830500,19863500,33000
16389,chr14,19946500,20049500,103000
16390,chr14,20027500,20117500,90000
16391,chr14,20121500,20354500,233000
16405,chr14,20193500,20375500,182000
16407,chr14,20529500,20724500,195000
16415,chr14,20817500,21067500,250000
16431,chr14,21185500,21462500,277000
16443,chr14,21218500,21442500,224000
16449,chr14,21251500,21355500,104000
16461,chr14,21495500,21792500,297000
16487,chr14,22757500,22811500,54000
16496,chr14,23309500,23373500,64000
16502,chr14,23945500,24110500,165000
16503,chr14,24054500,24304500,250000
16510,chr14,24351500,24450500,99000
16530,chr14,24646500,24848500,202000
16537,chr14,24947500,25459500,512000
16542,chr14,24969500,25627500,658000
16547,chr14,25013500,25387500,374000
16548,chr14,25016500,25459500,443000
16549,chr14,25018500,25566500,548000
16551,chr14,25027500,25498500,471000
16553,chr14,25250500,25565500,315000
16554,chr14,25318500,25604500,286000
16555,chr14,25459500,25589500,130000
16556,chr14,25459500,25694500,235000
16559,chr14,25607500,25768500,161000
16560,chr14,25608500,25695500,87000
16561,chr14,25709500,25816500,107000
16562,chr14,25710500,25800500,90000
16584,chr14,29962500,30181500,219000
16590,chr14,30437500,30547500,110000
16591,chr14,30547500,30673500,126000
16598,chr14,30849500,31194500,345000
16602,chr14,30918500,31194500,276000
16603,chr14,30928500,31059500,131000
16605,chr14,30973500,31058500,85000
16606,chr14,30973500,31216500,243000
16609,chr14,31046500,31158500,112000
16611,chr14,31058500,31216500,158000
16619,chr14,31384500,31552500,168000
16629,chr14,31755500,31798500,43000
16637,chr14,25971500,26047500,76000
16645,chr14,26097500,26156500,59000
16651,chr14,26212500,26373500,161000
16653,chr14,26301500,26359500,58000
16664,chr14,26444500,26674500,230000
16666,chr14,26590500,26692500,102000
16669,chr14,26993500,27150500,157000
16670,chr14,27058500,27150500,92000
16671,chr14,27059500,27113500,54000
16687,chr14,27382500,27462500,80000
16695,chr14,28037500,28112500,75000
16701,chr14,28734500,28810500,76000
16712,chr14,29702500,29819500,117000
16713,chr14,31923500,32042500,119000
16718,chr14,32186500,32234500,48000
16719,chr14,32186500,32320500,134000
16725,chr14,32309500,32681500,372000
16726,chr14,32331500,32755500,424000
16738,chr14,33129500,33166500,37000
16745,chr14,33829500,33930500,101000
16754,chr14,40514500,40696500,182000
16765,chr14,36674500,36755500,81000
16775,chr14,33804500,34099500,295000
16778,chr14,33957500,34084500,127000
16779,chr14,33981500,34032500,51000
16788,chr14,34156500,34272500,116000
16811,chr14,45392500,45479500,87000
16813,chr14,45555500,45588500,33000
16814,chr14,45555500,45767500,212000
16816,chr14,45565500,45669500,104000
16836,chr14,45684500,45742500,58000
16841,chr14,45789500,45895500,106000
16842,chr14,45840500,45927500,87000
16903,chr14,46804500,46940500,136000
16912,chr14,47087500,47322500,235000
16914,chr14,47106500,47266500,160000
16915,chr14,47115500,47349500,234000
16917,chr14,47312500,47463500,151000
16918,chr14,47352500,47419500,67000
16927,chr14,47518500,47635500,117000
16930,chr14,47536500,47709500,173000
16935,chr14,47551500,47650500,99000
16943,chr14,47638500,47771500,133000
16947,chr14,47784500,47926500,142000
16950,chr14,47821500,47923500,102000
16953,chr14,47835500,47986500,151000
16966,chr14,47988500,48359500,371000
16976,chr14,48453500,48559500,106000
16981,chr14,48857500,49036500,179000
16982,chr14,48858500,49222500,364000
16987,chr14,48936500,49014500,78000
16988,chr14,49367500,49408500,41000
17013,chr14,52283500,52384500,101000
17019,chr14,52335500,52449500,114000
17021,chr14,52340500,52433500,93000
17024,chr14,52434500,52516500,82000
17025,chr14,52434500,52553500,119000
17026,chr14,52435500,52541500,106000
17029,chr14,52495500,52542500,47000
17031,chr14,52517500,52577500,60000
17057,chr14,51390500,51475500,85000
17067,chr14,54465500,54580500,115000
17077,chr14,54658500,54731500,73000
17078,chr14,54755500,54813500,58000
17085,chr14,54791500,54923500,132000
17089,chr14,54806500,54905500,99000
17090,chr14,54812500,54923500,111000
17094,chr14,54822500,54938500,116000
17096,chr14,54888500,55114500,226000
17098,chr14,54889500,55023500,134000
17105,chr14,55114500,55163500,49000
17106,chr14,55114500,55330500,216000
17116,chr14,55164500,55327500,163000
17156,chr14,55386500,55694500,308000
17164,chr14,55408500,55634500,226000
17173,chr14,55456500,55566500,110000
17187,chr14,55535500,55642500,107000
17189,chr14,55561500,55655500,94000
17191,chr14,55565500,55634500,69000
17196,chr14,55734500,55817500,83000
17200,chr14,55797500,55919500,122000
17204,chr14,55829500,55983500,154000
17214,chr14,55898500,55960500,62000
17219,chr14,55920500,55996500,76000
17223,chr14,55984500,56155500,171000
17224,chr14,56020500,56076500,56000
17233,chr14,56076500,56156500,80000
17241,chr14,56194500,56249500,55000
17246,chr14,56246500,56306500,60000
17251,chr14,56336500,56540500,204000
17258,chr14,56392500,56542500,150000
17269,chr14,56552500,56635500,83000
17290,chr14,56647500,56679500,32000
17323,chr14,56810500,57015500,205000
17324,chr14,56834500,57030500,196000
17325,chr14,56836500,56904500,68000
17328,chr14,56958500,57042500,84000
17339,chr14,57294500,57341500,47000
17354,chr14,57449500,57590500,141000
17365,chr14,57903500,57983500,80000
17366,chr14,57938500,57982500,44000
17374,chr14,64019500,64286500,267000
17378,chr14,64361500,64793500,432000
17384,chr14,64391500,64724500,333000
17392,chr14,64410500,64824500,414000
17400,chr14,64472500,64779500,307000
17401,chr14,64484500,64798500,314000
17407,chr14,64670500,64714500,44000
17415,chr14,65192500,65231500,39000
17418,chr14,65407500,65541500,134000
17421,chr14,65565500,65654500,89000
17422,chr14,65565500,65811500,246000
17425,chr14,65580500,65830500,250000
17430,chr14,65834500,65980500,146000
17436,chr14,59863500,60045500,182000
17438,chr14,59881500,60198500,317000
17449,chr14,60093500,60205500,112000
17456,chr14,60156500,60253500,97000
17459,chr14,60323500,60415500,92000
17472,chr14,60739500,60989500,250000
17486,chr14,60965500,61369500,404000
17498,chr14,61038500,61209500,171000
17516,chr14,61208500,61348500,140000
17521,chr14,61568500,61803500,235000
17522,chr14,61584500,61647500,63000
17527,chr14,61809500,61919500,110000
17535,chr14,57901500,58089500,188000
17543,chr14,57912500,58077500,165000
17544,chr14,57917500,58063500,146000
17545,chr14,57919500,58035500,116000
17546,chr14,57921500,58093500,172000
17548,chr14,57932500,58036500,104000
17550,chr14,57934500,58113500,179000
17552,chr14,57965500,58112500,147000
17553,chr14,57983500,58063500,80000
17570,chr14,58527500,58610500,83000
17582,chr14,59034500,59069500,35000
17632,chr14,62017500,62144500,127000
17633,chr14,62034500,62277500,243000
17639,chr14,62140500,62280500,140000
17670,chr14,62771500,63211500,440000
17671,chr14,62781500,63176500,395000
17673,chr14,62783500,63212500,429000
17674,chr14,62792500,63175500,383000
17675,chr14,62795500,63077500,282000
17676,chr14,62816500,63204500,388000
17680,chr14,62902500,63212500,310000
17681,chr14,62903500,63178500,275000
17685,chr14,62998500,63175500,177000
17688,chr14,63118500,63175500,57000
17694,chr14,63314500,63359500,45000
17695,chr14,63326500,63516500,190000
17697,chr14,63361500,63404500,43000
17698,chr14,63360500,63482500,122000
17700,chr14,63402500,63609500,207000
17703,chr14,63431500,63492500,61000
17706,chr14,63511500,63571500,60000
17710,chr14,63697500,63737500,40000
17716,chr14,69970500,70003500,33000
17717,chr14,69970500,70042500,72000
17721,chr14,70052500,70392500,340000
17725,chr14,70078500,70454500,376000
17728,chr14,70090500,70499500,409000
17736,chr14,70130500,70274500,144000
17738,chr14,70314500,70390500,76000
17739,chr14,70316500,70443500,127000
17741,chr14,70386500,70418500,32000
17742,chr14,70386500,70648500,262000
17744,chr14,70406500,70526500,120000
17745,chr14,70405500,70648500,243000
17746,chr14,70406500,70540500,134000
17747,chr14,70482500,70648500,166000
17748,chr14,70514500,70648500,134000
17749,chr14,70526500,70588500,62000
17750,chr14,70542500,70648500,106000
17751,chr14,70588500,70680500,92000
17761,chr14,70883500,71006500,123000
17764,chr14,71095500,71187500,92000
17807,chr14,68229500,68320500,91000
17812,chr14,68274500,68362500,88000
17814,chr14,68276500,68320500,44000
17816,chr14,68289500,68371500,82000
17841,chr14,65655500,66015500,360000
17843,chr14,65834500,66032500,198000
17844,chr14,65866500,66016500,150000
17849,chr14,66218500,66319500,101000
17851,chr14,66262500,66303500,41000
17907,chr14,67449500,67665500,216000
17911,chr14,67496500,67627500,131000
17918,chr14,67954500,67999500,45000
17960,chr14,75524500,75568500,44000
17992,chr14,78293500,78391500,98000
17995,chr14,78330500,78464500,134000
17997,chr14,78440500,78524500,84000
18002,chr14,78583500,78639500,56000
18004,chr14,78639500,78687500,48000
18020,chr14,78828500,79361500,533000
18023,chr14,78850500,79345500,495000
18026,chr14,78866500,79086500,220000
18027,chr14,78870500,79264500,394000
18045,chr14,79097500,79361500,264000
18072,chr14,79752500,79800500,48000
18091,chr14,76115500,76265500,150000
18097,chr14,76248500,76348500,100000
18109,chr14,76432500,76663500,231000
18142,chr14,76836500,76979500,143000
18143,chr14,76841500,76929500,88000
18144,chr14,77075500,77107500,32000
18148,chr14,77154500,77218500,64000
18155,chr14,77801500,77861500,60000
18179,chr14,87196500,87275500,79000
18180,chr14,87282500,87347500,65000
18181,chr14,87453500,87552500,99000
18243,chr14,103867500,103932500,65000
18250,chr14,104385500,104439500,54000
18269,chr14,105970500,106137500,167000
18292,chr14,118436500,118769500,333000
18295,chr14,118458500,118550500,92000
18298,chr14,118473500,118712500,239000
18300,chr14,118552500,118806500,254000
18302,chr14,118701500,119016500,315000
18317,chr14,119174500,119244500,70000
18318,chr14,119224500,119264500,40000
18320,chr14,119263500,119358500,95000
18342,chr14,120342500,120652500,310000
18367,chr14,121209500,121515500,306000
18371,chr14,121456500,121816500,360000
18374,chr14,121497500,121827500,330000
18377,chr14,121694500,121816500,122000
18380,chr14,121857500,121990500,133000
18397,chr14,121721500,122017500,296000
18400,chr14,121871500,122014500,143000
18402,chr14,122302500,122367500,65000
18403,chr14,122302500,122487500,185000
18405,chr14,122317500,122367500,50000
18419,chr14,122462500,122642500,180000
18424,chr14,122464500,122654500,190000
18433,chr14,122494500,122579500,85000
18434,chr14,122494500,122671500,177000
18440,chr14,122515500,122654500,139000
18444,chr14,122549500,122689500,140000
18448,chr14,122579500,122654500,75000
18450,chr14,122580500,122670500,90000
18469,chr14,122713500,122771500,58000
18481,chr14,123691500,123726500,35000
18505,chr15,8149500,8325500,176000
18513,chr15,8816500,8888500,72000
18521,chr15,9231500,9275500,44000
18535,chr15,6695500,6735500,40000
18547,chr15,7509500,7842500,333000
18560,chr15,12038500,12098500,60000
18562,chr15,12118500,12322500,204000
18564,chr15,12122500,12173500,51000
18567,chr15,12197500,12231500,34000
18569,chr15,12274500,12322500,48000
18570,chr15,12274500,12355500,81000
18581,chr15,12738500,12823500,85000
18611,chr15,10449500,10483500,34000
18623,chr15,10555500,10859500,304000
18628,chr15,10633500,10688500,55000
18649,chr15,11320500,11380500,60000
18672,chr15,25429500,25796500,367000
18673,chr15,25622500,25754500,132000
18674,chr15,25624500,25691500,67000
18675,chr15,25623500,25772500,149000
18696,chr15,26214500,26302500,88000
18713,chr15,27012500,27073500,61000
18734,chr15,27648500,27883500,235000
18735,chr15,27659500,27883500,224000
18751,chr15,31453500,31530500,77000
18772,chr15,34043500,34177500,134000
18778,chr15,34238500,34307500,69000
18790,chr15,34810500,34859500,49000
18793,chr15,34966500,35292500,326000
18799,chr15,35072500,35293500,221000
18807,chr15,35487500,35543500,56000
18870,chr15,36181500,36515500,334000
18873,chr15,36306500,36373500,67000
18879,chr15,36381500,36459500,78000
18881,chr15,36543500,36578500,35000
18887,chr15,36717500,37021500,304000
18891,chr15,36757500,37058500,301000
18899,chr15,36793500,36980500,187000
18902,chr15,36970500,37020500,50000
18927,chr15,37135500,37234500,99000
18965,chr15,37440500,37907500,467000
18999,chr15,38020500,38492500,472000
19005,chr15,38079500,38246500,167000
19015,chr15,38302500,38406500,104000
19029,chr15,38869500,39061500,192000
19031,chr15,38941500,39061500,120000
19056,chr15,39320500,39448500,128000
19058,chr15,39338500,39370500,32000
19059,chr15,39338500,39447500,109000
19060,chr15,39341500,39460500,119000
19067,chr15,39510500,39678500,168000
19075,chr15,39745500,39944500,199000
19104,chr15,50764500,50827500,63000
19118,chr15,57296500,57343500,47000
19120,chr15,57463500,57856500,393000
19122,chr15,57465500,57904500,439000
19125,chr15,57508500,57723500,215000
19131,chr15,57558500,57896500,338000
19133,chr15,57561500,57688500,127000
19136,chr15,57776500,57939500,163000
19137,chr15,57839500,57940500,101000
19138,chr15,57940500,57997500,57000
19157,chr15,54935500,55420500,485000
19170,chr15,55455500,55910500,455000
19172,chr15,55516500,55908500,392000
19175,chr15,55605500,55711500,106000
19202,chr15,58002500,58219500,217000
19213,chr15,58360500,58423500,63000
19226,chr15,58602500,58743500,141000
19227,chr15,58603500,58694500,91000
19235,chr15,58805500,59187500,382000
19236,chr15,58806500,59245500,439000
19240,chr15,58819500,59257500,438000
19247,chr15,58939500,59185500,246000
19249,chr15,58953500,59186500,233000
19253,chr15,59097500,59132500,35000
19255,chr15,59152500,59186500,34000
19261,chr15,59263500,59506500,243000
19300,chr15,62781500,62855500,74000
19309,chr15,63802500,63984500,182000
19311,chr15,63816500,63984500,168000
19315,chr15,63896500,63931500,35000
19324,chr15,60633500,60692500,59000
19330,chr15,61194500,61247500,53000
19338,chr15,68809500,68918500,109000
19345,chr15,65965500,66155500,190000
19365,chr15,66912500,66967500,55000
19389,chr15,72486500,72894500,408000
19391,chr15,72659500,72867500,208000
19415,chr15,73552500,73587500,35000
19418,chr15,73705500,73779500,74000
19423,chr15,73663500,74283500,620000
19424,chr15,73665500,74359500,694000
19448,chr15,73724500,74285500,561000
19456,chr15,73771500,74321500,550000
19459,chr15,73796500,74284500,488000
19462,chr15,73819500,74367500,548000
19465,chr15,73828500,74025500,197000
19496,chr15,74058500,74411500,353000
19498,chr15,74096500,74387500,291000
19500,chr15,74390500,74593500,203000
19501,chr15,74393500,74459500,66000
19502,chr15,74411500,74593500,182000
19532,chr15,74793500,74960500,167000
19533,chr15,74796500,74839500,43000
19548,chr15,74992500,75060500,68000
19565,chr15,75154500,75241500,87000
19571,chr15,75292500,75359500,67000
19573,chr15,75341500,75532500,191000
19576,chr15,75438500,75618500,180000
19577,chr15,75488500,75550500,62000
19579,chr15,75585500,75659500,74000
19583,chr15,75619500,75781500,162000
19585,chr15,75714500,75780500,66000
19588,chr15,75781500,75853500,72000
19591,chr15,75801500,75942500,141000
19594,chr15,75906500,75961500,55000
19600,chr15,80017500,80139500,122000
19624,chr15,80173500,80375500,202000
19625,chr15,80173500,80447500,274000
19646,chr15,80331500,80577500,246000
19647,chr15,80591500,80891500,300000
19650,chr15,80782500,80830500,48000
19656,chr15,80957500,81218500,261000
19657,chr15,80958500,81185500,227000
19670,chr15,81283500,81470500,187000
19671,chr15,81283500,81547500,264000
19672,chr15,81284500,81350500,66000
19674,chr15,81300500,81549500,249000
19677,chr15,81333500,81577500,244000
19678,chr15,81350500,81406500,56000
19687,chr15,81614500,81742500,128000
19688,chr15,81614500,81756500,142000
19689,chr15,81695500,81742500,47000
19690,chr15,81695500,81756500,61000
19691,chr15,81695500,81810500,115000
19692,chr15,81743500,81847500,104000
19694,chr15,81755500,81809500,54000
19696,chr15,81822500,81897500,75000
19701,chr15,75761500,76040500,279000
19707,chr15,75853500,76063500,210000
19715,chr15,75940500,76040500,100000
19719,chr15,75962500,76063500,101000
19723,chr15,76081500,76253500,172000
19728,chr15,76115500,76178500,63000
19740,chr15,76253500,76422500,169000
19742,chr15,76254500,76403500,149000
19743,chr15,76264500,76423500,159000
19759,chr15,76405500,76553500,148000
19760,chr15,76420500,76542500,122000
19762,chr15,76435500,76713500,278000
19763,chr15,76436500,76744500,308000
19774,chr15,76524500,76764500,240000
19776,chr15,76525500,76786500,261000
19777,chr15,76531500,76587500,56000
19778,chr15,76544500,76702500,158000
19779,chr15,76544500,76810500,266000
19780,chr15,76546500,76713500,167000
19791,chr15,76703500,76809500,106000
19792,chr15,76703500,76755500,52000
19806,chr15,76870500,77227500,357000
19811,chr15,76887500,77252500,365000
19814,chr15,76926500,77209500,283000
19820,chr15,77109500,77283500,174000
19821,chr15,77142500,77220500,78000
19822,chr15,77161500,77243500,82000
19823,chr15,77175500,77243500,68000
19881,chr15,77840500,78058500,218000
19887,chr15,77951500,78004500,53000
19888,chr15,78003500,78057500,54000
19889,chr15,78058500,78289500,231000
19890,chr15,78061500,78309500,248000
19891,chr15,78064500,78224500,160000
19892,chr15,78062500,78253500,191000
19895,chr15,78141500,78306500,165000
19896,chr15,78141500,78318500,177000
19897,chr15,78141500,78431500,290000
19901,chr15,78332500,78663500,331000
19904,chr15,78416500,78466500,50000
19907,chr15,78508500,78663500,155000
19908,chr15,78663500,78732500,69000
19909,chr15,78710500,78816500,106000
19910,chr15,78711500,78827500,116000
19912,chr15,78761500,78948500,187000
19915,chr15,78783500,78912500,129000
19916,chr15,78784500,78924500,140000
19917,chr15,78786500,78956500,170000
19918,chr15,78787500,78826500,39000
19921,chr15,78801500,78848500,47000
19923,chr15,78801500,79010500,209000
19930,chr15,78868500,78911500,43000
19938,chr15,78947500,79026500,79000
19942,chr15,78960500,78992500,32000
19976,chr15,79110500,79213500,103000
19979,chr15,79113500,79287500,174000
19990,chr15,79139500,79566500,427000
19993,chr15,79143500,79398500,255000
20007,chr15,79213500,79429500,216000
20008,chr15,79212500,79489500,277000
20009,chr15,79212500,79501500,289000
20014,chr15,79215500,79351500,136000
20016,chr15,79232500,79390500,158000
20020,chr15,79287500,79572500,285000
20021,chr15,79326500,79573500,247000
20024,chr15,79363500,79569500,206000
20026,chr15,79389500,79489500,100000
20030,chr15,79419500,79564500,145000
20031,chr15,79430500,79543500,113000
20033,chr15,79431500,79488500,57000
20039,chr15,79489500,79573500,84000
20041,chr15,79542500,79950500,408000
20056,chr15,79606500,79668500,62000
20057,chr15,79626500,79897500,271000
20068,chr15,79698500,79916500,218000
20073,chr15,79717500,79897500,180000
20077,chr15,79731500,79766500,35000
20078,chr15,79731500,79896500,165000
20084,chr15,79776500,79897500,121000
20095,chr15,79897500,79948500,51000
20098,chr15,81932500,82011500,79000
20099,chr15,81949500,82144500,195000
20104,chr15,82027500,82141500,114000
20118,chr15,82151500,82955500,804000
20119,chr15,82151500,82942500,791000
20151,chr15,82203500,82942500,739000
20156,chr15,82222500,82982500,760000
20194,chr15,82305500,82650500,345000
20203,chr15,82321500,82567500,246000
20210,chr15,82341500,82638500,297000
20227,chr15,82635500,82954500,319000
20235,chr15,82724500,82921500,197000
20238,chr15,82971500,83401500,430000
20246,chr15,83092500,83383500,291000
20248,chr15,83093500,83248500,155000
20256,chr15,83183500,83216500,33000
20257,chr15,83219500,83401500,182000
20262,chr15,83384500,83642500,258000
20268,chr15,83468500,83642500,174000
20273,chr15,83518500,83938500,420000
20274,chr15,83549500,83955500,406000
20283,chr15,88204500,88276500,72000
20296,chr15,88746500,89033500,287000
20299,chr15,88748500,88959500,211000
20309,chr15,89042500,89094500,52000
20313,chr15,89095500,89199500,104000
20314,chr15,89096500,89239500,143000
20315,chr15,89199500,89239500,40000
20355,chr15,83958500,84076500,118000
20356,chr15,83958500,84167500,209000
20357,chr15,83959500,84019500,60000
20378,chr15,84097500,84144500,47000
20384,chr15,84168500,84419500,251000
20386,chr15,84197500,84497500,300000
20387,chr15,84199500,84442500,243000
20388,chr15,84233500,84497500,264000
20390,chr15,84277500,84514500,237000
20391,chr15,84278500,84498500,220000
20395,chr15,84548500,84738500,190000
20399,chr15,84564500,84874500,310000
20400,chr15,84565500,84739500,174000
20401,chr15,84605500,84808500,203000
20408,chr15,84688500,84775500,87000
20412,chr15,84807500,84920500,113000
20416,chr15,84994500,85179500,185000
20418,chr15,85016500,85464500,448000
20425,chr15,85094500,85463500,369000
20429,chr15,85150500,85394500,244000
20432,chr15,85200500,85393500,193000
20442,chr15,85517500,85696500,179000
20444,chr15,85518500,85743500,225000
20446,chr15,85555500,85619500,64000
20447,chr15,85599500,85752500,153000
20450,chr15,85615500,85990500,375000
20452,chr15,85696500,85744500,48000
20459,chr15,85600500,86008500,408000
20473,chr15,87100500,87155500,55000
20476,chr15,87510500,87715500,205000
20479,chr15,87590500,87846500,256000
20505,chr15,91493500,91594500,101000
20511,chr15,92164500,92305500,141000
20520,chr15,93182500,93474500,292000
20534,chr15,94163500,94392500,229000
20535,chr15,94241500,94361500,120000
20537,chr15,94441500,94487500,46000
20561,chr15,95664500,95868500,204000
20566,chr15,95661500,96029500,368000
20569,chr15,95994500,96269500,275000
20572,chr15,96096500,96142500,46000
20575,chr15,96220500,96288500,68000
20590,chr15,96441500,96746500,305000
20611,chr15,96746500,96833500,87000
20618,chr15,96920500,97022500,102000
20636,chr15,97134500,97479500,345000
20637,chr15,97134500,97510500,376000
20644,chr15,97185500,97554500,369000
20647,chr15,97225500,97511500,286000
20648,chr15,97244500,97490500,246000
20652,chr15,97649500,97850500,201000
20653,chr15,97681500,97850500,169000
20684,chr15,100001500,100269500,268000
20690,chr15,100086500,100179500,93000
20691,chr15,100109500,100217500,108000
20693,chr15,100127500,100202500,75000
20705,chr15,100321500,100513500,192000
20708,chr15,100392500,100497500,105000
20713,chr15,100745500,100873500,128000
20715,chr15,100746500,100894500,148000
20717,chr15,100950500,101041500,91000
20721,chr15,101046500,101083500,37000
20722,chr15,101046500,101096500,50000
20724,chr15,101108500,101213500,105000
20740,chr15,101202500,101903500,701000
20749,chr15,101238500,101319500,81000
20769,chr15,101394500,101880500,486000
20774,chr15,101429500,101612500,183000
20781,chr15,101476500,101880500,404000
20785,chr15,101497500,101882500,385000
20791,chr15,101542500,101854500,312000
20813,chr15,97901500,98050500,149000
20819,chr15,97942500,98051500,109000
20820,chr15,97955500,98051500,96000
20831,chr15,98054500,98287500,233000
20837,chr15,98104500,98177500,73000
20842,chr15,98287500,98403500,116000
20844,chr15,98421500,98547500,126000
20848,chr15,98466500,98660500,194000
20852,chr15,98507500,98675500,168000
20859,chr15,98562500,98597500,35000
20861,chr15,98564500,98685500,121000
20863,chr15,98607500,98684500,77000
20870,chr15,98719500,98891500,172000
20877,chr15,98790500,98918500,128000
20879,chr15,98792500,98953500,161000
20880,chr15,98802500,98892500,90000
20881,chr15,98815500,98890500,75000
20897,chr15,98948500,99011500,63000
20898,chr15,98948500,99038500,90000
20901,chr15,98983500,99162500,179000
20902,chr15,99000500,99096500,96000
20916,chr15,99112500,99276500,164000
20918,chr15,99138500,99275500,137000
20919,chr15,99149500,99268500,119000
20922,chr15,99181500,99276500,95000
20923,chr15,99193500,99268500,75000
20925,chr15,99224500,99367500,143000
20930,chr15,99395500,99693500,298000
20937,chr15,99551500,99600500,49000
20941,chr15,99602500,99772500,170000
20943,chr15,99623500,99772500,149000
20944,chr15,99653500,99863500,210000
20945,chr15,99670500,99773500,103000
20948,chr15,99871500,99936500,65000
20967,chr15,102112500,102155500,43000
20968,chr15,102115500,102226500,111000
20970,chr15,102147500,102225500,78000
20975,chr15,102246500,102394500,148000
20978,chr15,102262500,102329500,67000
20996,chr15,102533500,102578500,45000
20999,chr15,102602500,102829500,227000
21001,chr15,102654500,102830500,176000
21006,chr15,102693500,102827500,134000
21010,chr15,102830500,102919500,89000
21011,chr15,102845500,102906500,61000
21018,chr15,102921500,103074500,153000
21048,chr16,3095500,3150500,55000
21070,chr16,3562500,3702500,140000
21071,chr16,3562500,3821500,259000
21073,chr16,3657500,3873500,216000
21075,chr16,3665500,3726500,61000
21088,chr16,4238500,4291500,53000
21089,chr16,4238500,4377500,139000
21095,chr16,4386500,4484500,98000
21112,chr16,4582500,4731500,149000
21123,chr16,4757500,4829500,72000
21130,chr16,4782500,4964500,182000
21157,chr16,5539500,5750500,211000
21158,chr16,5602500,5737500,135000
21170,chr16,6504500,6595500,91000
21199,chr16,8330500,8455500,125000
21204,chr16,8380500,8454500,74000
21207,chr16,8555500,8610500,55000
21220,chr16,8701500,9553500,852000
21224,chr16,8754500,9813500,1059000
21244,chr16,8825500,9083500,258000
21246,chr16,8826500,9207500,381000
21247,chr16,8826500,9251500,425000
21261,chr16,8901500,8951500,50000
21262,chr16,8924500,8968500,44000
21264,chr16,8968500,9082500,114000
21265,chr16,8968500,9169500,201000
21267,chr16,9000500,9053500,53000
21271,chr16,9059500,9169500,110000
21275,chr16,9137500,9229500,92000
21279,chr16,9169500,9208500,39000
21285,chr16,9341500,9569500,228000
21294,chr16,14056500,14109500,53000
21328,chr16,15681500,15903500,222000
21339,chr16,15783500,15817500,34000
21343,chr16,15832500,15912500,80000
21350,chr16,11785500,12018500,233000
21355,chr16,12533500,12574500,41000
21367,chr16,13351500,13398500,47000
21370,chr16,13457500,13551500,94000
21380,chr16,13573500,13622500,49000
21386,chr16,13638500,13719500,81000
21391,chr16,13721500,13805500,84000
21416,chr16,13806500,13838500,32000
21423,chr16,16122500,16377500,255000
21430,chr16,16175500,16402500,227000
21431,chr16,16176500,16377500,201000
21455,chr16,16672500,16712500,40000
21467,chr16,16965500,17018500,53000
21476,chr16,17218500,17418500,200000
21478,chr16,17222500,17326500,104000
21481,chr16,17306500,17401500,95000
21487,chr16,17375500,17419500,44000
21496,chr16,17548500,17650500,102000
21498,chr16,17562500,17666500,104000
21500,chr16,17563500,17865500,302000
21504,chr16,17578500,17651500,73000
21507,chr16,17616500,17650500,34000
21508,chr16,17623500,17731500,108000
21512,chr16,17677500,17757500,80000
21513,chr16,17709500,17745500,36000
21516,chr16,17728500,17906500,178000
21517,chr16,17729500,17804500,75000
21518,chr16,17729500,17884500,155000
21523,chr16,17744500,17906500,162000
21524,chr16,17746500,17854500,108000
21538,chr16,9927500,10052500,125000
21557,chr16,10176500,10361500,185000
21568,chr16,10458500,10585500,127000
21572,chr16,10724500,10928500,204000
21574,chr16,10809500,10884500,75000
21576,chr16,10811500,10992500,181000
21580,chr16,10854500,10993500,139000
21583,chr16,10883500,11072500,189000
21584,chr16,10951500,11114500,163000
21585,chr16,10952500,10993500,41000
21586,chr16,10952500,11020500,68000
21587,chr16,10994500,11235500,241000
21597,chr16,11242500,11421500,179000
21599,chr16,11281500,11616500,335000
21610,chr16,17675500,18028500,353000
21615,chr16,17730500,18029500,299000
21617,chr16,17849500,18029500,180000
21619,chr16,17906500,18066500,160000
21634,chr16,18164500,18245500,81000
21638,chr16,18263500,18382500,119000
21642,chr16,18447500,18655500,208000
21649,chr16,18516500,18603500,87000
21662,chr16,19006500,19063500,57000
21673,chr16,20018500,20298500,280000
21674,chr16,20032500,20121500,89000
21676,chr16,20060500,20121500,61000
21681,chr16,20180500,20244500,64000
21682,chr16,20180500,20273500,93000
21694,chr16,20335500,20439500,104000
21706,chr16,20355500,20439500,84000
21707,chr16,20355500,20535500,180000
21713,chr16,20367500,20439500,72000
21716,chr16,20368500,20428500,60000
21723,chr16,20429500,20492500,63000
21725,chr16,20430500,20470500,40000
21727,chr16,20439500,20512500,73000
21741,chr16,20536500,20610500,74000
21745,chr16,20544500,20714500,170000
21786,chr16,20640500,20714500,74000
21842,chr16,21068500,21128500,60000
21843,chr16,21097500,21211500,114000
21851,chr16,21307500,21356500,49000
21858,chr16,21349500,21691500,342000
21862,chr16,21434500,21633500,199000
21866,chr16,21520500,21626500,106000
21867,chr16,21520500,21814500,294000
21868,chr16,21549500,21634500,85000
21869,chr16,21589500,21840500,251000
21871,chr16,21627500,21801500,174000
21873,chr16,21635500,21820500,185000
21874,chr16,21653500,21819500,166000
21875,chr16,21655500,21840500,185000
21877,chr16,21726500,21827500,101000
21879,chr16,21894500,21980500,86000
21883,chr16,23802500,24083500,281000
21884,chr16,23805500,24294500,489000
21903,chr16,24725500,24836500,111000
21913,chr16,25191500,25540500,349000
21920,chr16,25244500,25298500,54000
21929,chr16,21981500,22083500,102000
21931,chr16,21982500,22056500,74000
21932,chr16,22007500,22056500,49000
21934,chr16,22019500,22084500,65000
21952,chr16,22122500,22453500,331000
21958,chr16,22140500,22603500,463000
21959,chr16,22147500,22479500,332000
21962,chr16,22149500,22301500,152000
21967,chr16,22193500,22294500,101000
21973,chr16,22218500,22257500,39000
21981,chr16,22384500,22586500,202000
21984,chr16,22401500,22536500,135000
21987,chr16,22476500,22625500,149000
22025,chr16,22984500,23044500,60000
22026,chr16,23008500,23221500,213000
22027,chr16,23026500,23077500,51000
22028,chr16,23044500,23088500,44000
22029,chr16,23044500,23221500,177000
22096,chr16,29633500,29827500,194000
22097,chr16,29657500,29885500,228000
22101,chr16,27771500,27813500,42000
22104,chr16,29521500,30041500,520000
22105,chr16,29549500,30081500,532000
22108,chr16,29667500,30007500,340000
22110,chr16,29682500,30038500,356000
22111,chr16,29701500,30005500,304000
22128,chr16,30355500,30760500,405000
22129,chr16,30370500,30887500,517000
22130,chr16,30370500,30691500,321000
22131,chr16,30370500,30758500,388000
22137,chr16,30390500,30797500,407000
22142,chr16,30406500,30824500,418000
22144,chr16,30407500,30856500,449000
22146,chr16,30414500,30611500,197000
22150,chr16,30419500,30530500,111000
22153,chr16,30447500,30512500,65000
22154,chr16,30462500,30888500,426000
22155,chr16,30479500,30538500,59000
22156,chr16,30511500,30640500,129000
22159,chr16,30688500,30795500,107000
22160,chr16,30689500,30889500,200000
22163,chr16,30762500,30795500,33000
22179,chr16,31266500,31625500,359000
22182,chr16,31280500,31751500,471000
22187,chr16,31305500,31524500,219000
22202,chr16,31933500,31994500,61000
22208,chr16,31933500,32095500,162000
22215,chr16,32051500,32244500,193000
22216,chr16,32065500,32318500,253000
22217,chr16,32066500,32249500,183000
22218,chr16,32077500,32292500,215000
22219,chr16,32083500,32197500,114000
22221,chr16,32096500,32151500,55000
22237,chr16,32213500,32276500,63000
22258,chr16,32516500,32842500,326000
22262,chr16,32698500,32733500,35000
22263,chr16,32741500,32781500,40000
22265,chr16,32844500,32987500,143000
22274,chr16,33108500,33508500,400000
22276,chr16,33127500,33419500,292000
22284,chr16,33174500,33538500,364000
22332,chr16,36458500,36530500,72000
22338,chr16,37135500,37180500,45000
22341,chr16,37252500,37454500,202000
22350,chr16,33996500,34477500,481000
22351,chr16,34013500,34142500,129000
22360,chr16,34089500,34343500,254000
22376,chr16,34487500,34688500,201000
22383,chr16,34931500,35361500,430000
22391,chr16,35361500,35480500,119000
22392,chr16,35555500,35733500,178000
22393,chr16,35710500,35759500,49000
22396,chr16,35788500,35892500,104000
22413,chr16,37738500,38124500,386000
22418,chr16,37793500,38096500,303000
22421,chr16,38060500,38326500,266000
22422,chr16,38076500,38327500,251000
22424,chr16,38141500,38325500,184000
22426,chr16,38142500,38303500,161000
22441,chr16,38452500,38597500,145000
22459,chr16,48236500,48391500,155000
22460,chr16,48327500,48400500,73000
22474,chr16,49551500,49603500,52000
22476,chr16,49769500,49849500,80000
22489,chr16,42489500,42555500,66000
22496,chr16,43121500,43179500,58000
22499,chr16,43361500,43520500,159000
22505,chr16,46338500,46381500,43000
22512,chr16,43994500,44212500,218000
22513,chr16,44063500,44256500,193000
22514,chr16,44095500,44183500,88000
22517,chr16,44120500,44212500,92000
22519,chr16,44168500,44213500,45000
22528,chr16,44546500,44859500,313000
22531,chr16,44565500,44978500,413000
22556,chr16,45175500,45214500,39000
22563,chr16,55746500,55952500,206000
22616,chr16,56623500,56707500,84000
22629,chr16,56987500,57050500,63000
22630,chr16,57002500,57049500,47000
22640,chr16,57185500,57219500,34000
22660,chr16,65428500,65461500,33000
22671,chr16,58275500,58505500,230000
22688,chr16,59355500,59436500,81000
22689,chr16,59421500,59459500,38000
22734,chr16,84324500,84356500,32000
22758,chr16,88220500,88287500,67000
22768,chr16,89308500,89561500,253000
22772,chr16,89595500,89965500,370000
22774,chr16,89661500,89941500,280000
22775,chr16,89739500,89933500,194000
22776,chr16,89826500,89983500,157000
22779,chr16,90017500,90107500,90000
22798,chr16,90178500,90388500,210000
22799,chr16,90177500,90598500,421000
22801,chr16,90179500,90547500,368000
22805,chr16,90476500,90598500,122000
22806,chr16,90490500,90842500,352000
22807,chr16,90490500,90870500,380000
22808,chr16,90524500,90731500,207000
22809,chr16,90536500,90873500,337000
22810,chr16,90553500,90833500,280000
22811,chr16,90607500,90808500,201000
22812,chr16,90624500,90749500,125000
22813,chr16,90627500,90807500,180000
22814,chr16,90626500,90842500,216000
22816,chr16,90732500,90840500,108000
22825,chr16,90877500,91236500,359000
22830,chr16,90938500,91150500,212000
22831,chr16,90957500,91014500,57000
22836,chr16,91156500,91396500,240000
22837,chr16,91156500,91281500,125000
22840,chr16,91282500,91394500,112000
22841,chr16,91309500,91417500,108000
22842,chr16,91309500,91429500,120000
22843,chr16,91309500,91442500,133000
22859,chr16,91791500,91934500,143000
22864,chr16,91750500,92117500,367000
22873,chr16,92138500,92218500,80000
22936,chr16,92955500,93089500,134000
22942,chr16,93308500,93340500,32000
22953,chr16,93480500,93680500,200000
22954,chr16,93486500,93641500,155000
22979,chr16,95980500,96142500,162000
22982,chr16,96159500,96269500,110000
22984,chr16,96192500,96411500,219000
22985,chr16,96192500,96471500,279000
22990,chr16,96485500,96698500,213000
22997,chr16,96676500,97089500,413000
23006,chr16,96971500,97036500,65000
23008,chr16,97114500,97371500,257000
23011,chr16,97244500,97370500,126000
23018,chr16,97723500,97763500,40000
23019,chr16,97723500,97797500,74000
23035,chr16,93839500,94121500,282000
23037,chr16,93846500,94103500,257000
23040,chr16,93870500,94103500,233000
23044,chr16,94090500,94171500,81000
23053,chr16,94191500,94244500,53000
23054,chr16,94221500,94420500,199000
23056,chr16,94252500,94477500,225000
23057,chr16,94288500,94514500,226000
23060,chr16,94326500,94524500,198000
23065,chr16,94370500,94525500,155000
23066,chr16,94370500,94560500,190000
23067,chr16,94372500,94418500,46000
23068,chr16,94525500,94559500,34000
23086,chr16,94988500,95055500,67000
23093,chr16,95372500,95746500,374000
23115,chr16,95502500,95698500,196000
23125,chr16,95847500,95905500,58000
23135,chr16,95947500,95993500,46000
23149,chr17,3165500,3274500,109000
23150,chr17,3166500,3206500,40000
23152,chr17,3280500,3559500,279000
23153,chr17,3322500,3582500,260000
23160,chr17,6148500,6214500,66000
23171,chr17,5141500,5240500,99000
23173,chr17,5480500,5741500,261000
23174,chr17,5481500,5845500,364000
23176,chr17,5490500,5542500,52000
23179,chr17,5542500,5802500,260000
23185,chr17,7790500,8063500,273000
23209,chr17,8694500,8770500,76000
23222,chr17,8832500,8963500,131000
23223,chr17,8833500,8949500,116000
23235,chr17,8884500,8968500,84000
23236,chr17,8888500,8924500,36000
23243,chr17,8948500,9154500,206000
23281,chr17,9395500,9524500,129000
23294,chr17,9427500,9477500,50000
23304,chr17,9465500,9521500,56000
23330,chr17,9607500,9661500,54000
23367,chr17,9852500,9913500,61000
23368,chr17,9870500,9967500,97000
23373,chr17,10491500,10638500,147000
23380,chr17,10750500,10821500,71000
23381,chr17,10872500,10932500,60000
23392,chr17,11575500,11829500,254000
23398,chr17,16279500,16330500,51000
23421,chr17,17514500,17594500,80000
23440,chr17,11831500,12193500,362000
23442,chr17,12261500,12338500,77000
23443,chr17,12263500,12379500,116000
23449,chr17,12636500,12751500,115000
23493,chr17,14767500,15045500,278000
23511,chr17,14853500,15116500,263000
23514,chr17,14914500,15037500,123000
23516,chr17,14950500,15060500,110000
23517,chr17,14971500,15115500,144000
23553,chr17,15378500,15455500,77000
23556,chr17,15390500,15573500,183000
23563,chr17,15482500,15572500,90000
23565,chr17,15492500,15636500,144000
23590,chr17,15773500,15948500,175000
23606,chr17,15878500,15919500,41000
23627,chr17,23897500,23960500,63000
23638,chr17,21670500,21753500,83000
23639,chr17,21671500,21708500,37000
23649,chr17,23892500,24021500,129000
23664,chr17,24188500,24234500,46000
23672,chr17,24425500,24634500,209000
23674,chr17,24426500,24571500,145000
23694,chr17,24713500,24928500,215000
23695,chr17,24714500,24872500,158000
23696,chr17,24747500,24927500,180000
23697,chr17,24748500,24888500,140000
23699,chr17,24757500,24847500,90000
23700,chr17,24768500,24851500,83000
23705,chr17,24888500,24926500,38000
23706,chr17,24888500,24939500,51000
23712,chr17,24946500,25037500,91000
23717,chr17,24992500,25101500,109000
23721,chr17,25023500,25068500,45000
23727,chr17,25069500,25234500,165000
23733,chr17,25114500,25234500,120000
23735,chr17,25155500,25235500,80000
23736,chr17,25155500,25405500,250000
23740,chr17,25178500,25405500,227000
23749,chr17,25233500,25492500,259000
23750,chr17,25235500,25335500,100000
23778,chr17,25493500,25652500,159000
23782,chr17,25517500,25877500,360000
23788,chr17,25633500,25891500,258000
23789,chr17,25644500,25908500,264000
23794,chr17,29854500,30102500,248000
23795,chr17,29924500,30008500,84000
23805,chr17,30148500,30418500,270000
23812,chr17,30195500,30243500,48000
23839,chr17,30463500,30647500,184000
23847,chr17,30779500,30932500,153000
23852,chr17,31037500,31071500,34000
23853,chr17,31050500,31169500,119000
23854,chr17,31230500,31564500,334000
23856,chr17,31232500,31491500,259000
23861,chr17,31293500,31333500,40000
23862,chr17,31340500,31513500,173000
23863,chr17,31341500,31563500,222000
23864,chr17,31474500,31513500,39000
23877,chr17,27754500,28020500,266000
23891,chr17,27870500,28021500,151000
23894,chr17,27983500,28297500,314000
23895,chr17,28019500,28299500,280000
23902,chr17,28127500,28396500,269000
23903,chr17,28130500,28204500,74000
23906,chr17,28443500,28569500,126000
23908,chr17,28534500,28568500,34000
23913,chr17,28606500,28770500,164000
23914,chr17,28627500,28673500,46000
23916,chr17,28757500,28867500,110000
23917,chr17,28772500,28867500,95000
23922,chr17,28909500,29020500,111000
23923,chr17,28979500,29166500,187000
23924,chr17,28980500,29060500,80000
23925,chr17,28981500,29120500,139000
23926,chr17,28995500,29120500,125000
23927,chr17,28996500,29060500,64000
23931,chr17,29074500,29144500,70000
23934,chr17,29148500,29235500,87000
23937,chr17,29206500,29466500,260000
23938,chr17,29207500,29389500,182000
23951,chr17,29311500,29484500,173000
23952,chr17,29395500,29532500,137000
23957,chr17,29479500,29589500,110000
23958,chr17,29488500,29565500,77000
23960,chr17,29535500,29588500,53000
23971,chr17,29748500,29992500,244000
23972,chr17,29768500,29937500,169000
23973,chr17,29821500,29993500,172000
23974,chr17,29822500,29973500,151000
23983,chr17,31877500,32074500,197000
24000,chr17,31948500,32244500,296000
24002,chr17,31958500,32193500,235000
24005,chr17,31992500,32075500,83000
24011,chr17,32076500,32244500,168000
24016,chr17,32247500,32292500,45000
24018,chr17,32295500,32429500,134000
24024,chr17,32361500,32713500,352000
24025,chr17,32381500,32430500,49000
24026,chr17,32383500,32672500,289000
24034,chr17,32540500,32607500,67000
24039,chr17,32748500,32853500,105000
24040,chr17,32749500,32946500,197000
24052,chr17,32855500,32945500,90000
24054,chr17,32921500,33211500,290000
24057,chr17,32948500,33124500,176000
24058,chr17,32973500,33170500,197000
24059,chr17,32989500,33210500,221000
24060,chr17,33006500,33094500,88000
24061,chr17,33008500,33110500,102000
24067,chr17,33252500,33311500,59000
24093,chr17,33904500,33979500,75000
24102,chr17,25653500,26029500,376000
24108,chr17,26052500,26138500,86000
24111,chr17,26113500,26308500,195000
24115,chr17,26260500,26451500,191000
24121,chr17,26357500,26463500,106000
24126,chr17,26496500,26589500,93000
24135,chr17,26533500,26640500,107000
24137,chr17,26534500,26590500,56000
24153,chr17,26666500,27077500,411000
24158,chr17,26684500,26781500,97000
24159,chr17,26685500,26727500,42000
24160,chr17,26690500,27026500,336000
24164,chr17,26726500,26801500,75000
24165,chr17,26726500,26857500,131000
24169,chr17,26895500,26934500,39000
24174,chr17,26934500,27158500,224000
24175,chr17,26935500,26999500,64000
24180,chr17,27040500,27126500,86000
24193,chr17,27252500,27325500,73000
24199,chr17,27353500,27612500,259000
24202,chr17,27370500,27740500,370000
24213,chr17,27432500,27669500,237000
24214,chr17,27433500,27470500,37000
24223,chr17,27613500,27739500,126000
24225,chr17,27754500,27795500,41000
24226,chr17,27774500,27924500,150000
24230,chr17,27923500,27982500,59000
24261,chr17,35904500,36132500,228000
24323,chr17,36595500,36635500,40000
24362,chr17,37204500,37358500,154000
24365,chr17,37226500,37322500,96000
24370,chr17,37283500,37357500,74000
24390,chr17,33948500,34018500,70000
24397,chr17,34067500,34180500,113000
24404,chr17,34128500,34199500,71000
24419,chr17,34198500,34339500,141000
24420,chr17,34212500,34387500,175000
24425,chr17,34296500,34328500,32000
24427,chr17,34297500,34355500,58000
24431,chr17,34344500,34406500,62000
24437,chr17,34390500,34469500,79000
24438,chr17,34390500,34532500,142000
24441,chr17,34406500,34618500,212000
24448,chr17,34470500,34776500,306000
24482,chr17,34655500,34942500,287000
24507,chr17,34731500,34774500,43000
24512,chr17,34790500,34932500,142000
24514,chr17,34807500,34865500,58000
24519,chr17,34824500,35056500,232000
24521,chr17,34846500,35056500,210000
24522,chr17,34850500,35069500,219000
24536,chr17,35171500,35219500,48000
24544,chr17,35203500,35342500,139000
24547,chr17,35220500,35266500,46000
24548,chr17,35220500,35280500,60000
24552,chr17,35266500,35383500,117000
24558,chr17,35386500,35521500,135000
24577,chr17,35815500,35903500,88000
24579,chr17,35895500,35945500,50000
24593,chr17,43346500,43509500,163000
24595,chr17,43387500,43540500,153000
24602,chr17,43629500,43801500,172000
24604,chr17,43637500,43731500,94000
24605,chr17,43637500,43829500,192000
24606,chr17,43829500,43960500,131000
24616,chr17,44130500,44179500,49000
24636,chr17,45047500,45087500,40000
24663,chr17,45884500,45996500,112000
24667,chr17,45988500,46029500,41000
24668,chr17,45997500,46471500,474000
24669,chr17,45997500,46341500,344000
24678,chr17,46077500,46341500,264000
24680,chr17,46087500,46444500,357000
24681,chr17,46088500,46344500,256000
24682,chr17,46117500,46385500,268000
24683,chr17,46133500,46384500,251000
24686,chr17,46157500,46479500,322000
24687,chr17,46472500,46513500,41000
24688,chr17,46493500,46822500,329000
24692,chr17,46562500,46769500,207000
24696,chr17,46639500,46693500,54000
24699,chr17,46647500,46729500,82000
24701,chr17,46747500,46822500,75000
24702,chr17,46867500,46957500,90000
24703,chr17,46888500,46949500,61000
24704,chr17,46957500,47200500,243000
24706,chr17,47051500,47211500,160000
24714,chr17,47094500,47199500,105000
24718,chr17,47168500,47200500,32000
24737,chr17,47350500,47624500,274000
24752,chr17,47939500,48048500,109000
24762,chr17,48144500,48234500,90000
24763,chr17,48144500,48286500,142000
24764,chr17,48144500,48353500,209000
24765,chr17,48159500,48356500,197000
24780,chr17,48541500,48643500,102000
24783,chr17,48724500,48844500,120000
24785,chr17,48774500,48883500,109000
24786,chr17,48776500,49006500,230000
24789,chr17,48920500,49007500,87000
24796,chr17,49174500,49459500,285000
24797,chr17,49177500,49524500,347000
24800,chr17,49206500,49463500,257000
24809,chr17,49268500,49339500,71000
24812,chr17,49552500,49706500,154000
24813,chr17,49574500,49733500,159000
24819,chr17,54030500,54085500,55000
24835,chr17,53839500,53964500,125000
24845,chr17,50243500,50628500,385000
24848,chr17,50259500,50501500,242000
24850,chr17,50279500,50579500,300000
24871,chr17,56038500,56092500,54000
24873,chr17,56120500,56190500,70000
24882,chr17,56345500,56563500,218000
24885,chr17,56385500,56597500,212000
24886,chr17,56386500,56564500,178000
24888,chr17,56388500,56468500,80000
24896,chr17,56418500,56508500,90000
24897,chr17,56419500,56560500,141000
24902,chr17,56597500,56782500,185000
24906,chr17,56598500,56892500,294000
24913,chr17,56631500,56933500,302000
24926,chr17,56980500,57064500,84000
24927,chr17,56981500,57243500,262000
24928,chr17,57024500,57242500,218000
24929,chr17,57023500,57319500,296000
24931,chr17,57024500,57297500,273000
24932,chr17,57043500,57257500,214000
24933,chr17,57060500,57242500,182000
24935,chr17,57083500,57194500,111000
24936,chr17,57084500,57165500,81000
24937,chr17,57115500,57258500,143000
24938,chr17,57115500,57295500,180000
24941,chr17,57138500,57338500,200000
24948,chr17,57319500,57366500,47000
24953,chr17,57367500,57582500,215000
24954,chr17,57368500,57403500,35000
24955,chr17,57403500,57555500,152000
24956,chr17,57403500,57583500,180000
24957,chr17,57526500,57583500,57000
24986,chr17,58661500,58708500,47000
24992,chr17,59227500,59266500,39000
24997,chr17,65920500,66009500,89000
25000,chr17,66011500,66091500,80000
25003,chr17,66191500,66257500,66000
25006,chr17,66240500,66414500,174000
25008,chr17,66258500,66383500,125000
25015,chr17,66542500,66687500,145000
25038,chr17,70737500,70835500,98000
25039,chr17,70992500,71276500,284000
25046,chr17,71044500,71298500,254000
25050,chr17,71114500,71174500,60000
25052,chr17,71116500,71275500,159000
25054,chr17,71139500,71296500,157000
25063,chr17,71371500,71567500,196000
25064,chr17,71782500,71905500,123000
25065,chr17,71782500,71923500,141000
25068,chr17,71859500,71905500,46000
25077,chr17,68222500,68277500,55000
25093,chr17,72001500,72100500,99000
25095,chr17,72066500,72179500,113000
25103,chr17,73104500,73163500,59000
25107,chr17,73165500,73481500,316000
25131,chr17,79203500,79242500,39000
25133,chr17,79244500,79327500,83000
25150,chr17,79408500,79851500,443000
25152,chr17,79419500,79922500,503000
25153,chr17,79422500,79648500,226000
25163,chr17,79449500,79826500,377000
25198,chr17,74328500,74499500,171000
25211,chr17,75081500,75313500,232000
25212,chr17,75114500,75350500,236000
25216,chr17,79922500,80022500,100000
25224,chr17,80326500,80487500,161000
25225,chr17,80326500,80531500,205000
25228,chr17,80370500,80434500,64000
25232,chr17,80532500,80597500,65000
25236,chr17,80599500,80680500,81000
25237,chr17,80600500,80699500,99000
25238,chr17,80681500,80789500,108000
25250,chr17,80943500,81108500,165000
25252,chr17,80992500,81123500,131000
25253,chr17,81035500,81122500,87000
25265,chr17,82507500,82580500,73000
25277,chr17,83334500,83598500,264000
25282,chr17,83430500,83522500,92000
25284,chr17,83638500,83887500,249000
25285,chr17,83644500,83944500,300000
25286,chr17,83833500,83939500,106000
25294,chr17,84210500,84354500,144000
25296,chr17,84261500,84494500,233000
25300,chr17,84337500,84549500,212000
25315,chr17,85185500,85420500,235000
25322,chr17,85408500,85468500,60000
25328,chr17,85497500,85597500,100000
25330,chr17,85689500,85898500,209000
25331,chr17,85706500,85941500,235000
25354,chr17,88105500,88256500,151000
25360,chr17,88302500,88416500,114000
25362,chr17,88332500,88393500,61000
25366,chr17,88391500,88559500,168000
25368,chr17,88564500,88635500,71000
25369,chr17,88565500,88711500,146000
25372,chr17,88635500,88748500,113000
25375,chr17,88904500,88949500,45000
25379,chr17,85953500,86371500,418000
25380,chr17,85973500,86220500,247000
25395,chr17,86804500,87140500,336000
25402,chr17,86843500,87062500,219000
25405,chr17,86907500,87119500,212000
25408,chr17,87270500,87415500,145000
25409,chr17,87270500,87590500,320000
25410,chr17,87332500,87414500,82000
25412,chr17,87414500,87590500,176000
25416,chr17,87657500,87838500,181000
25419,chr17,87909500,87981500,72000
25426,chr17,93637500,93839500,202000
25428,chr17,93958500,93993500,35000
25436,chr17,91742500,91779500,37000
25445,chr18,3351500,3384500,33000
25448,chr18,3508500,3847500,339000
25455,chr18,4205500,4368500,163000
25456,chr18,4238500,4633500,395000
25460,chr18,4374500,4634500,260000
25467,chr18,4456500,4556500,100000
25479,chr18,5073500,5155500,82000
25489,chr18,5272500,5328500,56000
25542,chr18,9755500,9803500,48000
25569,chr18,6325500,6421500,96000
25577,chr18,6411500,6488500,77000
25582,chr18,6703500,6883500,180000
25598,chr18,7032500,7070500,38000
25614,chr18,7652500,7690500,38000
25634,chr18,10584500,10756500,172000
25662,chr18,14645500,14744500,99000
25676,chr18,11941500,12104500,163000
25699,chr18,12927500,13014500,87000
25701,chr18,13060500,13123500,63000
25708,chr18,13181500,13438500,257000
25725,chr18,13826500,13871500,45000
25742,chr18,20992500,21072500,80000
25760,chr18,21726500,21854500,128000
25779,chr18,23906500,24117500,211000
25789,chr18,24177500,24601500,424000
25794,chr18,24288500,24421500,133000
25801,chr18,24441500,24736500,295000
25816,chr18,24603500,24737500,134000
25827,chr18,24736500,24786500,50000
25838,chr18,25099500,25254500,155000
25839,chr18,25456500,25520500,64000
25843,chr18,25671500,25716500,45000
25844,chr18,25671500,25859500,188000
25845,chr18,25688500,25754500,66000
25851,chr18,30661500,30831500,170000
25870,chr18,31668500,31727500,59000
25871,chr18,31768500,31922500,154000
25876,chr18,26026500,26061500,35000
25886,chr18,32025500,32224500,199000
25888,chr18,32044500,32296500,252000
25893,chr18,32512500,32547500,35000
25901,chr18,32744500,32791500,47000
25920,chr18,33369500,33909500,540000
25931,chr18,33552500,33620500,68000
25938,chr18,40200500,40238500,38000
25949,chr18,38088500,38383500,295000
25955,chr18,38127500,38561500,434000
25959,chr18,38145500,38407500,262000
25963,chr18,38158500,38257500,99000
25964,chr18,38158500,38278500,120000
25967,chr18,38258500,38345500,87000
25968,chr18,38280500,38320500,40000
25970,chr18,38307500,38343500,36000
25974,chr18,38471500,38518500,47000
25981,chr18,38712500,38966500,254000
25982,chr18,38714500,39022500,308000
25990,chr18,39126500,39243500,117000
25992,chr18,39270500,39357500,87000
26013,chr18,34208500,34436500,228000
26020,chr18,34252500,34355500,103000
26022,chr18,34464500,34506500,42000
26023,chr18,34464500,34549500,85000
26024,chr18,34464500,34639500,175000
26026,chr18,34670500,34860500,190000
26032,chr18,34758500,34884500,126000
26034,chr18,34785500,34911500,126000
26036,chr18,34821500,34871500,50000
26039,chr18,34911500,35020500,109000
26071,chr18,35089500,35177500,88000
26083,chr18,35102500,35384500,282000
26086,chr18,35103500,35350500,247000
26087,chr18,35104500,35329500,225000
26098,chr18,35120500,35413500,293000
26110,chr18,35156500,35232500,76000
26116,chr18,35202500,35270500,68000
26127,chr18,35632500,35685500,53000
26139,chr18,35842500,35927500,85000
26143,chr18,35944500,35996500,52000
26147,chr18,35787500,36021500,234000
26153,chr18,35963500,36052500,89000
26155,chr18,36008500,36052500,44000
26156,chr18,36021500,36066500,45000
26158,chr18,36115500,36461500,346000
26159,chr18,36151500,36329500,178000
26161,chr18,36152500,36461500,309000
26162,chr18,36202500,36329500,127000
26163,chr18,36263500,36478500,215000
26166,chr18,36549500,36693500,144000
26167,chr18,36550500,36584500,34000
26170,chr18,36694500,36926500,232000
26207,chr18,37224500,37276500,52000
26210,chr18,37278500,37310500,32000
26213,chr18,37430500,37546500,116000
26216,chr18,37454500,37547500,93000
26220,chr18,37554500,37607500,53000
26235,chr18,37901500,37939500,38000
26241,chr18,49217500,49253500,36000
26255,chr18,42501500,42722500,221000
26270,chr18,42803500,43105500,302000
26275,chr18,43311500,43434500,123000
26278,chr18,43338500,43439500,101000
26280,chr18,43526500,43571500,45000
26288,chr18,46286500,46400500,114000
26290,chr18,46332500,46444500,112000
26312,chr18,46910500,47042500,132000
26319,chr18,47567500,47607500,40000
26320,chr18,47595500,47649500,54000
26340,chr18,45259500,45295500,36000
26342,chr18,45691500,45776500,85000
26365,chr18,53877500,53995500,118000
26367,chr18,56510500,56610500,100000
26368,chr18,56511500,56702500,191000
26370,chr18,56600500,56656500,56000
26372,chr18,56755500,56843500,88000
26373,chr18,56784500,56842500,58000
26375,chr18,56810500,56877500,67000
26379,chr18,56842500,56877500,35000
26381,chr18,56889500,57058500,169000
26383,chr18,57058500,57108500,50000
26385,chr18,57531500,58066500,535000
26414,chr18,60993500,61074500,81000
26423,chr18,61252500,61621500,369000
26437,chr18,61641500,61858500,217000
26438,chr18,61683500,61831500,148000
26446,chr18,61831500,61874500,43000
26472,chr18,64147500,64323500,176000
26476,chr18,64395500,64497500,102000
26480,chr18,64876500,65020500,144000
26482,chr18,64877500,65069500,192000
26496,chr18,65697500,65748500,51000
26527,chr18,62820500,63031500,211000
26531,chr18,62842500,62946500,104000
26533,chr18,62856500,62942500,86000
26534,chr18,62857500,62987500,130000
26537,chr18,62912500,63054500,142000
26539,chr18,63125500,63178500,53000
26540,chr18,63125500,63239500,114000
26542,chr18,63264500,63432500,168000
26558,chr18,63715500,63770500,55000
26563,chr18,63904500,63959500,55000
26566,chr18,72476500,72527500,51000
26572,chr18,73758500,73997500,239000
26573,chr18,73807500,73896500,89000
26574,chr18,73807500,73995500,188000
26576,chr18,73894500,73995500,101000
26577,chr18,73895500,73948500,53000
26578,chr18,73914500,73947500,33000
26580,chr18,70032500,70186500,154000
26620,chr18,68158500,68268500,110000
26625,chr18,68508500,68567500,59000
26663,chr18,66211500,66278500,67000
26664,chr18,66366500,66498500,132000
26665,chr18,66367500,66424500,57000
26667,chr18,66424500,66537500,113000
26668,chr18,66425500,66653500,228000
26698,chr18,67249500,67381500,132000
26705,chr18,67422500,67582500,160000
26706,chr18,67423500,67475500,52000
26712,chr18,67523500,67907500,384000
26719,chr18,67597500,67857500,260000
26721,chr18,67774500,67857500,83000
26722,chr18,67774500,67933500,159000
26744,chr18,74435500,74518500,83000
26759,chr18,74912500,75152500,240000
26774,chr18,75273500,75519500,246000
26776,chr18,75318500,75357500,39000
26778,chr18,75441500,75496500,55000
26779,chr18,75455500,75691500,236000
26785,chr18,75516500,75730500,214000
26786,chr18,75545500,75731500,186000
26787,chr18,75604500,75697500,93000
26790,chr18,75829500,75953500,124000
26791,chr18,75917500,75970500,53000
26808,chr18,80916500,80973500,57000
26817,chr18,77899500,78044500,145000
26819,chr18,77981500,78091500,110000
26820,chr18,78092500,78181500,89000
26829,chr18,75890500,76050500,160000
26832,chr18,75916500,76104500,188000
26833,chr18,75916500,76167500,251000
26835,chr18,75953500,76036500,83000
26836,chr18,75952500,76169500,217000
26837,chr18,75953500,76051500,98000
26839,chr18,75954500,76191500,237000
26842,chr18,75973500,76167500,194000
26846,chr18,76168500,76207500,39000
26876,chr18,76563500,76978500,415000
26877,chr18,76631500,76946500,315000
26897,chr18,77263500,77694500,431000
26900,chr18,77399500,77736500,337000
26902,chr18,77407500,77561500,154000
26904,chr18,77447500,77674500,227000
26905,chr18,77454500,77657500,203000
26912,chr18,77879500,77929500,50000
26913,chr18,77880500,77958500,78000
26941,chr18,84739500,84786500,47000
26944,chr18,84868500,84907500,39000
26946,chr18,84908500,84952500,44000
26962,chr18,82025500,82399500,374000
26972,chr18,82051500,82152500,101000
26985,chr18,82153500,82329500,176000
26986,chr18,82153500,82426500,273000
26987,chr18,82199500,82304500,105000
26992,chr18,82338500,82404500,66000
27000,chr18,82734500,82993500,259000
27002,chr18,82752500,83028500,276000
27004,chr18,82783500,82874500,91000
27011,chr18,82874500,82992500,118000
27024,chr18,90533500,90614500,81000
27026,chr19,3341500,3487500,146000
27028,chr19,3370500,3415500,45000
27029,chr19,3373500,3583500,210000
27031,chr19,3439500,3625500,186000
27034,chr19,3625500,3757500,132000
27037,chr19,3757500,3818500,61000
27038,chr19,3757500,3963500,206000
27041,chr19,3777500,4030500,253000
27046,chr19,3996500,4278500,282000
27049,chr19,4103500,4254500,151000
27050,chr19,4102500,4328500,226000
27051,chr19,4122500,4290500,168000
27052,chr19,4149500,4305500,156000
27053,chr19,4174500,4279500,105000
27058,chr19,4308500,4492500,184000
27060,chr19,4333500,4447500,114000
27062,chr19,4449500,4488500,39000
27066,chr19,4526500,4663500,137000
27067,chr19,4527500,4762500,235000
27073,chr19,4560500,4665500,105000
27074,chr19,4560500,4761500,201000
27082,chr19,4642500,5060500,418000
27083,chr19,4655500,5051500,396000
27087,chr19,4665500,4761500,96000
27091,chr19,4676500,4928500,252000
27092,chr19,4678500,4898500,220000
27105,chr19,4806500,4976500,170000
27115,chr19,4861500,4977500,116000
27116,chr19,4863500,4958500,95000
27121,chr19,5213500,5461500,248000
27123,chr19,5345500,5416500,71000
27124,chr19,5352500,5456500,104000
27126,chr19,5438500,5539500,101000
27128,chr19,5475500,5539500,64000
27130,chr19,5540500,5660500,120000
27131,chr19,5540500,5738500,198000
27133,chr19,5618500,5778500,160000
27134,chr19,5627500,5812500,185000
27135,chr19,5627500,5949500,322000
27136,chr19,5660500,5780500,120000
27137,chr19,5672500,5778500,106000
27151,chr19,5974500,6066500,92000
27152,chr19,5974500,6094500,120000
27153,chr19,5973500,6115500,142000
27155,chr19,5974500,6381500,407000
27157,chr19,6013500,6136500,123000
27161,chr19,6099500,6372500,273000
27163,chr19,6110500,6384500,274000
27169,chr19,6177500,6382500,205000
27172,chr19,6190500,6383500,193000
27175,chr19,6285500,6384500,99000
27188,chr19,6451500,6900500,449000
27192,chr19,6478500,6887500,409000
27193,chr19,6478500,6899500,421000
27194,chr19,6478500,6918500,440000
27198,chr19,6485500,6867500,382000
27212,chr19,6581500,6887500,306000
27213,chr19,6611500,6866500,255000
27216,chr19,6848500,6914500,66000
27219,chr19,6901500,6997500,96000
27221,chr19,6972500,7194500,222000
27223,chr19,7017500,7244500,227000
27320,chr19,14656500,15011500,355000
27331,chr19,16003500,16310500,307000
27333,chr19,16040500,16320500,280000
27337,chr19,16042500,16507500,465000
27340,chr19,16412500,16562500,150000
27341,chr19,16565500,16762500,197000
27347,chr19,17128500,17338500,210000
27373,chr19,12443500,12495500,52000
27375,chr19,12467500,12773500,306000
27380,chr19,12700500,12738500,38000
27400,chr19,9877500,10180500,303000
27405,chr19,10106500,10159500,53000
27415,chr19,10366500,10433500,67000
27417,chr19,10427500,10497500,70000
27432,chr19,10537500,10642500,105000
27444,chr19,10643500,10914500,271000
27445,chr19,10655500,10873500,218000
27447,chr19,10655500,10809500,154000
27448,chr19,10666500,10873500,207000
27450,chr19,10666500,10847500,181000
27451,chr19,10666500,10858500,192000
27462,chr19,10812500,10858500,46000
27467,chr19,10859500,10956500,97000
27473,chr19,10980500,11013500,33000
27574,chr19,11454500,11527500,73000
27585,chr19,11601500,11663500,62000
27613,chr19,11866500,11984500,118000
27630,chr19,21269500,21320500,51000
27634,chr19,18649500,18689500,40000
27646,chr19,22530500,22893500,363000
27653,chr19,22903500,23323500,420000
27655,chr19,22917500,23201500,284000
27658,chr19,22940500,23199500,259000
27659,chr19,22946500,23275500,329000
27665,chr19,23035500,23129500,94000
27670,chr19,23053500,23148500,95000
27681,chr19,23351500,23488500,137000
27682,chr19,23401500,23488500,87000
27691,chr19,23736500,23870500,134000
27708,chr19,24278500,24330500,52000
27710,chr19,24278500,24454500,176000
27728,chr19,25085500,25283500,198000
27731,chr19,25452500,25558500,106000
27765,chr19,32085500,32365500,280000
27768,chr19,32148500,32322500,174000
27769,chr19,32149500,32218500,69000
27778,chr19,32219500,32365500,146000
27780,chr19,32232500,32295500,63000
27802,chr19,28142500,28657500,515000
27808,chr19,28160500,28537500,377000
27812,chr19,28524500,28605500,81000
27817,chr19,28860500,29037500,177000
27825,chr19,28987500,29024500,37000
27833,chr19,29313500,29479500,166000
27834,chr19,29341500,29497500,156000
27845,chr19,29925500,30023500,98000
27853,chr19,30305500,30532500,227000
27858,chr19,34512500,34560500,48000
27870,chr19,35392500,35444500,52000
27871,chr19,35534500,35574500,40000
27878,chr19,35714500,35772500,58000
27896,chr19,36213500,36387500,174000
27898,chr19,36563500,36716500,153000
27904,chr19,36827500,36944500,117000
27913,chr19,36903500,36995500,92000
27921,chr19,36995500,37339500,344000
27928,chr19,37409500,37552500,143000
27932,chr19,37583500,37888500,305000
27952,chr19,40259500,40576500,317000
27953,chr19,40331500,40372500,41000
27958,chr19,40819500,41004500,185000
27959,chr19,40861500,41003500,142000
27961,chr19,40883500,41004500,121000
27964,chr19,40951500,41041500,90000
27965,chr19,41035500,41173500,138000
27967,chr19,41060500,41193500,133000
27971,chr19,41076500,41302500,226000
27979,chr19,41252500,41442500,190000
27984,chr19,41275500,41685500,410000
27988,chr19,41305500,41371500,66000
27989,chr19,41305500,41635500,330000
27991,chr19,41343500,41554500,211000
27992,chr19,41372500,41469500,97000
28002,chr19,41487500,41552500,65000
28003,chr19,41537500,41722500,185000
28004,chr19,41570500,41752500,182000
28005,chr19,41618500,41779500,161000
28006,chr19,41635500,41780500,145000
28008,chr19,41791500,41836500,45000
28011,chr19,41819500,41900500,81000
28012,chr19,41819500,41970500,151000
28032,chr19,38064500,38145500,81000
28037,chr19,38807500,38919500,112000
28068,chr19,41884500,42077500,193000
28073,chr19,41970500,42079500,109000
28075,chr19,42024500,42059500,35000
28077,chr19,42060500,42154500,94000
28083,chr19,42178500,42299500,121000
28086,chr19,42222500,42613500,391000
28089,chr19,42304500,42733500,429000
28091,chr19,42372500,42417500,45000
28092,chr19,42420500,42506500,86000
28197,chr19,43384500,43467500,83000
28210,chr19,43750500,43818500,68000
28211,chr19,45768500,46003500,235000
28216,chr19,46017500,46263500,246000
28220,chr19,46045500,46316500,271000
28234,chr19,46075500,46379500,304000
28240,chr19,46124500,46432500,308000
28244,chr19,46138500,46384500,246000
28245,chr19,46292500,46440500,148000
28246,chr19,46294500,46345500,51000
28248,chr19,46317500,46489500,172000
28253,chr19,46328500,46432500,104000
28254,chr19,46345500,46489500,144000
28255,chr19,46347500,46381500,34000
28256,chr19,46384500,46561500,177000
28260,chr19,46490500,46561500,71000
28270,chr19,46659500,47015500,356000
28275,chr19,46716500,46990500,274000
28280,chr19,46754500,46796500,42000
28281,chr19,46864500,47015500,151000
28283,chr19,46950500,47003500,53000
28284,chr19,47003500,47055500,52000
28290,chr19,47202500,47491500,289000
28297,chr19,47346500,47567500,221000
28299,chr19,47362500,47452500,90000
28303,chr19,47496500,47704500,208000
28306,chr19,47720500,47783500,63000
28315,chr19,43959500,44099500,140000
28340,chr19,44254500,44376500,122000
28341,chr19,44270500,44376500,106000
28344,chr19,44307500,44350500,43000
28351,chr19,44551500,44995500,444000
28352,chr19,44556500,44911500,355000
28354,chr19,44571500,44618500,47000
28355,chr19,44571500,44672500,101000
28360,chr19,44618500,44741500,123000
28361,chr19,44629500,44740500,111000
28363,chr19,44659500,44825500,166000
28364,chr19,44660500,44711500,51000
28366,chr19,44673500,44884500,211000
28376,chr19,44923500,45020500,97000
28384,chr19,45062500,45205500,143000
28406,chr19,45202500,45594500,392000
28412,chr19,45426500,45533500,107000
28419,chr19,45837500,45941500,104000
28424,chr19,53009500,53300500,291000
28428,chr19,53062500,53318500,256000
28429,chr19,53130500,53300500,170000
28430,chr19,53131500,53317500,186000
28434,chr19,53301500,53379500,78000
28440,chr19,53380500,53449500,69000
28441,chr19,53380500,53664500,284000
28451,chr19,53448500,53545500,97000
28475,chr19,56385500,56862500,477000
28479,chr19,56536500,56712500,176000
28481,chr19,56798500,56997500,199000
28492,chr19,53933500,54034500,101000
28501,chr19,54497500,54535500,38000
28507,chr19,55242500,55304500,62000
28513,chr19,55368500,55885500,517000
28514,chr19,55370500,55897500,527000
28515,chr19,55402500,55995500,593000
28516,chr19,55403500,55916500,513000
28519,chr19,55528500,55883500,355000
28520,chr19,55544500,55730500,186000
28521,chr19,55544500,55702500,158000
28564,chr19,60151500,60299500,148000
28565,chr19,60456500,60569500,113000
28566,chr19,60719500,61085500,366000
28568,chr19,60744500,60878500,134000
28605,chr2,4579500,4886500,307000
28607,chr2,4743500,4868500,125000
28620,chr2,5031500,5082500,51000
28625,chr2,5084500,5408500,324000
28629,chr2,5096500,5360500,264000
28640,chr2,5410500,5775500,365000
28641,chr2,5483500,5810500,327000
28646,chr2,5719500,5849500,130000
28690,chr2,11379500,11506500,127000
28698,chr2,14054500,14150500,96000
28729,chr2,13296500,13582500,286000
28750,chr2,22894500,22928500,34000
28752,chr2,23007500,23074500,67000
28788,chr2,19281500,19377500,96000
28796,chr2,19663500,19914500,251000
28800,chr2,19742500,19889500,147000
28805,chr2,20140500,20183500,43000
28807,chr2,20281500,20462500,181000
28811,chr2,20519500,20776500,257000
28812,chr2,20526500,20599500,73000
28813,chr2,20525500,20620500,95000
28816,chr2,20601500,20658500,57000
28826,chr2,20974500,21146500,172000
28827,chr2,21146500,21209500,63000
28837,chr2,24809500,24865500,56000
28839,chr2,24825500,24865500,40000
28840,chr2,24825500,25071500,246000
28843,chr2,24850500,25075500,225000
28845,chr2,24865500,25072500,207000
28848,chr2,25030500,25217500,187000
28849,chr2,25031500,25147500,116000
28850,chr2,25071500,25115500,44000
28852,chr2,25084500,25292500,208000
28854,chr2,25085500,25258500,173000
28862,chr2,25117500,25317500,200000
28864,chr2,25131500,25317500,186000
28869,chr2,25149500,25303500,154000
28872,chr2,25168500,25302500,134000
28873,chr2,25169500,25292500,123000
28880,chr2,25390500,25468500,78000
28887,chr2,25740500,25821500,81000
28894,chr2,25754500,26096500,342000
28896,chr2,25821500,26032500,211000
28904,chr2,26127500,26393500,266000
28905,chr2,26132500,26474500,342000
28906,chr2,26190500,26298500,108000
28916,chr2,26335500,26494500,159000
28921,chr2,26393500,26476500,83000
28924,chr2,26483500,26819500,336000
28931,chr2,26555500,26770500,215000
28965,chr2,26807500,26900500,93000
28968,chr2,26823500,26899500,76000
28970,chr2,26855500,26899500,44000
28984,chr2,27142500,27319500,177000
28985,chr2,27172500,27378500,206000
28986,chr2,27211500,27316500,105000
28988,chr2,27316500,27365500,49000
28990,chr2,27316500,27405500,89000
28995,chr2,27385500,27425500,40000
29011,chr2,31892500,32191500,299000
29012,chr2,31934500,32022500,88000
29013,chr2,31974500,32021500,47000
29027,chr2,32179500,32285500,106000
29029,chr2,32214500,32295500,81000
29031,chr2,32328500,32456500,128000
29034,chr2,32498500,32602500,104000
29035,chr2,32500500,32738500,238000
29036,chr2,32580500,32802500,222000
29043,chr2,32829500,32899500,70000
29047,chr2,32857500,32965500,108000
29050,chr2,32885500,33167500,282000
29055,chr2,32900500,33291500,391000
29059,chr2,32926500,33274500,348000
29065,chr2,32996500,33279500,283000
29072,chr2,33377500,33474500,97000
29080,chr2,33782500,33847500,65000
29082,chr2,29933500,30050500,117000
29083,chr2,29945500,30050500,105000
29086,chr2,29967500,30021500,54000
29087,chr2,29968500,30093500,125000
29088,chr2,29996500,30093500,97000
29093,chr2,30065500,30175500,110000
29097,chr2,30175500,30306500,131000
29101,chr2,30299500,30733500,434000
29108,chr2,30317500,30801500,484000
29118,chr2,30438500,30646500,208000
29121,chr2,30685500,30719500,34000
29123,chr2,30829500,31053500,224000
29124,chr2,30831500,31040500,209000
29125,chr2,30843500,31041500,198000
29134,chr2,31118500,31183500,65000
29136,chr2,31130500,31195500,65000
29137,chr2,31130500,31271500,141000
29149,chr2,31373500,31591500,218000
29152,chr2,31392500,31462500,70000
29155,chr2,31462500,31527500,65000
29156,chr2,31462500,31560500,98000
29161,chr2,31574500,31737500,163000
29162,chr2,31578500,31863500,285000
29163,chr2,31590500,31738500,148000
29164,chr2,31610500,31801500,191000
29184,chr2,27712500,28076500,364000
29190,chr2,27776500,28096500,320000
29195,chr2,27816500,28265500,449000
29196,chr2,27817500,28093500,276000
29203,chr2,27946500,28278500,332000
29213,chr2,28547500,28726500,179000
29214,chr2,28570500,28686500,116000
29215,chr2,28579500,28943500,364000
29244,chr2,29077500,29546500,469000
29245,chr2,29085500,29141500,56000
29246,chr2,29106500,29444500,338000
29247,chr2,29106500,29561500,455000
29251,chr2,29140500,29444500,304000
29253,chr2,29142500,29510500,368000
29255,chr2,29510500,29621500,111000
29256,chr2,29510500,29638500,128000
29259,chr2,29655500,29933500,278000
29261,chr2,29708500,29799500,91000
29262,chr2,29707500,29866500,159000
29264,chr2,29710500,29938500,228000
29266,chr2,29855500,29952500,97000
29267,chr2,29856500,29937500,81000
29281,chr2,37738500,38267500,529000
29287,chr2,37820500,38296500,476000
29300,chr2,38177500,38265500,88000
29305,chr2,38402500,38436500,34000
29306,chr2,38402500,38449500,47000
29308,chr2,38535500,38600500,65000
29309,chr2,38535500,38753500,218000
29355,chr2,37511500,37663500,152000
29383,chr2,33916500,34190500,274000
29398,chr2,34560500,34673500,113000
29405,chr2,34691500,34795500,104000
29414,chr2,34728500,34998500,270000
29418,chr2,35023500,35088500,65000
29423,chr2,35135500,35274500,139000
29425,chr2,35652500,35821500,169000
29432,chr2,45754500,45788500,34000
29438,chr2,48706500,48755500,49000
29469,chr2,52091500,52190500,99000
29471,chr2,52104500,52272500,168000
29472,chr2,52110500,52480500,370000
29474,chr2,52132500,52250500,118000
29476,chr2,52153500,52464500,311000
29478,chr2,52193500,52481500,288000
29482,chr2,52522500,52581500,59000
29483,chr2,52523500,52565500,42000
29484,chr2,52566500,52631500,65000
29487,chr2,52651500,52748500,97000
29488,chr2,52709500,52975500,266000
29489,chr2,52841500,52897500,56000
29490,chr2,53045500,53090500,45000
29507,chr2,49833500,50163500,330000
29509,chr2,49861500,50130500,269000
29534,chr2,51720500,51805500,85000
29535,chr2,51825500,51920500,95000
29552,chr2,58089500,58172500,83000
29574,chr2,58930500,59268500,338000
29580,chr2,59353500,59645500,292000
29585,chr2,59372500,59531500,159000
29593,chr2,59395500,59577500,182000
29598,chr2,59479500,59527500,48000
29599,chr2,59482500,59575500,93000
29600,chr2,59505500,59576500,71000
29601,chr2,59672500,59712500,40000
29603,chr2,59851500,59978500,127000
29604,chr2,59879500,59919500,40000
29611,chr2,65200500,65412500,212000
29630,chr2,59911500,60027500,116000
29631,chr2,59954500,60027500,73000
29639,chr2,60316500,60352500,36000
29663,chr2,61234500,61284500,50000
29683,chr2,68427500,68474500,47000
29708,chr2,69107500,69211500,104000
29718,chr2,69510500,69609500,99000
29720,chr2,69524500,69647500,123000
29726,chr2,69620500,69692500,72000
29727,chr2,69654500,69714500,60000
29730,chr2,69699500,69765500,66000
29734,chr2,71840500,72018500,178000
29736,chr2,71927500,72028500,101000
29757,chr2,72558500,72742500,184000
29784,chr2,73416500,73777500,361000
29792,chr2,73796500,73828500,32000
29811,chr2,69944500,70433500,489000
29814,chr2,69957500,70340500,383000
29816,chr2,69963500,70421500,458000
29820,chr2,69973500,70423500,450000
29821,chr2,69977500,70450500,473000
29822,chr2,69997500,70358500,361000
29825,chr2,70057500,70450500,393000
29836,chr2,70109500,70170500,61000
29839,chr2,70231500,70327500,96000
29844,chr2,70514500,70912500,398000
29848,chr2,70534500,70690500,156000
29849,chr2,70534500,70828500,294000
29851,chr2,70583500,70622500,39000
29856,chr2,70982500,71156500,174000
29857,chr2,70984500,71203500,219000
29858,chr2,70985500,71216500,231000
29859,chr2,71041500,71165500,124000
29860,chr2,71057500,71203500,146000
29861,chr2,71081500,71203500,122000
29862,chr2,71081500,71379500,298000
29863,chr2,71082500,71174500,92000
29864,chr2,71165500,71218500,53000
29880,chr2,71427500,71785500,358000
29887,chr2,71483500,71561500,78000
29891,chr2,71906500,71986500,80000
29924,chr2,76085500,76165500,80000
29926,chr2,76116500,76165500,49000
29927,chr2,76169500,76478500,309000
29946,chr2,76861500,77074500,213000
29947,chr2,76892500,77079500,187000
29953,chr2,77327500,77539500,212000
29955,chr2,77397500,77512500,115000
29989,chr2,74381500,74493500,112000
30001,chr2,74528500,74579500,51000
30010,chr2,74579500,74884500,305000
30013,chr2,74657500,74794500,137000
30016,chr2,74794500,74886500,92000
30018,chr2,74808500,74885500,77000
30020,chr2,74968500,75142500,174000
30027,chr2,75435500,75816500,381000
30028,chr2,75436500,75676500,240000
30029,chr2,75436500,75691500,255000
30041,chr2,75534500,75663500,129000
30044,chr2,75662500,75811500,149000
30045,chr2,75689500,75902500,213000
30046,chr2,75691500,75795500,104000
30051,chr2,83475500,83555500,80000
30052,chr2,83476500,83522500,46000
30057,chr2,83555500,83643500,88000
30078,chr2,84286500,84448500,162000
30085,chr2,84501500,84572500,71000
30087,chr2,84508500,84556500,48000
30088,chr2,84508500,84657500,149000
30095,chr2,84546500,84657500,111000
30100,chr2,84569500,84685500,116000
30101,chr2,84569500,84700500,131000
30105,chr2,84702500,84867500,165000
30106,chr2,84716500,84867500,151000
30107,chr2,84716500,84879500,163000
30124,chr2,90410500,90508500,98000
30127,chr2,90516500,90563500,47000
30132,chr2,90677500,90770500,93000
30139,chr2,90900500,91033500,133000
30140,chr2,90901500,91067500,166000
30143,chr2,91013500,91066500,53000
30158,chr2,91358500,91477500,119000
30162,chr2,91629500,91738500,109000
30164,chr2,91774500,91888500,114000
30168,chr2,93842500,94103500,261000
30169,chr2,93884500,94093500,209000
30171,chr2,94008500,94074500,66000
30185,chr2,91773500,92271500,498000
30188,chr2,91793500,92014500,221000
30189,chr2,91794500,92220500,426000
30191,chr2,91815500,92203500,388000
30195,chr2,91839500,92014500,175000
30196,chr2,91839500,92218500,379000
30197,chr2,91855500,92262500,407000
30200,chr2,91922500,92182500,260000
30201,chr2,92015500,92203500,188000
30204,chr2,92220500,92289500,69000
30213,chr2,92428500,92640500,212000
30214,chr2,92439500,92669500,230000
30215,chr2,92713500,92818500,105000
30222,chr2,93032500,93301500,269000
30227,chr2,93244500,93489500,245000
30232,chr2,93306500,93367500,61000
30233,chr2,93597500,93640500,43000
30234,chr2,93681500,93833500,152000
30236,chr2,93701500,93786500,85000
30242,chr2,101495500,101735500,240000
30244,chr2,101509500,101628500,119000
30245,chr2,101524500,101627500,103000
30247,chr2,101524500,101735500,211000
30248,chr2,101535500,101762500,227000
30251,chr2,101537500,101658500,121000
30260,chr2,101922500,102120500,198000
30262,chr2,102016500,102281500,265000
30275,chr2,102961500,103255500,294000
30279,chr2,103287500,103574500,287000
30299,chr2,103614500,103651500,37000
30300,chr2,103615500,103669500,54000
30332,chr2,104342500,104404500,62000
30333,chr2,104388500,104420500,32000
30336,chr2,104421500,104573500,152000
30342,chr2,104552500,104604500,52000
30343,chr2,104573500,104646500,73000
30344,chr2,104647500,104717500,70000
30364,chr2,104980500,105060500,80000
30383,chr2,105519500,105629500,110000
30393,chr2,108992500,109047500,55000
30401,chr2,110060500,110394500,334000
30423,chr2,106357500,106525500,168000
30424,chr2,106371500,106424500,53000
30438,chr2,112095500,112209500,114000
30440,chr2,112114500,112197500,83000
30442,chr2,112209500,112325500,116000
30443,chr2,112332500,112441500,109000
30470,chr2,113262500,113300500,38000
30515,chr2,116881500,116949500,68000
30517,chr2,117046500,117269500,223000
30536,chr2,118507500,118576500,69000
30537,chr2,118531500,118714500,183000
30540,chr2,118621500,118805500,184000
30543,chr2,118877500,119038500,161000
30548,chr2,119067500,119308500,241000
30551,chr2,119090500,119356500,266000
30553,chr2,119119500,119308500,189000
30561,chr2,119167500,119376500,209000
30562,chr2,119168500,119267500,99000
30566,chr2,119308500,119377500,69000
30575,chr2,119572500,119858500,286000
30578,chr2,119617500,119704500,87000
30579,chr2,119619500,119687500,68000
30580,chr2,119627500,119747500,120000
30581,chr2,119630500,119729500,99000
30583,chr2,119673500,119842500,169000
30586,chr2,119810500,119859500,49000
30591,chr2,120234500,120396500,162000
30600,chr2,120308500,120500500,192000
30604,chr2,120338500,120448500,110000
30607,chr2,120454500,120697500,243000
30608,chr2,120460500,120561500,101000
30614,chr2,120485500,120697500,212000
30616,chr2,120709500,120931500,222000
30617,chr2,120801500,121002500,201000
30618,chr2,120838500,120970500,132000
30619,chr2,120871500,120919500,48000
30620,chr2,120970500,121186500,216000
30635,chr2,121420500,121662500,242000
30640,chr2,121949500,121991500,42000
30658,chr2,125575500,125623500,48000
30669,chr2,122064500,122129500,65000
30671,chr2,122129500,122179500,50000
30749,chr2,127025500,127089500,64000
30750,chr2,127024500,127111500,87000
30812,chr2,127779500,128238500,459000
30828,chr2,127840500,128229500,389000
30849,chr2,127966500,128215500,249000
30850,chr2,127967500,128083500,116000
30854,chr2,127995500,128203500,208000
30856,chr2,128052500,128116500,64000
30857,chr2,128051500,128234500,183000
30859,chr2,128252500,128446500,194000
30866,chr2,128660500,128734500,74000
30869,chr2,128734500,128785500,51000
30887,chr2,128956500,129123500,167000
30888,chr2,128959500,129101500,142000
30927,chr2,129517500,129643500,126000
30928,chr2,129517500,129746500,229000
30956,chr2,134197500,134234500,37000
30970,chr2,135229500,135732500,503000
30977,chr2,135543500,135768500,225000
30978,chr2,135576500,135799500,223000
30998,chr2,132327500,132558500,231000
31007,chr2,132419500,132542500,123000
31008,chr2,132420500,132528500,108000
31010,chr2,132492500,132528500,36000
31012,chr2,132566500,132748500,182000
31013,chr2,132624500,132657500,33000
31016,chr2,132658500,132721500,63000
31041,chr2,130008500,130087500,79000
31051,chr2,130135500,130404500,269000
31052,chr2,130136500,130292500,156000
31054,chr2,130231500,130439500,208000
31060,chr2,130421500,130539500,118000
31061,chr2,130443500,130610500,167000
31062,chr2,130454500,130609500,155000
31064,chr2,130471500,130507500,36000
31067,chr2,130508500,130597500,89000
31068,chr2,130509500,130748500,239000
31069,chr2,130539500,130681500,142000
31070,chr2,130539500,130748500,209000
31071,chr2,130546500,130597500,51000
31084,chr2,130874500,131177500,303000
31086,chr2,130884500,131194500,310000
31088,chr2,130885500,131096500,211000
31092,chr2,130897500,131021500,124000
31093,chr2,130897500,131352500,455000
31099,chr2,130937500,131075500,138000
31101,chr2,130938500,131002500,64000
31102,chr2,130938500,131333500,395000
31111,chr2,130985500,131019500,34000
31114,chr2,131001500,131194500,193000
31116,chr2,131002500,131052500,50000
31119,chr2,131021500,131075500,54000
31120,chr2,131023500,131257500,234000
31124,chr2,131105500,131194500,89000
31125,chr2,131105500,131335500,230000
31128,chr2,131265500,131387500,122000
31129,chr2,131272500,131315500,43000
31132,chr2,131334500,131403500,69000
31141,chr2,131435500,131509500,74000
31155,chr2,131796500,131977500,181000
31156,chr2,131797500,131871500,74000
31182,chr2,143444500,143519500,75000
31184,chr2,143679500,143788500,109000
31188,chr2,143759500,144087500,328000
31189,chr2,143778500,144083500,305000
31191,chr2,143822500,144041500,219000
31200,chr2,144373500,144429500,56000
31220,chr2,145517500,145746500,229000
31258,chr2,149707500,149825500,118000
31259,chr2,145763500,146225500,462000
31262,chr2,145796500,146169500,373000
31279,chr2,146462500,146741500,279000
31282,chr2,146473500,146697500,224000
31297,chr2,147183500,147607500,424000
31305,chr2,147275500,147529500,254000
31308,chr2,147647500,147876500,229000
31313,chr2,147851500,147924500,73000
31345,chr2,150591500,150628500,37000
31349,chr2,150749500,150880500,131000
31350,chr2,150754500,150787500,33000
31352,chr2,151335500,151524500,189000
31354,chr2,151386500,151544500,158000
31356,chr2,151417500,151474500,57000
31358,chr2,151474500,151543500,69000
31367,chr2,151936500,151985500,49000
31376,chr2,151855500,152019500,164000
31386,chr2,151934500,152136500,202000
31387,chr2,151936500,152174500,238000
31388,chr2,151936500,152020500,84000
31397,chr2,151984500,152036500,52000
31399,chr2,151985500,152068500,83000
31403,chr2,152020500,152067500,47000
31404,chr2,152020500,152189500,169000
31411,chr2,152069500,152174500,105000
31421,chr2,152136500,152185500,49000
31424,chr2,152206500,152279500,73000
31425,chr2,152234500,152329500,95000
31426,chr2,152234500,152342500,108000
31428,chr2,152235500,152384500,149000
31433,chr2,152292500,152343500,51000
31436,chr2,152312500,152386500,74000
31442,chr2,152457500,152536500,79000
31443,chr2,152458500,152858500,400000
31444,chr2,152459500,152705500,246000
31445,chr2,152458500,152756500,298000
31447,chr2,152461500,152906500,445000
31456,chr2,152519500,152585500,66000
31458,chr2,152536500,152775500,239000
31486,chr2,152756500,152874500,118000
31488,chr2,152756500,152923500,167000
31495,chr2,152924500,152973500,49000
31505,chr2,152999500,153238500,239000
31506,chr2,152999500,153117500,118000
31509,chr2,153003500,153083500,80000
31510,chr2,153005500,153334500,329000
31513,chr2,153009500,153212500,203000
31525,chr2,153083500,153133500,50000
31526,chr2,153083500,153285500,202000
31527,chr2,153083500,153334500,251000
31531,chr2,153120500,153304500,184000
31532,chr2,153133500,153187500,54000
31534,chr2,153160500,153258500,98000
31536,chr2,153187500,153426500,239000
31537,chr2,153188500,153286500,98000
31545,chr2,153286500,153334500,48000
31546,chr2,153286500,153370500,84000
31547,chr2,153286500,153427500,141000
31550,chr2,153335500,153492500,157000
31555,chr2,153511500,153693500,182000
31563,chr2,153552500,153692500,140000
31569,chr2,153649500,153692500,43000
31573,chr2,153703500,153981500,278000
31581,chr2,160013500,160209500,196000
31584,chr2,160440500,160573500,133000
31587,chr2,160500500,160573500,73000
31593,chr2,161057500,161248500,191000
31594,chr2,161706500,161753500,47000
31597,chr2,157447500,158023500,576000
31621,chr2,157889500,158023500,134000
31622,chr2,157906500,158045500,139000
31623,chr2,157919500,158045500,126000
31624,chr2,158050500,158221500,171000
31626,chr2,158100500,158189500,89000
31633,chr2,158219500,158454500,235000
31635,chr2,158251500,158466500,215000
31637,chr2,158279500,158488500,209000
31638,chr2,158284500,158503500,219000
31640,chr2,158354500,158483500,129000
31642,chr2,158391500,158704500,313000
31648,chr2,158568500,158694500,126000
31649,chr2,158608500,158705500,97000
31663,chr2,159703500,159741500,38000
31670,chr2,153785500,154000500,215000
31672,chr2,153837500,154001500,164000
31673,chr2,153837500,154048500,211000
31685,chr2,154214500,154455500,241000
31686,chr2,154215500,154392500,177000
31690,chr2,154258500,154350500,92000
31699,chr2,154315500,154359500,44000
31702,chr2,154412500,154455500,43000
31703,chr2,154456500,154498500,42000
31704,chr2,154455500,154632500,177000
31706,chr2,154487500,154616500,129000
31707,chr2,154498500,154632500,134000
31711,chr2,154589500,154786500,197000
31713,chr2,154615500,154785500,170000
31731,chr2,154827500,155034500,207000
31735,chr2,154892500,155118500,226000
31744,chr2,155119500,155198500,79000
31746,chr2,155302500,155609500,307000
31756,chr2,155534500,155571500,37000
31773,chr2,156027500,156064500,37000
31774,chr2,156046500,156102500,56000
31775,chr2,156047500,156120500,73000
31793,chr2,156456500,156562500,106000
31794,chr2,156485500,156532500,47000
31795,chr2,156563500,156683500,120000
31796,chr2,156629500,156838500,209000
31797,chr2,156630500,156959500,329000
31798,chr2,156651500,156936500,285000
31800,chr2,156682500,156849500,167000
31801,chr2,156682500,156900500,218000
31803,chr2,156683500,156834500,151000
31804,chr2,156683500,156921500,238000
31810,chr2,156849500,156921500,72000
31811,chr2,156883500,156920500,37000
31812,chr2,156885500,156959500,74000
31813,chr2,156977500,157046500,69000
31815,chr2,157045500,157101500,56000
31816,chr2,157046500,157408500,362000
31868,chr2,157477500,157785500,308000
31880,chr2,157586500,157847500,261000
31894,chr2,162773500,162873500,100000
31912,chr2,163049500,163141500,92000
31920,chr2,163443500,163665500,222000
31925,chr2,163915500,164010500,95000
31928,chr2,163945500,164229500,284000
31949,chr2,164259500,164312500,53000
31950,chr2,164259500,164568500,309000
31951,chr2,164259500,164442500,183000
31954,chr2,164285500,164403500,118000
31960,chr2,164445500,164515500,70000
31961,chr2,164445500,164567500,122000
31962,chr2,164611500,164647500,36000
31966,chr2,164647500,164699500,52000
31973,chr2,164688500,164761500,73000
31977,chr2,164753500,164876500,123000
31985,chr2,164810500,165078500,268000
31994,chr2,164845500,165203500,358000
32001,chr2,164905500,165289500,384000
32007,chr2,164954500,165076500,122000
32009,chr2,165129500,165168500,39000
32011,chr2,165337500,165559500,222000
32016,chr2,165651500,165823500,172000
32017,chr2,165651500,165701500,50000
32031,chr2,165808500,165853500,45000
32036,chr2,165820500,165876500,56000
32040,chr2,167923500,168048500,125000
32042,chr2,167958500,168011500,53000
32047,chr2,167997500,168073500,76000
32056,chr2,168092500,168493500,401000
32059,chr2,168271500,168471500,200000
32065,chr2,168683500,168821500,138000
32067,chr2,168784500,168820500,36000
32068,chr2,168801500,168847500,46000
32132,chr2,168972500,169203500,231000
32172,chr2,169202500,169462500,260000
32183,chr2,169671500,169868500,197000
32184,chr2,169691500,169869500,178000
32187,chr2,169730500,169869500,139000
32221,chr2,165941500,166352500,411000
32228,chr2,165950500,166182500,232000
32229,chr2,165950500,166282500,332000
32248,chr2,166002500,166245500,243000
32255,chr2,166182500,166405500,223000
32256,chr2,166283500,166406500,123000
32261,chr2,166417500,166745500,328000
32271,chr2,166436500,166554500,118000
32274,chr2,166556500,166647500,91000
32278,chr2,166748500,166838500,90000
32279,chr2,166748500,166857500,109000
32281,chr2,166798500,167061500,263000
32286,chr2,166860500,166896500,36000
32288,chr2,166872500,167060500,188000
32289,chr2,166873500,167119500,246000
32291,chr2,166905500,167190500,285000
32296,chr2,166954500,167032500,78000
32314,chr2,167263500,167345500,82000
32316,chr2,167345500,167473500,128000
32328,chr2,167493500,167884500,391000
32335,chr2,167526500,167841500,315000
32337,chr2,167531500,167901500,370000
32342,chr2,167923500,167956500,33000
32344,chr2,167958500,167997500,39000
32356,chr2,173654500,174101500,447000
32361,chr2,173992500,174119500,127000
32363,chr2,174140500,174279500,139000
32369,chr2,174170500,174280500,110000
32370,chr2,174171500,174759500,588000
32383,chr2,174296500,174699500,403000
32385,chr2,174333500,174712500,379000
32386,chr2,174335500,174394500,59000
32387,chr2,174369500,174679500,310000
32394,chr2,169959500,170092500,133000
32399,chr2,169997500,170093500,96000
32409,chr2,170494500,170715500,221000
32423,chr2,170945500,171163500,218000
32428,chr2,171075500,171206500,131000
32453,chr2,172187500,172282500,95000
32456,chr2,172303500,172831500,528000
32462,chr2,172391500,172504500,113000
32464,chr2,172480500,172617500,137000
32465,chr2,172619500,172837500,218000
32466,chr2,172669500,172862500,193000
32474,chr2,172977500,173343500,366000
32475,chr2,172987500,173306500,319000
32481,chr2,173062500,173403500,341000
32494,chr2,173732500,173785500,53000
32498,chr2,178149500,178398500,249000
32499,chr2,178185500,178307500,122000
32521,chr2,178751500,178834500,83000
32541,chr2,179103500,179186500,83000
32542,chr2,179217500,179285500,68000
32543,chr2,179372500,179516500,144000
32546,chr2,179560500,179765500,205000
32548,chr2,179560500,179989500,429000
32553,chr2,179618500,179813500,195000
32554,chr2,179666500,179746500,80000
32556,chr2,179667500,179813500,146000
32557,chr2,179684500,179760500,76000
32558,chr2,179683500,179813500,130000
32560,chr2,179684500,179746500,62000
32565,chr2,179729500,179893500,164000
32568,chr2,179746500,179813500,67000
32573,chr2,179852500,179989500,137000
32580,chr2,179917500,180114500,197000
32582,chr2,179976500,180417500,441000
32584,chr2,179993500,180114500,121000
32589,chr2,180045500,180460500,415000
32590,chr2,180050500,180201500,151000
32591,chr2,180050500,180421500,371000
32592,chr2,180072500,180421500,349000
32594,chr2,180160500,180409500,249000
32597,chr2,180209500,180318500,109000
32601,chr2,180283500,180419500,136000
32602,chr2,180284500,180351500,67000
32604,chr2,180310500,180361500,51000
32614,chr2,180447500,180540500,93000
32615,chr2,180450500,180705500,255000
32616,chr2,180449500,180517500,68000
32622,chr2,180606500,180701500,95000
32623,chr2,180606500,180714500,108000
32627,chr2,180777500,181101500,324000
32629,chr2,180789500,181100500,311000
32631,chr2,180796500,181017500,221000
32635,chr2,180829500,180960500,131000
32636,chr2,180829500,181007500,178000
32637,chr2,180829500,181101500,272000
32646,chr2,180961500,181162500,201000
32647,chr2,180961500,181241500,280000
32648,chr2,180962500,181006500,44000
32649,chr2,181007500,181100500,93000
32650,chr2,181008500,181138500,130000
32651,chr2,181007500,181223500,216000
32652,chr2,181034500,181094500,60000
32654,chr2,181034500,181166500,132000
32655,chr2,181035500,181300500,265000
32656,chr2,181101500,181162500,61000
32657,chr2,181101500,181223500,122000
32658,chr2,181101500,181241500,140000
32659,chr2,181163500,181222500,59000
32663,chr2,181265500,181319500,54000
32665,chr2,181286500,181348500,62000
32666,chr2,181302500,181348500,46000
32669,chr2,181337500,181479500,142000
32676,chr2,181419500,181509500,90000
32706,chr3,8390500,8435500,45000
32714,chr3,9022500,9130500,108000
32723,chr3,9531500,9771500,240000
32724,chr3,9585500,9770500,185000
32771,chr3,17535500,17570500,35000
32792,chr3,10125500,10305500,180000
32807,chr3,10562500,10616500,54000
32837,chr3,19126500,19172500,46000
32847,chr3,21946500,22093500,147000
32850,chr3,22079500,22129500,50000
32852,chr3,22092500,22175500,83000
32875,chr3,20079500,20111500,32000
32876,chr3,20115500,20171500,56000
32906,chr3,27323500,27520500,197000
32914,chr3,27527500,27604500,77000
32915,chr3,27540500,27813500,273000
32916,chr3,27598500,27914500,316000
32918,chr3,27625500,27771500,146000
32921,chr3,27986500,28054500,68000
32933,chr3,28229500,28316500,87000
32971,chr3,29190500,29244500,54000
32988,chr3,30582500,30780500,198000
32996,chr3,30689500,30748500,59000
32998,chr3,30702500,30750500,48000
33006,chr3,30887500,31017500,130000
33007,chr3,30911500,31148500,237000
33039,chr3,31592500,31628500,36000
33067,chr3,32387500,32433500,46000
33069,chr3,32564500,32670500,106000
33079,chr3,32761500,32815500,54000
33085,chr3,32814500,32932500,118000
33088,chr3,32826500,32957500,131000
33170,chr3,41361500,41403500,42000
33171,chr3,41377500,41448500,71000
33196,chr3,38193500,38243500,50000
33223,chr3,39529500,39566500,37000
33239,chr3,36215500,36517500,302000
33248,chr3,36290500,36366500,76000
33283,chr3,37007500,37077500,70000
33294,chr3,37696500,37740500,44000
33304,chr3,34011500,34106500,95000
33316,chr3,34383500,34445500,62000
33326,chr3,34655500,34693500,38000
33327,chr3,34655500,34815500,160000
33332,chr3,34672500,34866500,194000
33339,chr3,34701500,34870500,169000
33367,chr3,35379500,35457500,78000
33369,chr3,35648500,35683500,35000
33383,chr3,35860500,35892500,32000
33398,chr3,51031500,51077500,46000
33411,chr3,51283500,51316500,33000
33419,chr3,51418500,51611500,193000
33420,chr3,51491500,51612500,121000
33424,chr3,56190500,56225500,35000
33439,chr3,57483500,57558500,75000
33442,chr3,57573500,57752500,179000
33445,chr3,57647500,57702500,55000
33446,chr3,57756500,57819500,63000
33447,chr3,57773500,57808500,35000
33449,chr3,57838500,57904500,66000
33450,chr3,57872500,57965500,93000
33463,chr3,51779500,52096500,317000
33465,chr3,51954500,52104500,150000
33505,chr3,54263500,54397500,134000
33521,chr3,54734500,54948500,214000
33529,chr3,54911500,54971500,60000
33532,chr3,55281500,55357500,76000
33533,chr3,55281500,55374500,93000
33585,chr3,57844500,58030500,186000
33597,chr3,58433500,58599500,166000
33606,chr3,59266500,59318500,52000
33642,chr3,65225500,65259500,34000
33656,chr3,65362500,65434500,72000
33657,chr3,65364500,65837500,473000
33658,chr3,65384500,65771500,387000
33659,chr3,65388500,65435500,47000
33666,chr3,65456500,65770500,314000
33669,chr3,65483500,65738500,255000
33671,chr3,65494500,65565500,71000
33681,chr3,66004500,66051500,47000
33682,chr3,66028500,66092500,64000
33688,chr3,66927500,66984500,57000
33696,chr3,67337500,67475500,138000
33749,chr3,68668500,68777500,109000
33767,chr3,69117500,69407500,290000
33779,chr3,69304500,69486500,182000
33780,chr3,69488500,69595500,107000
33810,chr3,79015500,79351500,336000
33813,chr3,79127500,79324500,197000
33816,chr3,79422500,79494500,72000
33823,chr3,79790500,79988500,198000
33839,chr3,80931500,81009500,78000
33858,chr3,82906500,83017500,111000
33883,chr3,83495500,83672500,177000
33889,chr3,83902500,83946500,44000
33894,chr3,83852500,84219500,367000
33895,chr3,83855500,84029500,174000
33897,chr3,83962500,84022500,60000
33901,chr3,84084500,84132500,48000
33914,chr3,84540500,84752500,212000
33917,chr3,84619500,84797500,178000
33943,chr3,85038500,85133500,95000
33946,chr3,85649500,85761500,112000
33947,chr3,85829500,85982500,153000
33983,chr3,86377500,86413500,36000
34003,chr3,86941500,87102500,161000
34010,chr3,87040500,87081500,41000
34024,chr3,87678500,87745500,67000
34025,chr3,87677500,87869500,192000
34026,chr3,87677500,87894500,217000
34027,chr3,87702500,87868500,166000
34029,chr3,87703500,87767500,64000
34030,chr3,87795500,87868500,73000
34033,chr3,87814500,87879500,65000
34038,chr3,87880500,88123500,243000
34039,chr3,87918500,88081500,163000
34040,chr3,87918500,88150500,232000
34041,chr3,87931500,88122500,191000
34042,chr3,87936500,88095500,159000
34043,chr3,87965500,88084500,119000
34045,chr3,88085500,88317500,232000
34048,chr3,88203500,88437500,234000
34049,chr3,88203500,88333500,130000
34060,chr3,88243500,88461500,218000
34068,chr3,88452500,88511500,59000
34089,chr3,88821500,88856500,35000
34093,chr3,88997500,89151500,154000
34094,chr3,88998500,89245500,247000
34098,chr3,89024500,89066500,42000
34099,chr3,89071500,89121500,50000
34103,chr3,89134500,89228500,94000
34104,chr3,89134500,89301500,167000
34105,chr3,89134500,89325500,191000
34106,chr3,89135500,89188500,53000
34110,chr3,89225500,89365500,140000
34111,chr3,89228500,89326500,98000
34116,chr3,89286500,89327500,41000
34126,chr3,89341500,89680500,339000
34146,chr3,89425500,89871500,446000
34153,chr3,89454500,89760500,306000
34155,chr3,89506500,89765500,259000
34157,chr3,89622500,89679500,57000
34160,chr3,89681500,89869500,188000
34162,chr3,89739500,89820500,81000
34163,chr3,89767500,89833500,66000
34165,chr3,89870500,89959500,89000
34180,chr3,92472500,92508500,36000
34187,chr3,93038500,93143500,105000
34190,chr3,93352500,93428500,76000
34191,chr3,93429500,93462500,33000
34206,chr3,94441500,94509500,68000
34223,chr3,94795500,94961500,166000
34228,chr3,94922500,95041500,119000
34229,chr3,94923500,95014500,91000
34230,chr3,94923500,95067500,144000
34233,chr3,94950500,95014500,64000
34236,chr3,95014500,95124500,110000
34238,chr3,95032500,95169500,137000
34242,chr3,95066500,95123500,57000
34243,chr3,95068500,95136500,68000
34245,chr3,95081500,95222500,141000
34247,chr3,95124500,95188500,64000
34249,chr3,95136500,95223500,87000
34252,chr3,95218500,95358500,140000
34288,chr3,95424500,95715500,291000
34297,chr3,95476500,95690500,214000
34305,chr3,95528500,95678500,150000
34306,chr3,95529500,95725500,196000
34318,chr3,95609500,95726500,117000
34319,chr3,95726500,95836500,110000
34324,chr3,95790500,95836500,46000
34331,chr3,90022500,90110500,88000
34340,chr3,90173500,90295500,122000
34341,chr3,90200500,90354500,154000
34342,chr3,90201500,90297500,96000
34344,chr3,90296500,90373500,77000
34351,chr3,90354500,90416500,62000
34357,chr3,90421500,90493500,72000
34380,chr3,95836500,96079500,243000
34385,chr3,95859500,96079500,220000
34391,chr3,95893500,96079500,186000
34404,chr3,96079500,96127500,48000
34409,chr3,96127500,96170500,43000
34417,chr3,96186500,96410500,224000
34463,chr3,96454500,96571500,117000
34466,chr3,96465500,96604500,139000
34467,chr3,96466500,96585500,119000
34468,chr3,96481500,96584500,103000
34476,chr3,96720500,96844500,124000
34488,chr3,96838500,97284500,446000
34494,chr3,96845500,97013500,168000
34503,chr3,96854500,97185500,331000
34522,chr3,96925500,97236500,311000
34528,chr3,96957500,97245500,288000
34542,chr3,97066500,97134500,68000
34551,chr3,97588500,97623500,35000
34557,chr3,97637500,97764500,127000
34558,chr3,97661500,97786500,125000
34612,chr3,100329500,100475500,146000
34613,chr3,100476500,100598500,122000
34614,chr3,100480500,100584500,104000
34616,chr3,100533500,100579500,46000
34623,chr3,100839500,101201500,362000
34628,chr3,100876500,101316500,440000
34629,chr3,100878500,101017500,139000
34630,chr3,100879500,101071500,192000
34637,chr3,100902500,101376500,474000
34642,chr3,100998500,101133500,135000
34644,chr3,101017500,101188500,171000
34652,chr3,101250500,101369500,119000
34656,chr3,101351500,101719500,368000
34662,chr3,101463500,101717500,254000
34665,chr3,101525500,101671500,146000
34666,chr3,101611500,101662500,51000
34670,chr3,101920500,101959500,39000
34686,chr3,103968500,104347500,379000
34701,chr3,104070500,104193500,123000
34703,chr3,104095500,104348500,253000
34711,chr3,104182500,104349500,167000
34715,chr3,104621500,104899500,278000
34716,chr3,104638500,104971500,333000
34724,chr3,104724500,104871500,147000
34728,chr3,104790500,104836500,46000
34729,chr3,104900500,104999500,99000
34739,chr3,105708500,105866500,158000
34742,chr3,105911500,105974500,63000
34794,chr3,99661500,99714500,53000
34800,chr3,99924500,99983500,59000
34809,chr3,102037500,102123500,86000
34850,chr3,102930500,103011500,81000
34861,chr3,102966500,103007500,41000
34867,chr3,103092500,103204500,112000
34872,chr3,103132500,103186500,54000
34876,chr3,103300500,103399500,99000
34881,chr3,103360500,103623500,263000
34883,chr3,103482500,103644500,162000
34886,chr3,103646500,103795500,149000
34887,chr3,103698500,103747500,49000
34888,chr3,103698500,103821500,123000
34889,chr3,103699500,103793500,94000
34890,chr3,103717500,103874500,157000
34892,chr3,103748500,103821500,73000
34904,chr3,107925500,108054500,129000
34907,chr3,108072500,108165500,93000
34916,chr3,108117500,108323500,206000
34917,chr3,108118500,108164500,46000
34925,chr3,108191500,108323500,132000
34937,chr3,108351500,108469500,118000
34940,chr3,108373500,108471500,98000
34948,chr3,108499500,108629500,130000
34949,chr3,108561500,108629500,68000
34950,chr3,108562500,108747500,185000
34951,chr3,108584500,108677500,93000
34954,chr3,108628500,108747500,119000
34955,chr3,108629500,108678500,49000
34957,chr3,108748500,108819500,71000
34960,chr3,108818500,108934500,116000
34995,chr3,106471500,106504500,33000
35015,chr3,107001500,107116500,115000
35016,chr3,107113500,107520500,407000
35025,chr3,107366500,107424500,58000
35026,chr3,107458500,107520500,62000
35031,chr3,107539500,107602500,63000
35033,chr3,107550500,107796500,246000
35037,chr3,107587500,107771500,184000
35039,chr3,107664500,107771500,107000
35040,chr3,107774500,107926500,152000
35061,chr3,114983500,115024500,41000
35064,chr3,115390500,115436500,46000
35068,chr3,115456500,115506500,50000
35073,chr3,115506500,115772500,266000
35077,chr3,115553500,115681500,128000
35102,chr3,121085500,121220500,135000
35110,chr3,121162500,121220500,58000
35113,chr3,121225500,121293500,68000
35116,chr3,121333500,121588500,255000
35121,chr3,121396500,121517500,121000
35124,chr3,115801500,116121500,320000
35140,chr3,116218500,116388500,170000
35141,chr3,116219500,116273500,54000
35143,chr3,116288500,116349500,61000
35144,chr3,116301500,116505500,204000
35147,chr3,116304500,116426500,122000
35151,chr3,116376500,116494500,118000
35152,chr3,116389500,116504500,115000
35154,chr3,116388500,116601500,213000
35156,chr3,116417500,116515500,98000
35164,chr3,116698500,116911500,213000
35190,chr3,126129500,126195500,66000
35239,chr3,128851500,128915500,64000
35241,chr3,129051500,129502500,451000
35254,chr3,129672500,129764500,92000
35256,chr3,129695500,129854500,159000
35263,chr3,121939500,122037500,98000
35272,chr3,122068500,122413500,345000
35276,chr3,122088500,122212500,124000
35277,chr3,122087500,122227500,140000
35280,chr3,122106500,122212500,106000
35281,chr3,122107500,122226500,119000
35297,chr3,122715500,122950500,235000
35299,chr3,122755500,122952500,197000
35350,chr3,135145500,135288500,143000
35351,chr3,135146500,135230500,84000
35353,chr3,135165500,135288500,123000
35355,chr3,135199500,135420500,221000
35356,chr3,135200500,135373500,173000
35358,chr3,135237500,135288500,51000
35360,chr3,135252500,135398500,146000
35362,chr3,135264500,135435500,171000
35365,chr3,135438500,135531500,93000
35370,chr3,135991500,136032500,41000
35371,chr3,136027500,136068500,41000
35379,chr3,137252500,137458500,206000
35380,chr3,137253500,137329500,76000
35381,chr3,137329500,137457500,128000
35384,chr3,137485500,137644500,159000
35388,chr3,137572500,137659500,87000
35391,chr3,137602500,137852500,250000
35392,chr3,137625500,137681500,56000
35397,chr3,137746500,137848500,102000
35413,chr3,132453500,132793500,340000
35445,chr3,133732500,133767500,35000
35459,chr3,129896500,130398500,502000
35470,chr3,129923500,130369500,446000
35478,chr3,130160500,130216500,56000
35497,chr3,130680500,130873500,193000
35505,chr3,130813500,130899500,86000
35508,chr3,130905500,131065500,160000
35509,chr3,131066500,131270500,204000
35510,chr3,131095500,131230500,135000
35513,chr3,131114500,131196500,82000
35516,chr3,131273500,131336500,63000
35520,chr3,131450500,131490500,40000
35535,chr3,142011500,142120500,109000
35538,chr3,142054500,142100500,46000
35542,chr3,142266500,142414500,148000
35548,chr3,142496500,142655500,159000
35553,chr3,143042500,143102500,60000
35570,chr3,137928500,138148500,220000
35581,chr3,138448500,138520500,72000
35582,chr3,138449500,138494500,45000
35591,chr3,143911500,144104500,193000
35592,chr3,143914500,144086500,172000
35593,chr3,144158500,144398500,240000
35642,chr3,145114500,145317500,203000
35646,chr3,145303500,145563500,260000
35648,chr3,145305500,145526500,221000
35650,chr3,145353500,145525500,172000
35654,chr3,145409500,145464500,55000
35663,chr3,145657500,145732500,75000
35664,chr3,145656500,145693500,37000
35672,chr3,145764500,145842500,78000
35687,chr3,151422500,151772500,350000
35693,chr3,151524500,151772500,248000
35695,chr3,151542500,151772500,230000
35696,chr3,151548500,151756500,208000
35712,chr3,152263500,152455500,192000
35714,chr3,152490500,152580500,90000
35726,chr3,152759500,152956500,197000
35730,chr3,152955500,153206500,251000
35731,chr3,153053500,153361500,308000
35734,chr3,153413500,153512500,99000
35741,chr3,153675500,153973500,298000
35747,chr3,153750500,153939500,189000
35751,chr3,146033500,146205500,172000
35754,chr3,146051500,146129500,78000
35757,chr3,146111500,146226500,115000
35761,chr3,146156500,146226500,70000
35770,chr3,146245500,146396500,151000
35771,chr3,146251500,146591500,340000
35773,chr3,146269500,146519500,250000
35774,chr3,146271500,146488500,217000
35817,chr3,156938500,157109500,171000
35823,chr3,157583500,157715500,132000
35831,chr3,153975500,154233500,258000
35833,chr3,154034500,154302500,268000
35836,chr3,154061500,154153500,92000
35837,chr3,154087500,154253500,166000
35867,chr4,3874500,3938500,64000
35871,chr4,4283500,4318500,35000
35872,chr4,4553500,4619500,66000
35879,chr4,5125500,5164500,39000
35901,chr4,8096500,8153500,57000
35902,chr4,8380500,8597500,217000
35903,chr4,8380500,8643500,263000
35909,chr4,8598500,9126500,528000
35916,chr4,8691500,9028500,337000
35917,chr4,8692500,8725500,33000
35919,chr4,8727500,9030500,303000
35921,chr4,8911500,9028500,117000
35968,chr4,10220500,10266500,46000
35985,chr4,10897500,11210500,313000
35995,chr4,10988500,11166500,178000
36005,chr4,11048500,11155500,107000
36006,chr4,11156500,11191500,35000
36011,chr4,11254500,11387500,133000
36012,chr4,11255500,11321500,66000
36013,chr4,11322500,11387500,65000
36014,chr4,11327500,11499500,172000
36015,chr4,11330500,11516500,186000
36017,chr4,11486500,11558500,72000
36062,chr4,21776500,21848500,72000
36064,chr4,21880500,21930500,50000
36086,chr4,32075500,32246500,171000
36089,chr4,32153500,32538500,385000
36090,chr4,32176500,32239500,63000
36094,chr4,32593500,33052500,459000
36099,chr4,32615500,32983500,368000
36104,chr4,32698500,32760500,62000
36105,chr4,32745500,33019500,274000
36126,chr4,32833500,32951500,118000
36127,chr4,32863500,32950500,87000
36129,chr4,32911500,33103500,192000
36132,chr4,32984500,33189500,205000
36135,chr4,33031500,33293500,262000
36136,chr4,33189500,33248500,59000
36140,chr4,33247500,33309500,62000
36141,chr4,33267500,33308500,41000
36152,chr4,40143500,40218500,75000
36154,chr4,40184500,40270500,86000
36161,chr4,40269500,40722500,453000
36190,chr4,40854500,40970500,116000
36193,chr4,40983500,41266500,283000
36194,chr4,41049500,41191500,142000
36197,chr4,41051500,41285500,234000
36199,chr4,41052500,41349500,297000
36203,chr4,41129500,41205500,76000
36204,chr4,41130500,41192500,62000
36205,chr4,41130500,41245500,115000
36206,chr4,41135500,41314500,179000
36207,chr4,41274500,41314500,40000
36208,chr4,41275500,41349500,74000
36209,chr4,41278500,41389500,111000
36210,chr4,41315500,41348500,33000
36212,chr4,41391500,41708500,317000
36213,chr4,41465500,41569500,104000
36214,chr4,41468500,41738500,270000
36215,chr4,41469500,41549500,80000
36217,chr4,41505500,41740500,235000
36219,chr4,41507500,41568500,61000
36221,chr4,41523500,41653500,130000
36223,chr4,41553500,41736500,183000
36227,chr4,41714500,41756500,42000
36247,chr4,34977500,35295500,318000
36282,chr4,43010500,43442500,432000
36296,chr4,43048500,43115500,67000
36300,chr4,43059500,43267500,208000
36326,chr4,43247500,43393500,146000
36327,chr4,43267500,43479500,212000
36330,chr4,43443500,43579500,136000
36332,chr4,43495500,43560500,65000
36336,chr4,43630500,43744500,114000
36340,chr4,43725500,43982500,257000
36351,chr4,44011500,44168500,157000
36359,chr4,44397500,44645500,248000
36362,chr4,44460500,44632500,172000
36366,chr4,44564500,44635500,71000
36367,chr4,44576500,44621500,45000
36368,chr4,44577500,44635500,58000
36369,chr4,44664500,44702500,38000
36380,chr4,45075500,45308500,233000
36396,chr4,45223500,45279500,56000
36405,chr4,45330500,45793500,463000
36415,chr4,45384500,45595500,211000
36417,chr4,45394500,45855500,461000
36426,chr4,45418500,45654500,236000
36428,chr4,45418500,45880500,462000
36429,chr4,45490500,45591500,101000
36434,chr4,45655500,45813500,158000
36458,chr4,48483500,48665500,182000
36478,chr4,46138500,46344500,206000
36486,chr4,46305500,46342500,37000
36487,chr4,46344500,46388500,44000
36496,chr4,46451500,46535500,84000
36503,chr4,46544500,47038500,494000
36513,chr4,46689500,46781500,92000
36519,chr4,46781500,46988500,207000
36520,chr4,46846500,47019500,173000
36530,chr4,47521500,47599500,78000
36550,chr4,53440500,53631500,191000
36559,chr4,53954500,54041500,87000
36566,chr4,54424500,54467500,43000
36567,chr4,54429500,54510500,81000
36573,chr4,54946500,54992500,46000
36600,chr4,56802500,56845500,43000
36604,chr4,56954500,57144500,190000
36605,chr4,56973500,57297500,324000
36608,chr4,57120500,57181500,61000
36609,chr4,57142500,57300500,158000
36615,chr4,57527500,57661500,134000
36622,chr4,57675500,57845500,170000
36625,chr4,57690500,57781500,91000
36626,chr4,57690500,57920500,230000
36630,chr4,57770500,57920500,150000
36683,chr4,62204500,62326500,122000
36684,chr4,62205500,62279500,74000
36686,chr4,62327500,62388500,61000
36714,chr4,62741500,62822500,81000
36721,chr4,62808500,62883500,75000
36735,chr4,63134500,63327500,193000
36741,chr4,63286500,63538500,252000
36750,chr4,63339500,63398500,59000
36752,chr4,63398500,63476500,78000
36755,chr4,63413500,63476500,63000
36758,chr4,63427500,63479500,52000
36759,chr4,63428500,63540500,112000
36778,chr4,63620500,63682500,62000
36783,chr4,63711500,63754500,43000
36791,chr4,64693500,64734500,41000
36796,chr4,65158500,65197500,39000
36808,chr4,58437500,58550500,113000
36817,chr4,59002500,59188500,186000
36824,chr4,59118500,59187500,69000
36828,chr4,59409500,59544500,135000
36830,chr4,59808500,59870500,62000
36846,chr4,70183500,70225500,42000
36852,chr4,74270500,74312500,42000
36861,chr4,77189500,77263500,74000
36884,chr4,86532500,86586500,54000
36894,chr4,86775500,86830500,55000
36897,chr4,86852500,86910500,58000
36910,chr4,87575500,87611500,36000
36930,chr4,82247500,82460500,213000
36931,chr4,82262500,82349500,87000
36944,chr4,82761500,82845500,84000
36945,chr4,82800500,82851500,51000
36955,chr4,83148500,83376500,228000
36961,chr4,83175500,83443500,268000
36979,chr4,83402500,83488500,86000
36990,chr4,83713500,83936500,223000
36999,chr4,88228500,88268500,40000
37056,chr4,94578500,94714500,136000
37063,chr4,95447500,95571500,124000
37072,chr4,97639500,97997500,358000
37075,chr4,98220500,98332500,112000
37077,chr4,98264500,98331500,67000
37081,chr4,98434500,98590500,156000
37092,chr4,98791500,99072500,281000
37097,chr4,98826500,98928500,102000
37106,chr4,99008500,99081500,73000
37107,chr4,99009500,99049500,40000
37108,chr4,99010500,99069500,59000
37117,chr4,99395500,99568500,173000
37119,chr4,99430500,99566500,136000
37122,chr4,99449500,99655500,206000
37126,chr4,99605500,99717500,112000
37129,chr4,104769500,104890500,121000
37138,chr4,105015500,105051500,36000
37144,chr4,105082500,105134500,52000
37157,chr4,102085500,102252500,167000
37163,chr4,102844500,103025500,181000
37165,chr4,102900500,103003500,103000
37182,chr4,103561500,103655500,94000
37203,chr4,99952500,100071500,119000
37212,chr4,100297500,100386500,89000
37224,chr4,100565500,101003500,438000
37228,chr4,100587500,100768500,181000
37237,chr4,100631500,100834500,203000
37245,chr4,100676500,100833500,157000
37255,chr4,101206500,101460500,254000
37258,chr4,101213500,101353500,140000
37259,chr4,101246500,101504500,258000
37262,chr4,101250500,101521500,271000
37264,chr4,101277500,101407500,130000
37267,chr4,101353500,101504500,151000
37268,chr4,101353500,101407500,54000
37270,chr4,101365500,101407500,42000
37271,chr4,101407500,101504500,97000
37277,chr4,101578500,101870500,292000
37284,chr4,101707500,101743500,36000
37315,chr4,110109500,110158500,49000
37324,chr4,111353500,111502500,149000
37332,chr4,105951500,106081500,130000
37338,chr4,106331500,106565500,234000
37339,chr4,106456500,106632500,176000
37341,chr4,106473500,106508500,35000
37354,chr4,106606500,106994500,388000
37359,chr4,106659500,106955500,296000
37363,chr4,106695500,106923500,228000
37368,chr4,106714500,107035500,321000
37370,chr4,106923500,107035500,112000
37371,chr4,106926500,107020500,94000
37374,chr4,107110500,107171500,61000
37375,chr4,107110500,107190500,80000
37376,chr4,107110500,107291500,181000
37378,chr4,107223500,107541500,318000
37388,chr4,107336500,107511500,175000
37390,chr4,107561500,107701500,140000
37391,chr4,107594500,107747500,153000
37392,chr4,107629500,107702500,73000
37394,chr4,107661500,107736500,75000
37398,chr4,107749500,107975500,226000
37400,chr4,107780500,107975500,195000
37404,chr4,107975500,108022500,47000
37405,chr4,107975500,108075500,100000
37413,chr4,108040500,108184500,144000
37416,chr4,108075500,108158500,83000
37432,chr4,108241500,108477500,236000
37433,chr4,108317500,108436500,119000
37435,chr4,108338500,108406500,68000
37451,chr4,108727500,109005500,278000
37452,chr4,108763500,108833500,70000
37453,chr4,108785500,108894500,109000
37460,chr4,108896500,109021500,125000
37461,chr4,109059500,109137500,78000
37464,chr4,109313500,109490500,177000
37484,chr4,114204500,114467500,263000
37490,chr4,114678500,114782500,104000
37571,chr4,115642500,115685500,43000
37572,chr4,115643500,115753500,110000
37573,chr4,115685500,115796500,111000
37575,chr4,115705500,115903500,198000
37576,chr4,115716500,115858500,142000
37584,chr4,115933500,115979500,46000
37594,chr4,120054500,120180500,126000
37595,chr4,120055500,120238500,183000
37600,chr4,120126500,120262500,136000
37601,chr4,120243500,120390500,147000
37602,chr4,120262500,120427500,165000
37604,chr4,120427500,120524500,97000
37609,chr4,120524500,120604500,80000
37610,chr4,120538500,120766500,228000
37613,chr4,120612500,120767500,155000
37616,chr4,120809500,120873500,64000
37642,chr4,116007500,116078500,71000
37644,chr4,116025500,116306500,281000
37646,chr4,116027500,116123500,96000
37650,chr4,116144500,116344500,200000
37652,chr4,116199500,116387500,188000
37653,chr4,116365500,116413500,48000
37690,chr4,116678500,116913500,235000
37704,chr4,116942500,116997500,55000
37763,chr4,117116500,117595500,479000
37773,chr4,117145500,117353500,208000
37795,chr4,117209500,117354500,145000
37797,chr4,117231500,117408500,177000
37799,chr4,117246500,117533500,287000
37801,chr4,117272500,117341500,69000
37802,chr4,117272500,117352500,80000
37814,chr4,117716500,117940500,224000
37815,chr4,117747500,117992500,245000
37821,chr4,117693500,118118500,425000
37824,chr4,117740500,118148500,408000
37830,chr4,117947500,118028500,81000
37831,chr4,117992500,118149500,157000
37834,chr4,118217500,118435500,218000
37835,chr4,118220500,118284500,64000
37860,chr4,118476500,118995500,519000
37875,chr4,118500500,119044500,544000
37879,chr4,118504500,118800500,296000
37881,chr4,118506500,118721500,215000
37883,chr4,118511500,118554500,43000
37905,chr4,118573500,118791500,218000
37914,chr4,118611500,118774500,163000
37918,chr4,118629500,118813500,184000
37922,chr4,118668500,118793500,125000
37925,chr4,118725500,118810500,85000
37926,chr4,118754500,118800500,46000
37931,chr4,118861500,119061500,200000
37938,chr4,119090500,119271500,181000
37941,chr4,119247500,119347500,100000
37942,chr4,119247500,119389500,142000
37946,chr4,119295500,119445500,150000
37949,chr4,119398500,119486500,88000
37970,chr4,119667500,119985500,318000
37985,chr4,122731500,122778500,47000
37987,chr4,122780500,122891500,111000
37988,chr4,122804500,123094500,290000
37991,chr4,122890500,122999500,109000
37993,chr4,123032500,123176500,144000
37998,chr4,123198500,123424500,226000
37999,chr4,123201500,123235500,34000
38003,chr4,123236500,123305500,69000
38009,chr4,123500500,123604500,104000
38012,chr4,123518500,123559500,41000
38017,chr4,123642500,123811500,169000
38021,chr4,123864500,123976500,112000
38024,chr4,123835500,124124500,289000
38032,chr4,123851500,124003500,152000
38050,chr4,124143500,124495500,352000
38051,chr4,124171500,124553500,382000
38052,chr4,124177500,124428500,251000
38060,chr4,124290500,124551500,261000
38063,chr4,124379500,124552500,173000
38064,chr4,124468500,124553500,85000
38065,chr4,124576500,124741500,165000
38067,chr4,124605500,124762500,157000
38068,chr4,124694500,124758500,64000
38071,chr4,124744500,124959500,215000
38074,chr4,124774500,124980500,206000
38077,chr4,124819500,124967500,148000
38084,chr4,124924500,124960500,36000
38088,chr4,124979500,125016500,37000
38103,chr4,125055500,125597500,542000
38104,chr4,125055500,125383500,328000
38113,chr4,125103500,125313500,210000
38116,chr4,125125500,125380500,255000
38117,chr4,125125500,125835500,710000
38118,chr4,125134500,125650500,516000
38119,chr4,125138500,125749500,611000
38122,chr4,125144500,125562500,418000
38123,chr4,125159500,125741500,582000
38125,chr4,125174500,125562500,388000
38127,chr4,125201500,125801500,600000
38134,chr4,125246500,125680500,434000
38135,chr4,125247500,125572500,325000
38140,chr4,125286500,125704500,418000
38141,chr4,125286500,125840500,554000
38142,chr4,125299500,125561500,262000
38143,chr4,125318500,125715500,397000
38144,chr4,125347500,125741500,394000
38145,chr4,125370500,125851500,481000
38146,chr4,125378500,125780500,402000
38150,chr4,125391500,125561500,170000
38151,chr4,125394500,125731500,337000
38153,chr4,125562500,125699500,137000
38156,chr4,125814500,125883500,69000
38180,chr4,127884500,128157500,273000
38185,chr4,128160500,128437500,277000
38186,chr4,128472500,128753500,281000
38187,chr4,128572500,128753500,181000
38196,chr4,129006500,129170500,164000
38206,chr4,129229500,129269500,40000
38212,chr4,129595500,129677500,82000
38214,chr4,129636500,129714500,78000
38220,chr4,125950500,126007500,57000
38223,chr4,125997500,126096500,99000
38225,chr4,126055500,126151500,96000
38229,chr4,126075500,126154500,79000
38231,chr4,126121500,126170500,49000
38234,chr4,126156500,126204500,48000
38235,chr4,126198500,126421500,223000
38245,chr4,126451500,126571500,120000
38256,chr4,126480500,126775500,295000
38264,chr4,126756500,126870500,114000
38265,chr4,126861500,126915500,54000
38272,chr4,127050500,127093500,43000
38280,chr4,127713500,127865500,152000
38285,chr4,129945500,130082500,137000
38286,chr4,129998500,130187500,189000
38288,chr4,130201500,130391500,190000
38290,chr4,130235500,130619500,384000
38291,chr4,130352500,130390500,38000
38318,chr4,130872500,130906500,34000
38319,chr4,130872500,131213500,341000
38320,chr4,130873500,131158500,285000
38326,chr4,130980500,131400500,420000
38327,chr4,130981500,131348500,367000
38328,chr4,130997500,131423500,426000
38329,chr4,130997500,131092500,95000
38332,chr4,131019500,131495500,476000
38334,chr4,131092500,131565500,473000
38335,chr4,131175500,131568500,393000
38336,chr4,131366500,131565500,199000
38342,chr4,131817500,131849500,32000
38343,chr4,131865500,131905500,40000
38344,chr4,131909500,131995500,86000
38345,chr4,131939500,131988500,49000
38347,chr4,131938500,132036500,98000
38348,chr4,131939500,132073500,134000
38349,chr4,131999500,132150500,151000
38361,chr4,132190500,132241500,51000
38363,chr4,132261500,132461500,200000
38364,chr4,132273500,132364500,91000
38366,chr4,132356500,132404500,48000
38374,chr4,132736500,132915500,179000
38382,chr4,132738500,132846500,108000
38387,chr4,133151500,133222500,71000
38394,chr4,133385500,133627500,242000
38398,chr4,133399500,133626500,227000
38399,chr4,133456500,133544500,88000
38402,chr4,133481500,133614500,133000
38405,chr4,133541500,133627500,86000
38408,chr4,133628500,133694500,66000
38411,chr4,133695500,133745500,50000
38413,chr4,133743500,133808500,65000
38419,chr4,133916500,134040500,124000
38424,chr4,134133500,134425500,292000
38427,chr4,134262500,134580500,318000
38432,chr4,134270500,134551500,281000
38434,chr4,134520500,134640500,120000
38443,chr4,134654500,135079500,425000
38446,chr4,134666500,134963500,297000
38452,chr4,134673500,134794500,121000
38455,chr4,134681500,134962500,281000
38465,chr4,134711500,134878500,167000
38466,chr4,134711500,135040500,329000
38470,chr4,134741500,134853500,112000
38472,chr4,134743500,134794500,51000
38475,chr4,134976500,135045500,69000
38484,chr4,135118500,135512500,394000
38485,chr4,135130500,135484500,354000
38492,chr4,135411500,135496500,85000
38493,chr4,135436500,135496500,60000
38495,chr4,135529500,135614500,85000
38496,chr4,135529500,135647500,118000
38498,chr4,135550500,135603500,53000
38499,chr4,135551500,135615500,64000
38501,chr4,135551500,135668500,117000
38504,chr4,135603500,135647500,44000
38507,chr4,135617500,135688500,71000
38513,chr4,135930500,135987500,57000
38515,chr4,135976500,136332500,356000
38519,chr4,136066500,136282500,216000
38521,chr4,136097500,136181500,84000
38526,chr4,136159500,136348500,189000
38527,chr4,136182500,136290500,108000
38529,chr4,136254500,136348500,94000
38535,chr4,136379500,136496500,117000
38536,chr4,136380500,136766500,386000
38543,chr4,136393500,136496500,103000
38544,chr4,136395500,136603500,208000
38545,chr4,136394500,136799500,405000
38561,chr4,136614500,136977500,363000
38565,chr4,136642500,137020500,378000
38578,chr4,137172500,137392500,220000
38580,chr4,137310500,137363500,53000
38591,chr4,137641500,137977500,336000
38603,chr4,137715500,137879500,164000
38604,chr4,137720500,137977500,257000
38605,chr4,137730500,137899500,169000
38606,chr4,137944500,137989500,45000
38624,chr4,144617500,144777500,160000
38633,chr4,145099500,145148500,49000
38666,chr4,138009500,138155500,146000
38672,chr4,138046500,138610500,564000
38679,chr4,138108500,138611500,503000
38680,chr4,138122500,138182500,60000
38682,chr4,138135500,138499500,364000
38691,chr4,138175500,138274500,99000
38699,chr4,138226500,138522500,296000
38702,chr4,138233500,138289500,56000
38703,chr4,138233500,138577500,344000
38707,chr4,138275500,138427500,152000
38710,chr4,138476500,138520500,44000
38715,chr4,138593500,138724500,131000
38716,chr4,138593500,138742500,149000
38719,chr4,138672500,138804500,132000
38727,chr4,138858500,138921500,63000
38728,chr4,138858500,139037500,179000
38729,chr4,138871500,138949500,78000
38730,chr4,138873500,138933500,60000
38731,chr4,138873500,139013500,140000
38732,chr4,138920500,139037500,117000
38734,chr4,139040500,139108500,68000
38736,chr4,139245500,139336500,91000
38737,chr4,139301500,139340500,39000
38740,chr4,139432500,139547500,115000
38743,chr4,139760500,139973500,213000
38745,chr4,141841500,142003500,162000
38777,chr4,142266500,142538500,272000
38783,chr4,142297500,142475500,178000
38789,chr4,142344500,142491500,147000
38792,chr4,142678500,142747500,69000
38822,chr4,139619500,140199500,580000
38826,chr4,139625500,140210500,585000
38828,chr4,139629500,140159500,530000
38829,chr4,139629500,140186500,557000
38855,chr4,139804500,140207500,403000
38856,chr4,139807500,140220500,413000
38857,chr4,139825500,140217500,392000
38862,chr4,139869500,140254500,385000
38864,chr4,139916500,140160500,244000
38868,chr4,139979500,140196500,217000
38871,chr4,140032500,140196500,164000
38873,chr4,140254500,140405500,151000
38877,chr4,140320500,140441500,121000
38888,chr4,140516500,140759500,243000
38898,chr4,140807500,140848500,41000
38901,chr4,140868500,141016500,148000
38902,chr4,140870500,140925500,55000
38904,chr4,140893500,141017500,124000
38907,chr4,140894500,141089500,195000
38913,chr4,140949500,140993500,44000
38927,chr4,141114500,141191500,77000
38928,chr4,141114500,141548500,434000
38951,chr4,141345500,141518500,173000
38952,chr4,141345500,141549500,204000
38953,chr4,141450500,141518500,68000
38959,chr4,141585500,141825500,240000
39011,chr4,148044500,148201500,157000
39027,chr4,148372500,148514500,142000
39028,chr4,148373500,148473500,100000
39029,chr4,148437500,148473500,36000
39030,chr4,148437500,148515500,78000
39032,chr4,148547500,148691500,144000
39034,chr4,148558500,148634500,76000
39036,chr4,148644500,148687500,43000
39052,chr4,148749500,149125500,376000
39058,chr4,148766500,149133500,367000
39074,chr4,148789500,149073500,284000
39085,chr4,148815500,149084500,269000
39093,chr4,148888500,149133500,245000
39096,chr4,149028500,149185500,157000
39098,chr4,149186500,149251500,65000
39112,chr4,149227500,149357500,130000
39113,chr4,149227500,149575500,348000
39114,chr4,149227500,149676500,449000
39116,chr4,149229500,149336500,107000
39122,chr4,149253500,149648500,395000
39134,chr4,149511500,149602500,91000
39136,chr4,149546500,149675500,129000
39138,chr4,149603500,149693500,90000
39143,chr4,149823500,149858500,35000
39152,chr4,152019500,152123500,104000
39153,chr4,152066500,152180500,114000
39156,chr4,152080500,152171500,91000
39158,chr4,152093500,152171500,78000
39159,chr4,152094500,152214500,120000
39162,chr4,152164500,152202500,38000
39166,chr4,152298500,152575500,277000
39168,chr4,152410500,152561500,151000
39181,chr4,152769500,153116500,347000
39187,chr4,152784500,152852500,68000
39188,chr4,152785500,153176500,391000
39189,chr4,152785500,153194500,409000
39210,chr4,152984500,153172500,188000
39216,chr4,153304500,153501500,197000
39217,chr4,153306500,153426500,120000
39220,chr4,153503500,153846500,343000
39221,chr4,153593500,153786500,193000
39223,chr4,149809500,150042500,233000
39224,chr4,149823500,150092500,269000
39228,chr4,149857500,150226500,369000
39229,chr4,149891500,150128500,237000
39234,chr4,150258500,150304500,46000
39239,chr4,150278500,150381500,103000
39254,chr4,150431500,150616500,185000
39255,chr4,150431500,150640500,209000
39257,chr4,150456500,150619500,163000
39258,chr4,150476500,150590500,114000
39259,chr4,150710500,151049500,339000
39260,chr4,150740500,150841500,101000
39261,chr4,150740500,151010500,270000
39269,chr4,150841500,150971500,130000
39270,chr4,150939500,150994500,55000
39274,chr4,151000500,151129500,129000
39275,chr4,151050500,151111500,61000
39276,chr4,151051500,151091500,40000
39278,chr4,151092500,151225500,133000
39281,chr4,151128500,151193500,65000
39282,chr4,151129500,151225500,96000
39284,chr4,151142500,151192500,50000
39292,chr4,151242500,151567500,325000
39302,chr4,151352500,151790500,438000
39304,chr4,151366500,151780500,414000
39306,chr4,151367500,151491500,124000
39313,chr4,151474500,151608500,134000
39318,chr4,151568500,151778500,210000
39320,chr4,151582500,151724500,142000
39323,chr4,151595500,151962500,367000
39331,chr4,151863500,151964500,101000
39342,chr4,154059500,154226500,167000
39350,chr4,154112500,154386500,274000
39356,chr4,154166500,154383500,217000
39368,chr4,154347500,154877500,530000
39372,chr4,154384500,154720500,336000
39381,chr4,154439500,154838500,399000
39382,chr4,154439500,154870500,431000
39383,chr4,154440500,154850500,410000
39385,chr4,154444500,154741500,297000
39388,chr4,154468500,154885500,417000
39389,chr4,154478500,154720500,242000
39390,chr4,154503500,154758500,255000
39391,chr4,154506500,154909500,403000
39392,chr4,154532500,154882500,350000
39394,chr4,154883500,155148500,265000
39398,chr4,155029500,155334500,305000
39399,chr4,155046500,155307500,261000
39400,chr4,155049500,155334500,285000
39404,chr4,155158500,155364500,206000
39407,chr4,155179500,155363500,184000
39415,chr4,155352500,155392500,40000
39416,chr4,155405500,155442500,37000
39417,chr4,155446500,155685500,239000
39421,chr4,155709500,155753500,44000
39425,chr4,155916500,156028500,112000
39427,chr4,155976500,156028500,52000
39428,chr4,155976500,156076500,100000
39432,chr4,156028500,156194500,166000
39434,chr4,156044500,156117500,73000
39435,chr4,156078500,156116500,38000
39436,chr4,156117500,156320500,203000
39438,chr4,156194500,156280500,86000
39469,chr5,3343500,3392500,49000
39476,chr5,3594500,3645500,51000
39482,chr5,3974500,4083500,109000
39504,chr5,8746500,8858500,112000
39519,chr5,12282500,12317500,35000
39554,chr5,21906500,21990500,84000
39561,chr5,22274500,22319500,45000
39577,chr5,23880500,23990500,110000
39595,chr5,24600500,24856500,256000
39597,chr5,24630500,24781500,151000
39598,chr5,24631500,24732500,101000
39604,chr5,24890500,24955500,65000
39608,chr5,25228500,25287500,59000
39609,chr5,25228500,25385500,157000
39612,chr5,25625500,25888500,263000
39613,chr5,25626500,25876500,250000
39615,chr5,25687500,25797500,110000
39641,chr5,27278500,27775500,497000
39660,chr5,27378500,27621500,243000
39676,chr5,27943500,28282500,339000
39692,chr5,28298500,28443500,145000
39693,chr5,28327500,28499500,172000
39695,chr5,28352500,28484500,132000
39701,chr5,28430500,28493500,63000
39710,chr5,28657500,29478500,821000
39723,chr5,28680500,29214500,534000
39758,chr5,29126500,29201500,75000
39774,chr5,29584500,29639500,55000
39779,chr5,29640500,29774500,134000
39780,chr5,29640500,29683500,43000
39805,chr5,30028500,30270500,242000
39806,chr5,30029500,30280500,251000
39807,chr5,30033500,30175500,142000
39817,chr5,30310500,30500500,190000
39824,chr5,30616500,30796500,180000
39828,chr5,30868500,30972500,104000
39832,chr5,30964500,31013500,49000
39841,chr5,31045500,31251500,206000
39855,chr5,31212500,31250500,38000
39880,chr5,31502500,31577500,75000
39892,chr5,31577500,31628500,51000
39895,chr5,31771500,31854500,83000
39898,chr5,31720500,32083500,363000
39904,chr5,31744500,32323500,579000
39930,chr5,32118500,32297500,179000
39931,chr5,32120500,32355500,235000
39947,chr5,32464500,32704500,240000
39949,chr5,32495500,32617500,122000
39962,chr5,32768500,32943500,175000
39963,chr5,32770500,32813500,43000
39966,chr5,32780500,32844500,64000
39977,chr5,32871500,32942500,71000
39978,chr5,32943500,33011500,68000
39980,chr5,32943500,33176500,233000
39982,chr5,32998500,33190500,192000
39989,chr5,33195500,33262500,67000
39995,chr5,33361500,33427500,66000
39996,chr5,33362500,33550500,188000
39998,chr5,33434500,33467500,33000
40002,chr5,33500500,33748500,248000
40005,chr5,33594500,33785500,191000
40006,chr5,33600500,33747500,147000
40007,chr5,33652500,33700500,48000
40008,chr5,33692500,33786500,94000
40015,chr5,33879500,33977500,98000
40016,chr5,33917500,33977500,60000
40021,chr5,41891500,41924500,33000
40026,chr5,37948500,38246500,298000
40028,chr5,37985500,38075500,90000
40035,chr5,38687500,38789500,102000
40037,chr5,38718500,38855500,137000
40041,chr5,35811500,36015500,204000
40050,chr5,36165500,36598500,433000
40052,chr5,36192500,36447500,255000
40054,chr5,36192500,36480500,288000
40064,chr5,36739500,36853500,114000
40065,chr5,36852500,36906500,54000
40066,chr5,36852500,36953500,101000
40068,chr5,36914500,37077500,163000
40073,chr5,36978500,37077500,99000
40077,chr5,37146500,37185500,39000
40081,chr5,37276500,37320500,44000
40087,chr5,37512500,37864500,352000
40088,chr5,37541500,37866500,325000
40089,chr5,37541500,37910500,369000
40090,chr5,37554500,37864500,310000
40091,chr5,37592500,37866500,274000
40092,chr5,37593500,37909500,316000
40099,chr5,33879500,34092500,213000
40102,chr5,33978500,34140500,162000
40104,chr5,34011500,34089500,78000
40106,chr5,34093500,34153500,60000
40111,chr5,34154500,34326500,172000
40113,chr5,34255500,34394500,139000
40116,chr5,34327500,34445500,118000
40118,chr5,34345500,34493500,148000
40123,chr5,34429500,34695500,266000
40124,chr5,34445500,34493500,48000
40125,chr5,34446500,34672500,226000
40132,chr5,34527500,34671500,144000
40135,chr5,34671500,34730500,59000
40138,chr5,34705500,34747500,42000
40146,chr5,34826500,35071500,245000
40152,chr5,34927500,35018500,91000
40153,chr5,34977500,35201500,224000
40156,chr5,35075500,35290500,215000
40158,chr5,35091500,35246500,155000
40159,chr5,35249500,35288500,39000
40160,chr5,35262500,35437500,175000
40161,chr5,35290500,35506500,216000
40162,chr5,35334500,35668500,334000
40163,chr5,35335500,35436500,101000
40165,chr5,35354500,35609500,255000
40166,chr5,35437500,35682500,245000
40175,chr5,35753500,35837500,84000
40176,chr5,35786500,35853500,67000
40177,chr5,35858500,35952500,94000
40195,chr5,44051500,44179500,128000
40196,chr5,44080500,44261500,181000
40197,chr5,44104500,44258500,154000
40212,chr5,45665500,45833500,168000
40248,chr5,52900500,52939500,39000
40255,chr5,53483500,53795500,312000
40262,chr5,53534500,53751500,217000
40267,chr5,53665500,53747500,82000
40287,chr5,64317500,64387500,70000
40290,chr5,64397500,64431500,34000
40301,chr5,64519500,65127500,608000
40318,chr5,64615500,64999500,384000
40319,chr5,64619500,65028500,409000
40321,chr5,64663500,64804500,141000
40337,chr5,64769500,64859500,90000
40339,chr5,64805500,65022500,217000
40340,chr5,64859500,65022500,163000
40348,chr5,65084500,65156500,72000
40351,chr5,65126500,65266500,140000
40352,chr5,65162500,65429500,267000
40354,chr5,65265500,65357500,92000
40356,chr5,65494500,65649500,155000
40358,chr5,65559500,65853500,294000
40361,chr5,65593500,65648500,55000
40362,chr5,65593500,65854500,261000
40363,chr5,65594500,65694500,100000
40364,chr5,65650500,65921500,271000
40382,chr5,67982500,68030500,48000
40404,chr5,73049500,73117500,68000
40415,chr5,73228500,73539500,311000
40418,chr5,73291500,73381500,90000
40423,chr5,73379500,73537500,158000
40427,chr5,73549500,73794500,245000
40428,chr5,73562500,73796500,234000
40429,chr5,73588500,73859500,271000
40435,chr5,73842500,73897500,55000
40438,chr5,65883500,66112500,229000
40439,chr5,65900500,66110500,210000
40446,chr5,66134500,66370500,236000
40447,chr5,66160500,66213500,53000
40448,chr5,66214500,66393500,179000
40449,chr5,66240500,66366500,126000
40461,chr5,66565500,66777500,212000
40495,chr5,67319500,67360500,41000
40498,chr5,67464500,67583500,119000
40502,chr5,67690500,67765500,75000
40505,chr5,73848500,74105500,257000
40520,chr5,74231500,74438500,207000
40543,chr5,74787500,75319500,532000
40545,chr5,74940500,75078500,138000
40561,chr5,75398500,75519500,121000
40562,chr5,75400500,75534500,134000
40563,chr5,75434500,75534500,100000
40570,chr5,75660500,75897500,237000
40585,chr5,76139500,76287500,148000
40588,chr5,76202500,76264500,62000
40594,chr5,76331500,76452500,121000
40598,chr5,76470500,76515500,45000
40600,chr5,76736500,76805500,69000
40602,chr5,76794500,76999500,205000
40603,chr5,76872500,76993500,121000
40604,chr5,76915500,77025500,110000
40605,chr5,76916500,77051500,135000
40609,chr5,77061500,77113500,52000
40614,chr5,77146500,77209500,63000
40615,chr5,77146500,77256500,110000
40620,chr5,77177500,77257500,80000
40621,chr5,77219500,77318500,99000
40685,chr5,89071500,89398500,327000
40695,chr5,89691500,89789500,98000
40711,chr5,90363500,90434500,71000
40730,chr5,91111500,91454500,343000
40750,chr5,91665500,92024500,359000
40758,chr5,92224500,92386500,162000
40761,chr5,92401500,92546500,145000
40763,chr5,92425500,92544500,119000
40769,chr5,92583500,92822500,239000
40775,chr5,92825500,93152500,327000
40780,chr5,92877500,93039500,162000
40782,chr5,93135500,93192500,57000
40783,chr5,93136500,93415500,279000
40785,chr5,93153500,93241500,88000
40787,chr5,93164500,93313500,149000
40788,chr5,93192500,93416500,224000
40798,chr5,98332500,98459500,127000
40799,chr5,98496500,99026500,530000
40806,chr5,99350500,99761500,411000
40854,chr5,101251500,101287500,36000
40874,chr5,104078500,104170500,92000
40893,chr5,104872500,104919500,47000
40942,chr5,101959500,102222500,263000
40946,chr5,102041500,102079500,38000
40957,chr5,102391500,102452500,61000
40970,chr5,102671500,102731500,60000
40979,chr5,102914500,103023500,109000
40983,chr5,103491500,103683500,192000
40987,chr5,103504500,103683500,179000
40998,chr5,107938500,108007500,69000
40999,chr5,108016500,108134500,118000
41000,chr5,108049500,108134500,85000
41006,chr5,108136500,108281500,145000
41019,chr5,108516500,108609500,93000
41021,chr5,108609500,108841500,232000
41022,chr5,108840500,108875500,35000
41037,chr5,106135500,106422500,287000
41038,chr5,106135500,106522500,387000
41039,chr5,106137500,106443500,306000
41041,chr5,106150500,106235500,85000
41042,chr5,106149500,106422500,273000
41043,chr5,106150500,106364500,214000
41044,chr5,106203500,106301500,98000
41059,chr5,106722500,106950500,228000
41070,chr5,107009500,107112500,103000
41078,chr5,107013500,107064500,51000
41102,chr5,107112500,107436500,324000
41103,chr5,107113500,107507500,394000
41114,chr5,107144500,107302500,158000
41121,chr5,107165500,107411500,246000
41123,chr5,107166500,107397500,231000
41128,chr5,107181500,107256500,75000
41133,chr5,107507500,107585500,78000
41134,chr5,107551500,107585500,34000
41136,chr5,107929500,107994500,65000
41168,chr5,110257500,110323500,66000
41170,chr5,110284500,110324500,40000
41171,chr5,110324500,110376500,52000
41177,chr5,110473500,110831500,358000
41180,chr5,110596500,110692500,96000
41183,chr5,110802500,110928500,126000
41206,chr5,111032500,111464500,432000
41207,chr5,111050500,111358500,308000
41208,chr5,111051500,111337500,286000
41209,chr5,111055500,111458500,403000
41212,chr5,111077500,111372500,295000
41214,chr5,111104500,111342500,238000
41220,chr5,111127500,111404500,277000
41225,chr5,111144500,111335500,191000
41227,chr5,111148500,111405500,257000
41229,chr5,111187500,111338500,151000
41233,chr5,111478500,111565500,87000
41234,chr5,111564500,111985500,421000
41238,chr5,111611500,111906500,295000
41239,chr5,111876500,111997500,121000
41268,chr5,111790500,112301500,511000
41269,chr5,111831500,112301500,470000
41273,chr5,111914500,112302500,388000
41280,chr5,112303500,112357500,54000
41284,chr5,112424500,112473500,49000
41287,chr5,112492500,112541500,49000
41295,chr5,112580500,112722500,142000
41296,chr5,112581500,112654500,73000
41297,chr5,112581500,112790500,209000
41301,chr5,112602500,113012500,410000
41302,chr5,112610500,113152500,542000
41303,chr5,112612500,112846500,234000
41304,chr5,112618500,112654500,36000
41308,chr5,112650500,113207500,557000
41312,chr5,112699500,112995500,296000
41313,chr5,112700500,112788500,88000
41314,chr5,112723500,112790500,67000
41315,chr5,112922500,113037500,115000
41316,chr5,112938500,113204500,266000
41318,chr5,112962500,113202500,240000
41319,chr5,112997500,113202500,205000
41333,chr5,113434500,113496500,62000
41340,chr5,113461500,113496500,35000
41345,chr5,113480500,113723500,243000
41346,chr5,113480500,113910500,430000
41347,chr5,113481500,113951500,470000
41350,chr5,113493500,113723500,230000
41371,chr5,113723500,113801500,78000
41395,chr5,116308500,116677500,369000
41400,chr5,116427500,116547500,120000
41401,chr5,116445500,116678500,233000
41412,chr5,116823500,117066500,243000
41413,chr5,117033500,117175500,142000
41414,chr5,117033500,117207500,174000
41415,chr5,117083500,117208500,125000
41419,chr5,117254500,117632500,378000
41436,chr5,117723500,117975500,252000
41439,chr5,117831500,117975500,144000
41441,chr5,113910500,114046500,136000
41442,chr5,113912500,114092500,180000
41443,chr5,113990500,114183500,193000
41447,chr5,114094500,114266500,172000
41448,chr5,114095500,114252500,157000
41449,chr5,114095500,114290500,195000
41451,chr5,114187500,114447500,260000
41456,chr5,114314500,114705500,391000
41461,chr5,114518500,114706500,188000
41462,chr5,114581500,114756500,175000
41463,chr5,114582500,114705500,123000
41465,chr5,114600500,114693500,93000
41470,chr5,114763500,114997500,234000
41471,chr5,114775500,114997500,222000
41472,chr5,114777500,114833500,56000
41478,chr5,114810500,115046500,236000
41484,chr5,114904500,114996500,92000
41491,chr5,114963500,115078500,115000
41494,chr5,115118500,115327500,209000
41501,chr5,115325500,115602500,277000
41506,chr5,115381500,115433500,52000
41518,chr5,115513500,115602500,89000
41524,chr5,115769500,115870500,101000
41528,chr5,117649500,118001500,352000
41532,chr5,117831500,118070500,239000
41533,chr5,118076500,118206500,130000
41534,chr5,118142500,118229500,87000
41537,chr5,118294500,118382500,88000
41549,chr5,118428500,118875500,447000
41552,chr5,118467500,118621500,154000
41553,chr5,118470500,118730500,260000
41554,chr5,118490500,118574500,84000
41555,chr5,118537500,118821500,284000
41556,chr5,118572500,118902500,330000
41575,chr5,119014500,119403500,389000
41576,chr5,119017500,119067500,50000
41577,chr5,119017500,119192500,175000
41590,chr5,119511500,119824500,313000
41591,chr5,119511500,119847500,336000
41592,chr5,119512500,119809500,297000
41593,chr5,119522500,119828500,306000
41594,chr5,119725500,119766500,41000
41595,chr5,119752500,119806500,54000
41610,chr5,120254500,120575500,321000
41613,chr5,120268500,120597500,329000
41617,chr5,120390500,120579500,189000
41618,chr5,120439500,120565500,126000
41622,chr5,120730500,120883500,153000
41623,chr5,120757500,120902500,145000
41624,chr5,120757500,120918500,161000
41628,chr5,120786500,120882500,96000
41632,chr5,120931500,121003500,72000
41643,chr5,120977500,121091500,114000
41674,chr5,121799500,121849500,50000
41687,chr5,126433500,126465500,32000
41704,chr5,126749500,126837500,88000
41708,chr5,126986500,127072500,86000
41724,chr5,127516500,127558500,42000
41730,chr5,121857500,122228500,371000
41731,chr5,121905500,122225500,320000
41733,chr5,122082500,122214500,132000
41739,chr5,122268500,122349500,81000
41747,chr5,122297500,122510500,213000
41755,chr5,122510500,122639500,129000
41779,chr5,122766500,122865500,99000
41780,chr5,122778500,122864500,86000
41784,chr5,122949500,123032500,83000
41787,chr5,123038500,123126500,88000
41790,chr5,123063500,123151500,88000
41791,chr5,123063500,123197500,134000
41792,chr5,123107500,123183500,76000
41795,chr5,123152500,123275500,123000
41802,chr5,123389500,123638500,249000
41805,chr5,123436500,123575500,139000
41806,chr5,123459500,123756500,297000
41807,chr5,123483500,123531500,48000
41808,chr5,123483500,123661500,178000
41812,chr5,123524500,123729500,205000
41813,chr5,123532500,123662500,130000
41815,chr5,123664500,123709500,45000
41826,chr5,127967500,128015500,48000
41834,chr5,128045500,128480500,435000
41841,chr5,128075500,128516500,441000
41851,chr5,128114500,128189500,75000
41853,chr5,128114500,128311500,197000
41855,chr5,128115500,128174500,59000
41862,chr5,128566500,128742500,176000
41870,chr5,128854500,129046500,192000
41871,chr5,128922500,129032500,110000
41872,chr5,128921500,129046500,125000
41914,chr5,129255500,129296500,41000
41915,chr5,129256500,129602500,346000
41918,chr5,129283500,129618500,335000
41921,chr5,129320500,129359500,39000
41925,chr5,129431500,129661500,230000
41927,chr5,129578500,129661500,83000
41928,chr5,129662500,129802500,140000
41952,chr5,123822500,124045500,223000
41966,chr5,123901500,124523500,622000
41983,chr5,124072500,124222500,150000
41992,chr5,124465500,124678500,213000
41993,chr5,124466500,124582500,116000
41995,chr5,124492500,124716500,224000
42000,chr5,124530500,124710500,180000
42002,chr5,124564500,124690500,126000
42003,chr5,124563500,124717500,154000
42008,chr5,124638500,124676500,38000
42013,chr5,124740500,124853500,113000
42014,chr5,124740500,124864500,124000
42017,chr5,124832500,125320500,488000
42018,chr5,124854500,124976500,122000
42019,chr5,124856500,125308500,452000
42022,chr5,124870500,125308500,438000
42031,chr5,124978500,125424500,446000
42033,chr5,125021500,125345500,324000
42038,chr5,125167500,125312500,145000
42039,chr5,125184500,125312500,128000
42041,chr5,125198500,125267500,69000
42043,chr5,125361500,125484500,123000
42045,chr5,125381500,125417500,36000
42048,chr5,125520500,125584500,64000
42049,chr5,125520500,125601500,81000
42053,chr5,125606500,125941500,335000
42058,chr5,125785500,125878500,93000
42059,chr5,125823500,125877500,54000
42060,chr5,129942500,130066500,124000
42064,chr5,130028500,130094500,66000
42068,chr5,130108500,130250500,142000
42069,chr5,130200500,130250500,50000
42070,chr5,130201500,130283500,82000
42082,chr5,130616500,130690500,74000
42084,chr5,130689500,130800500,111000
42087,chr5,130898500,131036500,138000
42096,chr5,131037500,131320500,283000
42097,chr5,131038500,131183500,145000
42100,chr5,131106500,131269500,163000
42101,chr5,131125500,131204500,79000
42102,chr5,131136500,131268500,132000
42107,chr5,131459500,131521500,62000
42119,chr5,131909500,132002500,93000
42121,chr5,132532500,132614500,82000
42125,chr5,133655500,133830500,175000
42126,chr5,133844500,133927500,83000
42131,chr5,134256500,134516500,260000
42132,chr5,134292500,134507500,215000
42140,chr5,134535500,134604500,69000
42142,chr5,134613500,134665500,52000
42143,chr5,134613500,134732500,119000
42144,chr5,134668500,134717500,49000
42145,chr5,134681500,134732500,51000
42150,chr5,134935500,135105500,170000
42158,chr5,135237500,135315500,78000
42160,chr5,135429500,135559500,130000
42162,chr5,135446500,135763500,317000
42163,chr5,135457500,135524500,67000
42164,chr5,135518500,135806500,288000
42165,chr5,135540500,135641500,101000
42185,chr5,135947500,135994500,47000
42189,chr5,135830500,136089500,259000
42190,chr5,135832500,136167500,335000
42191,chr5,135907500,136074500,167000
42192,chr5,135906500,136215500,309000
42194,chr5,135929500,136110500,181000
42196,chr5,135930500,136073500,143000
42197,chr5,135930500,136133500,203000
42198,chr5,135930500,136213500,283000
42201,chr5,135964500,136130500,166000
42202,chr5,136011500,136112500,101000
42203,chr5,136011500,136214500,203000
42211,chr5,136132500,136165500,33000
42214,chr5,136172500,136215500,43000
42253,chr5,136287500,136356500,69000
42256,chr5,136293500,136616500,323000
42272,chr5,136351500,136784500,433000
42279,chr5,136437500,136717500,280000
42280,chr5,136596500,136735500,139000
42282,chr5,136736500,136784500,48000
42286,chr5,136820500,137135500,315000
42288,chr5,136956500,137039500,83000
42291,chr5,136981500,137059500,78000
42292,chr5,136982500,137015500,33000
42295,chr5,137008500,137136500,128000
42298,chr5,137028500,137290500,262000
42304,chr5,137091500,137135500,44000
42313,chr5,137333500,137500500,167000
42315,chr5,137348500,137530500,182000
42317,chr5,137349500,137500500,151000
42330,chr5,137682500,137785500,103000
42331,chr5,137786500,137933500,147000
42357,chr5,141973500,142276500,303000
42360,chr5,142354500,142449500,95000
42362,chr5,142438500,142688500,250000
42366,chr5,142487500,142840500,353000
42367,chr5,142566500,142828500,262000
42373,chr5,142911500,142947500,36000
42374,chr5,142924500,143299500,375000
42377,chr5,142947500,143300500,353000
42379,chr5,143116500,143270500,154000
42381,chr5,143165500,143239500,74000
42405,chr5,143534500,143802500,268000
42406,chr5,143535500,143846500,311000
42407,chr5,143615500,143697500,82000
42408,chr5,143804500,143846500,42000
42418,chr5,139796500,140378500,582000
42425,chr5,139817500,140363500,546000
42430,chr5,139832500,140356500,524000
42431,chr5,139846500,140334500,488000
42434,chr5,139860500,140258500,398000
42436,chr5,139861500,140284500,423000
42440,chr5,139876500,140278500,402000
42444,chr5,139909500,140259500,350000
42445,chr5,139909500,140363500,454000
42446,chr5,139910500,140126500,216000
42447,chr5,139911500,140277500,366000
42449,chr5,139933500,140126500,193000
42450,chr5,139968500,140251500,283000
42451,chr5,139970500,140277500,307000
42452,chr5,139970500,140127500,157000
42453,chr5,140027500,140278500,251000
42455,chr5,140127500,140278500,151000
42462,chr5,140405500,140491500,86000
42471,chr5,140833500,140875500,42000
42472,chr5,140833500,140920500,87000
42507,chr5,144192500,144482500,290000
42509,chr5,144203500,144319500,116000
42517,chr5,144294500,144483500,189000
42524,chr5,144384500,144442500,58000
42525,chr5,144393500,144483500,90000
42526,chr5,144404500,144630500,226000
42537,chr5,144576500,144631500,55000
42539,chr5,144705500,144902500,197000
42541,chr5,144844500,144923500,79000
42544,chr5,145128500,145168500,40000
42546,chr5,145154500,145239500,85000
42574,chr5,137973500,138134500,161000
42582,chr5,138170500,138254500,84000
42587,chr5,138193500,138278500,85000
42600,chr5,138237500,138331500,94000
42618,chr5,138330500,138425500,95000
42652,chr5,138980500,139152500,172000
42653,chr5,138985500,139164500,179000
42655,chr5,139096500,139132500,36000
42657,chr5,139153500,139311500,158000
42659,chr5,139238500,139330500,92000
42661,chr5,139348500,139424500,76000
42662,chr5,139348500,139654500,306000
42666,chr5,139454500,139654500,200000
42667,chr5,139455500,139732500,277000
42673,chr5,139572500,139655500,83000
42675,chr5,139672500,139721500,49000
42676,chr5,139722500,139776500,54000
42680,chr5,139824500,139892500,68000
42686,chr5,150093500,150130500,37000
42694,chr5,150598500,150852500,254000
42696,chr5,150688500,150852500,164000
42700,chr5,151215500,151292500,77000
42728,chr5,147948500,148205500,257000
42731,chr5,148017500,148231500,214000
42732,chr5,148086500,148166500,80000
42734,chr5,148241500,148389500,148000
42748,chr5,148290500,148564500,274000
42751,chr5,148308500,148516500,208000
42753,chr5,148309500,148639500,330000
42755,chr5,148335500,148488500,153000
42756,chr5,148358500,148657500,299000
42760,chr5,148390500,148515500,125000
42761,chr5,148403500,148637500,234000
42762,chr5,148430500,148684500,254000
42765,chr5,148746500,148975500,229000
42773,chr5,148960500,149293500,333000
42780,chr5,149009500,149280500,271000
42781,chr5,149050500,149165500,115000
42786,chr5,149198500,149259500,61000
42787,chr5,149281500,149379500,98000
42789,chr5,149477500,149558500,81000
42793,chr5,149566500,149615500,49000
42794,chr5,149581500,149653500,72000
42795,chr5,149587500,149634500,47000
42799,chr5,149617500,149944500,327000
42800,chr5,149703500,149774500,71000
42802,chr5,149784500,149921500,137000
42804,chr5,149807500,149972500,165000
42824,chr5,146630500,147098500,468000
42830,chr5,146694500,146772500,78000
42833,chr5,146753500,146840500,87000
42834,chr5,146769500,146831500,62000
42838,chr5,146832500,147091500,259000
42843,chr5,146900500,147124500,224000
42844,chr5,146901500,147207500,306000
42846,chr5,146939500,147164500,225000
42847,chr5,147014500,147092500,78000
42848,chr5,147014500,147125500,111000
42849,chr5,147030500,147253500,223000
42850,chr5,147058500,147122500,64000
42853,chr5,147092500,147243500,151000
42854,chr5,147101500,147256500,155000
42858,chr5,147273500,147331500,58000
42867,chr5,147322500,147575500,253000
42868,chr5,147325500,147549500,224000
42882,chr5,147425500,147476500,51000
42884,chr5,147482500,147670500,188000
42889,chr5,147520500,147814500,294000
42894,chr5,147591500,147669500,78000
42899,chr5,147662500,147830500,168000
42906,chr5,147785500,147844500,59000
42927,chr6,4198500,4232500,34000
42936,chr6,4652500,4798500,146000
42937,chr6,4675500,4901500,226000
42943,chr6,4748500,4892500,144000
42949,chr6,4983500,5017500,34000
42951,chr6,5132500,5400500,268000
42952,chr6,5135500,5378500,243000
42957,chr6,5299500,5382500,83000
42964,chr6,5423500,5497500,74000
42971,chr6,5467500,5543500,76000
42975,chr6,5496500,5576500,80000
42980,chr6,5640500,5826500,186000
43026,chr6,6136500,6290500,154000
43108,chr6,17637500,17839500,202000
43111,chr6,17677500,17864500,187000
43137,chr6,22356500,22492500,136000
43144,chr6,22979500,23125500,146000
43163,chr6,28422500,28903500,481000
43164,chr6,28423500,28460500,37000
43171,chr6,29026500,29144500,118000
43176,chr6,29304500,29486500,182000
43177,chr6,29305500,29352500,47000
43178,chr6,29371500,29649500,278000
43180,chr6,29398500,29433500,35000
43181,chr6,29433500,29526500,93000
43182,chr6,29468500,29610500,142000
43185,chr6,29761500,29965500,204000
43200,chr6,32632500,32672500,40000
43210,chr6,29916500,30048500,132000
43215,chr6,30027500,30161500,134000
43217,chr6,30059500,30357500,298000
43219,chr6,30125500,30205500,80000
43230,chr6,30401500,30509500,108000
43264,chr6,30798500,30840500,42000
43265,chr6,31113500,31433500,320000
43266,chr6,31167500,31430500,263000
43268,chr6,31196500,31261500,65000
43269,chr6,31295500,31346500,51000
43273,chr6,33908500,34018500,110000
43277,chr6,34039500,34223500,184000
43278,chr6,34051500,34207500,156000
43281,chr6,34170500,34323500,153000
43285,chr6,34349500,34424500,75000
43286,chr6,34452500,34854500,402000
43290,chr6,34489500,34854500,365000
43294,chr6,34932500,34972500,40000
43321,chr6,37105500,37268500,163000
43324,chr6,37476500,37976500,500000
43333,chr6,37568500,37782500,214000
43336,chr6,37569500,37913500,344000
43338,chr6,37620500,37846500,226000
43340,chr6,37635500,37847500,212000
43341,chr6,37636500,37803500,167000
43342,chr6,37667500,37744500,77000
43344,chr6,37667500,37834500,167000
43346,chr6,37723500,37825500,102000
43351,chr6,37802500,37834500,32000
43356,chr6,37501500,38023500,522000
43363,chr6,38106500,38238500,132000
43364,chr6,38106500,38303500,197000
43366,chr6,38331500,38411500,80000
43367,chr6,38358500,38411500,53000
43370,chr6,38469500,38621500,152000
43371,chr6,38469500,38673500,204000
43379,chr6,38646500,39044500,398000
43382,chr6,38675500,39023500,348000
43383,chr6,38680500,38909500,229000
43387,chr6,38767500,38888500,121000
43389,chr6,38851500,38994500,143000
43390,chr6,39163500,39273500,110000
43391,chr6,39274500,39321500,47000
43394,chr6,39355500,39569500,214000
43402,chr6,39629500,39760500,131000
43403,chr6,39632500,39730500,98000
43405,chr6,39674500,39731500,57000
43413,chr6,47295500,47431500,136000
43416,chr6,47373500,47486500,113000
43423,chr6,47774500,47806500,32000
43427,chr6,47812500,47953500,141000
43428,chr6,47813500,47855500,42000
43441,chr6,42622500,42669500,47000
43450,chr6,47812500,48025500,213000
43451,chr6,47854500,48025500,171000
43453,chr6,48003500,48041500,38000
43456,chr6,48063500,48373500,310000
43478,chr6,48372500,48532500,160000
43479,chr6,48373500,48481500,108000
43481,chr6,48531500,48572500,41000
43486,chr6,48794500,48889500,95000
43487,chr6,49015500,49120500,105000
43496,chr6,49075500,49192500,117000
43499,chr6,49209500,49297500,88000
43509,chr6,49297500,49374500,77000
43512,chr6,49432500,49475500,43000
43550,chr6,57680500,57801500,121000
43568,chr6,53958500,54140500,182000
43569,chr6,53961500,54204500,243000
43570,chr6,53993500,54073500,80000
43571,chr6,54011500,54181500,170000
43573,chr6,54035500,54204500,169000
43580,chr6,54658500,54793500,135000
43581,chr6,54658500,55015500,357000
43584,chr6,54683500,54791500,108000
43585,chr6,54794500,54969500,175000
43586,chr6,54794500,54930500,136000
43594,chr6,54994500,55180500,186000
43604,chr6,55527500,55692500,165000
43615,chr6,55845500,55909500,64000
43637,chr6,52168500,52208500,40000
43639,chr6,52179500,52223500,44000
43645,chr6,52233500,52759500,526000
43657,chr6,52263500,52602500,339000
43662,chr6,52276500,52831500,555000
43680,chr6,52555500,52817500,262000
43681,chr6,52591500,52727500,136000
43684,chr6,52723500,52815500,92000
43700,chr6,53512500,53656500,144000
43701,chr6,53535500,53589500,54000
43702,chr6,53758500,53935500,177000
43733,chr6,50090500,50174500,84000
43746,chr6,50380500,50429500,49000
43755,chr6,50656500,50875500,219000
43765,chr6,50934500,51091500,157000
43771,chr6,51178500,51726500,548000
43774,chr6,51181500,51631500,450000
43778,chr6,51185500,51419500,234000
43801,chr6,51245500,51554500,309000
43802,chr6,51248500,51409500,161000
43803,chr6,51247500,51523500,276000
43804,chr6,51248500,51339500,91000
43813,chr6,51340500,51557500,217000
43816,chr6,51360500,51485500,125000
43818,chr6,51409500,51447500,38000
43821,chr6,51447500,51501500,54000
43835,chr6,51772500,51834500,62000
43839,chr6,63805500,63842500,37000
43848,chr6,59226500,59403500,177000
43859,chr6,60323500,60385500,62000
43913,chr6,66170500,66209500,39000
43925,chr6,67177500,67257500,80000
43931,chr6,67427500,67526500,99000
43943,chr6,70769500,70821500,52000
43945,chr6,70994500,71102500,108000
43971,chr6,71400500,71780500,380000
43972,chr6,71417500,71521500,104000
43973,chr6,71418500,71685500,267000
43981,chr6,71468500,71782500,314000
43983,chr6,71471500,71520500,49000
43985,chr6,71522500,71585500,63000
43993,chr6,71568500,71849500,281000
43997,chr6,71584500,71747500,163000
44011,chr6,71837500,71893500,56000
44032,chr6,72075500,72211500,136000
44033,chr6,72142500,72238500,96000
44058,chr6,72512500,72808500,296000
44059,chr6,72516500,72575500,59000
44068,chr6,72827500,73130500,303000
44070,chr6,72829500,72996500,167000
44077,chr6,73011500,73129500,118000
44091,chr6,81902500,81941500,39000
44098,chr6,81933500,82095500,162000
44106,chr6,81964500,82044500,80000
44116,chr6,82087500,82357500,270000
44123,chr6,82468500,82580500,112000
44124,chr6,82586500,82711500,125000
44128,chr6,82627500,82712500,85000
44129,chr6,82629500,82750500,121000
44136,chr6,82691500,82821500,130000
44139,chr6,82703500,82748500,45000
44141,chr6,82717500,82820500,103000
44145,chr6,82796500,82869500,73000
44151,chr6,82974500,83162500,188000
44153,chr6,82974500,83032500,58000
44163,chr6,83084500,83242500,158000
44169,chr6,83104500,83256500,152000
44186,chr6,83368500,83615500,247000
44188,chr6,83433500,83483500,50000
44190,chr6,83483500,83549500,66000
44191,chr6,83526500,83580500,54000
44192,chr6,83557500,83611500,54000
44193,chr6,83560500,83754500,194000
44197,chr6,83772500,83808500,36000
44200,chr6,83808500,83891500,83000
44211,chr6,83892500,84038500,146000
44227,chr6,84097500,84441500,344000
44238,chr6,84237500,84382500,145000
44239,chr6,84239500,84293500,54000
44240,chr6,84238500,84568500,330000
44252,chr6,84483500,84567500,84000
44268,chr6,85014500,85133500,119000
44277,chr6,85132500,85309500,177000
44278,chr6,85133500,85239500,106000
44279,chr6,85134500,85409500,275000
44280,chr6,85137500,85286500,149000
44281,chr6,85216500,85387500,171000
44284,chr6,85310500,85428500,118000
44291,chr6,85489500,85564500,75000
44313,chr6,87822500,88072500,250000
44314,chr6,87827500,88037500,210000
44320,chr6,87866500,88022500,156000
44325,chr6,87888500,88051500,163000
44342,chr6,88090500,88375500,285000
44343,chr6,88100500,88522500,422000
44345,chr6,88101500,88375500,274000
44347,chr6,88101500,88477500,376000
44358,chr6,88153500,88263500,110000
44365,chr6,88220500,88476500,256000
44373,chr6,88497500,88604500,107000
44376,chr6,88519500,88773500,254000
44378,chr6,88526500,88660500,134000
44395,chr6,88555500,88727500,172000
44401,chr6,88604500,88702500,98000
44402,chr6,88604500,88808500,204000
44404,chr6,88604500,88852500,248000
44405,chr6,88701500,88819500,118000
44406,chr6,88701500,88851500,150000
44411,chr6,88904500,89044500,140000
44418,chr6,88983500,89530500,547000
44422,chr6,89023500,89583500,560000
44433,chr6,89339500,89621500,282000
44436,chr6,89573500,89619500,46000
44470,chr6,86171500,86306500,135000
44471,chr6,86172500,86375500,203000
44473,chr6,86253500,86378500,125000
44478,chr6,86415500,86518500,103000
44490,chr6,86693500,86783500,90000
44492,chr6,86710500,86985500,275000
44493,chr6,86724500,86994500,270000
44498,chr6,86994500,87312500,318000
44505,chr6,87019500,87362500,343000
44544,chr6,87189500,87300500,111000
44551,chr6,87443500,87530500,87000
44553,chr6,87465500,87647500,182000
44555,chr6,87521500,87591500,70000
44557,chr6,87527500,87646500,119000
44558,chr6,87557500,87645500,88000
44562,chr6,87607500,87648500,41000
44564,chr6,87649500,87788500,139000
44571,chr6,87789500,87827500,38000
44616,chr6,97254500,97374500,120000
44617,chr6,97255500,97501500,246000
44618,chr6,97256500,97288500,32000
44623,chr6,97596500,97693500,97000
44625,chr6,97768500,97980500,212000
44628,chr6,93634500,94016500,382000
44632,chr6,94053500,94406500,353000
44633,chr6,94057500,94342500,285000
44635,chr6,94145500,94377500,232000
44640,chr6,94521500,94944500,423000
44643,chr6,94551500,94946500,395000
44645,chr6,94598500,94729500,131000
44648,chr6,94624500,94673500,49000
44649,chr6,94624500,94728500,104000
44650,chr6,94728500,94944500,216000
44662,chr6,91531500,92029500,498000
44670,chr6,91819500,92068500,249000
44677,chr6,92069500,92160500,91000
44678,chr6,92077500,92246500,169000
44706,chr6,92454500,92535500,81000
44707,chr6,92455500,92642500,187000
44731,chr6,92765500,92886500,121000
44765,chr6,93540500,93663500,123000
44766,chr6,93552500,93696500,144000
44771,chr6,93635500,93705500,70000
44773,chr6,93853500,93887500,34000
44774,chr6,93876500,93970500,94000
44776,chr6,93890500,93960500,70000
44786,chr6,89638500,90567500,929000
44858,chr6,90347500,90514500,167000
44859,chr6,90346500,90526500,180000
44860,chr6,90346500,90581500,235000
44861,chr6,90347500,90439500,92000
44862,chr6,90362500,90514500,152000
44892,chr6,90966500,91093500,127000
44893,chr6,90965500,91134500,169000
44895,chr6,91036500,91257500,221000
44906,chr6,91189500,91387500,198000
44915,chr6,91388500,91448500,60000
44916,chr6,91392500,91486500,94000
44918,chr6,91417500,91491500,74000
44921,chr6,91451500,91492500,41000
44928,chr6,91492500,91661500,169000
44929,chr6,91493500,91689500,196000
44934,chr6,91506500,91853500,347000
44951,chr6,91554500,91658500,104000
44961,chr6,91753500,91853500,100000
44962,chr6,91754500,91875500,121000
44973,chr6,103865500,103900500,35000
44991,chr6,98949500,99009500,60000
44996,chr6,99521500,99600500,79000
44997,chr6,99550500,99600500,50000
44998,chr6,99670500,99703500,33000
44999,chr6,99781500,99965500,184000
45011,chr6,99881500,100109500,228000
45012,chr6,99986500,100499500,513000
45013,chr6,100038500,100506500,468000
45014,chr6,100053500,100505500,452000
45022,chr6,100263500,100415500,152000
45023,chr6,100263500,100504500,241000
45026,chr6,100355500,100503500,148000
45028,chr6,100426500,100489500,63000
45042,chr6,101041500,101174500,133000
45048,chr6,101863500,101957500,94000
45054,chr6,110341500,110378500,37000
45070,chr6,108075500,108209500,134000
45073,chr6,108344500,108712500,368000
45079,chr6,108433500,108509500,76000
45084,chr6,108548500,108620500,72000
45104,chr6,112110500,112351500,241000
45109,chr6,112398500,112460500,62000
45111,chr6,112468500,112579500,111000
45144,chr6,112734500,112978500,244000
45145,chr6,112943500,112976500,33000
45170,chr6,113214500,113283500,69000
45171,chr6,113214500,113354500,140000
45172,chr6,113215500,113259500,44000
45173,chr6,113229500,113312500,83000
45174,chr6,113229500,113278500,49000
45177,chr6,113284500,113460500,176000
45179,chr6,113355500,113460500,105000
45180,chr6,113355500,113471500,116000
45181,chr6,113356500,113509500,153000
45183,chr6,113418500,113534500,116000
45184,chr6,113418500,113599500,181000
45185,chr6,113418500,113614500,196000
45186,chr6,113418500,113658500,240000
45187,chr6,113419500,113459500,40000
45190,chr6,113460500,113508500,48000
45193,chr6,113470500,113673500,203000
45196,chr6,113472500,113601500,129000
45198,chr6,113493500,113680500,187000
45200,chr6,113508500,113674500,166000
45202,chr6,113528500,113687500,159000
45204,chr6,113601500,113674500,73000
45207,chr6,113738500,113966500,228000
45208,chr6,113780500,113904500,124000
45209,chr6,117929500,118076500,147000
45213,chr6,118041500,118157500,116000
45216,chr6,118118500,118355500,237000
45220,chr6,118133500,118207500,74000
45227,chr6,118208500,118286500,78000
45228,chr6,118209500,118306500,97000
45241,chr6,118572500,118844500,272000
45257,chr6,118647500,119073500,426000
45259,chr6,118659500,119055500,396000
45269,chr6,119085500,119152500,67000
45271,chr6,119106500,119407500,301000
45272,chr6,119112500,119205500,93000
45277,chr6,119177500,119324500,147000
45286,chr6,119365500,119456500,91000
45290,chr6,119466500,119740500,274000
45297,chr6,119768500,119902500,134000
45338,chr6,120016500,120056500,40000
45339,chr6,120017500,120088500,71000
45346,chr6,120088500,120164500,76000
45353,chr6,120470500,120643500,173000
45356,chr6,120516500,120730500,214000
45359,chr6,120557500,120643500,86000
45360,chr6,120558500,120713500,155000
45362,chr6,120580500,120651500,71000
45368,chr6,120892500,121107500,215000
45371,chr6,120990500,121094500,104000
45373,chr6,120990500,121155500,165000
45374,chr6,121161500,121249500,88000
45375,chr6,121163500,121210500,47000
45376,chr6,121249500,121315500,66000
45393,chr6,115865500,116185500,320000
45400,chr6,115988500,116243500,255000
45424,chr6,116260500,116444500,184000
45444,chr6,116609500,116675500,66000
45460,chr6,117143500,117225500,82000
45463,chr6,117145500,117271500,126000
45516,chr6,113739500,114227500,488000
45529,chr6,113967500,114049500,82000
45540,chr6,114260500,114374500,114000
45555,chr6,114701500,115006500,305000
45561,chr6,114866500,114945500,79000
45568,chr6,115024500,115498500,474000
45569,chr6,115025500,115119500,94000
45610,chr6,115312500,115515500,203000
45611,chr6,115422500,115514500,92000
45619,chr6,115627500,115750500,123000
45634,chr6,115815500,115972500,157000
45636,chr6,115824500,115985500,161000
45667,chr6,122379500,122440500,61000
45672,chr6,122603500,122683500,80000
45735,chr6,124618500,124757500,139000
45742,chr6,124719500,124806500,87000
45754,chr6,124807500,124985500,178000
45756,chr6,124819500,125029500,210000
45757,chr6,124824500,124944500,120000
45760,chr6,124881500,125059500,178000
45762,chr6,124895500,124974500,79000
45763,chr6,124895500,124985500,90000
45768,chr6,124908500,125066500,158000
45776,chr6,124942500,125061500,119000
45784,chr6,125017500,125108500,91000
45791,chr6,125088500,125187500,99000
45800,chr6,125270500,125611500,341000
45826,chr6,127947500,128204500,257000
45827,chr6,128120500,128258500,138000
45828,chr6,128178500,128311500,133000
45831,chr6,128179500,128253500,74000
45833,chr6,128192500,128379500,187000
45836,chr6,128339500,128456500,117000
45839,chr6,128400500,128444500,44000
45860,chr6,128645500,128711500,66000
45980,chr6,126558500,126613500,55000
46016,chr6,127301500,127356500,55000
46040,chr6,127558500,127923500,365000
46043,chr6,127571500,127924500,353000
46075,chr6,133881500,134380500,499000
46082,chr6,133963500,134327500,364000
46100,chr6,134635500,134824500,189000
46101,chr6,134636500,134840500,204000
46112,chr6,134730500,134769500,39000
46114,chr6,134769500,134875500,106000
46117,chr6,134800500,134925500,125000
46126,chr6,134895500,134958500,63000
46129,chr6,134936500,135044500,108000
46130,chr6,134961500,135061500,100000
46146,chr6,135080500,135325500,245000
46148,chr6,135127500,135226500,99000
46150,chr6,135157500,135356500,199000
46190,chr6,135476500,135623500,147000
46223,chr6,136401500,136507500,106000
46265,chr6,136899500,136943500,44000
46285,chr6,137377500,137655500,278000
46293,chr6,137465500,137636500,171000
46295,chr6,137519500,137648500,129000
46302,chr6,140142500,140405500,263000
46304,chr6,140204500,140446500,242000
46305,chr6,140501500,140656500,155000
46320,chr6,141277500,141376500,99000
46338,chr6,142518500,142605500,87000
46342,chr6,142931500,143088500,157000
46358,chr6,143707500,143754500,47000
46383,chr6,144216500,144421500,205000
46385,chr6,144274500,144306500,32000
46386,chr6,144284500,144443500,159000
46387,chr6,144307500,144373500,66000
46388,chr6,144307500,144400500,93000
46390,chr6,144466500,144759500,293000
46396,chr6,144877500,144912500,35000
46400,chr6,145022500,145122500,100000
46406,chr6,145157500,145221500,64000
46415,chr6,145692500,145810500,118000
46437,chr6,145884500,146166500,282000
46438,chr6,145914500,146201500,287000
46440,chr6,146005500,146165500,160000
46442,chr6,146312500,146404500,92000
46457,chr6,146789500,146944500,155000
46458,chr6,146805500,146895500,90000
46484,chr6,148315500,148587500,272000
46486,chr6,148355500,148668500,313000
46487,chr6,148729500,148816500,87000
46488,chr6,148798500,148846500,48000
46489,chr6,148797500,148894500,97000
46508,chr6,149058500,149231500,173000
46527,chr7,3251500,3316500,65000
46529,chr7,3261500,3339500,78000
46531,chr7,3317500,3396500,79000
46558,chr7,3696500,4126500,430000
46596,chr7,4106500,4474500,368000
46600,chr7,4126500,4504500,378000
46603,chr7,4139500,4504500,365000
46644,chr7,4448500,4505500,57000
46647,chr7,4569500,4640500,71000
46649,chr7,4662500,4795500,133000
46652,chr7,4708500,4903500,195000
46655,chr7,4796500,4916500,120000
46664,chr7,4946500,4979500,33000
46675,chr7,5137500,5171500,34000
46705,chr7,6158500,6287500,129000
46707,chr7,6176500,6288500,112000
46709,chr7,6217500,6285500,68000
46710,chr7,6289500,6333500,44000
46711,chr7,6362500,6691500,329000
46714,chr7,6529500,6920500,391000
46729,chr7,6732500,6940500,208000
46732,chr7,6739500,6831500,92000
46758,chr7,7038500,7119500,81000
46783,chr7,7124500,7174500,50000
46817,chr7,15593500,15701500,108000
46821,chr7,15680500,15853500,173000
46830,chr7,15854500,15887500,33000
46833,chr7,15759500,16000500,241000
46838,chr7,15926500,16060500,134000
46840,chr7,16008500,16045500,37000
46848,chr7,16047500,16121500,74000
46851,chr7,16078500,16164500,86000
46856,chr7,16099500,16134500,35000
46865,chr7,16273500,16344500,71000
46866,chr7,16293500,16412500,119000
46874,chr7,16408500,16457500,49000
46880,chr7,16514500,16609500,95000
46881,chr7,16545500,16683500,138000
46884,chr7,16629500,16735500,106000
46889,chr7,16739500,16784500,45000
46917,chr7,23833500,23954500,121000
46919,chr7,23907500,23954500,47000
46924,chr7,24035500,24084500,49000
46926,chr7,24064500,24105500,41000
46929,chr7,24141500,24200500,59000
46930,chr7,24141500,24299500,158000
46931,chr7,24173500,24362500,189000
46938,chr7,24232500,24264500,32000
46962,chr7,24516500,24735500,219000
46970,chr7,24590500,24649500,59000
46983,chr7,24685500,24735500,50000
46984,chr7,24685500,24793500,108000
46987,chr7,24742500,25087500,345000
46988,chr7,24760500,25042500,282000
46990,chr7,24776500,24967500,191000
46991,chr7,24777500,24919500,142000
46993,chr7,24805500,24991500,186000
46998,chr7,24889500,24977500,88000
47010,chr7,24966500,25095500,129000
47031,chr7,25181500,25401500,220000
47043,chr7,25326500,25386500,60000
47044,chr7,25358500,25453500,95000
47046,chr7,25386500,25504500,118000
47057,chr7,25928500,25964500,36000
47084,chr7,18659500,18724500,65000
47086,chr7,18705500,18763500,58000
47087,chr7,18725500,18757500,32000
47089,chr7,18737500,18852500,115000
47090,chr7,18758500,18853500,95000
47091,chr7,18788500,18826500,38000
47095,chr7,18888500,18978500,90000
47098,chr7,18892500,19033500,141000
47100,chr7,18961500,19043500,82000
47101,chr7,18973500,19031500,58000
47103,chr7,19018500,19100500,82000
47112,chr7,19131500,19368500,237000
47114,chr7,19139500,19214500,75000
47122,chr7,19194500,19448500,254000
47123,chr7,19237500,19447500,210000
47128,chr7,19307500,19475500,168000
47130,chr7,19339500,19449500,110000
47131,chr7,19362500,19482500,120000
47138,chr7,19445500,19606500,161000
47141,chr7,19474500,19516500,42000
47205,chr7,30036500,30171500,135000
47208,chr7,30073500,30192500,119000
47213,chr7,30097500,30311500,214000
47214,chr7,30139500,30189500,50000
47220,chr7,30428500,30657500,229000
47221,chr7,30559500,30673500,114000
47223,chr7,30673500,30797500,124000
47224,chr7,30696500,30795500,99000
47226,chr7,30829500,30872500,43000
47257,chr7,26832500,26937500,105000
47258,chr7,26865500,26958500,93000
47263,chr7,26930500,26985500,55000
47265,chr7,26990500,27041500,51000
47266,chr7,26990500,27208500,218000
47269,chr7,27034500,27187500,153000
47274,chr7,27106500,27385500,279000
47278,chr7,27147500,27189500,42000
47283,chr7,27208500,27289500,81000
47284,chr7,27209500,27344500,135000
47285,chr7,27251500,27289500,38000
47287,chr7,27291500,27373500,82000
47332,chr7,27527500,27611500,84000
47336,chr7,27537500,27678500,141000
47337,chr7,27538500,27749500,211000
47340,chr7,27544500,27577500,33000
47365,chr7,27627500,27749500,122000
47371,chr7,27678500,27748500,70000
47391,chr7,27837500,27913500,76000
47406,chr7,27750500,28011500,261000
47408,chr7,27878500,28037500,159000
47409,chr7,28000500,28085500,85000
47412,chr7,28026500,28086500,60000
47415,chr7,28039500,28071500,32000
47416,chr7,28040500,28085500,45000
47422,chr7,28072500,28136500,64000
47423,chr7,28072500,28393500,321000
47433,chr7,28116500,28422500,306000
47440,chr7,28166500,28297500,131000
47448,chr7,28228500,28425500,197000
47450,chr7,28268500,28426500,158000
47455,chr7,28511500,28679500,168000
47465,chr7,28749500,28876500,127000
47468,chr7,28784500,28911500,127000
47469,chr7,28785500,28869500,84000
47473,chr7,28825500,28878500,53000
47477,chr7,28856500,28913500,57000
47478,chr7,28869500,28911500,42000
47485,chr7,28912500,29004500,92000
47486,chr7,28912500,28981500,69000
47490,chr7,28998500,29257500,259000
47496,chr7,29083500,29185500,102000
47498,chr7,29102500,29155500,53000
47500,chr7,29224500,29381500,157000
47503,chr7,29261500,29378500,117000
47510,chr7,29298500,29381500,83000
47528,chr7,29516500,29606500,90000
47531,chr7,29655500,29712500,57000
47534,chr7,29684500,29790500,106000
47537,chr7,29687500,29763500,76000
47540,chr7,29794500,29869500,75000
47541,chr7,29794500,29916500,122000
47543,chr7,29815500,29912500,97000
47544,chr7,29854500,29905500,51000
47549,chr7,29894500,29979500,85000
47554,chr7,34013500,34088500,75000
47556,chr7,34089500,34354500,265000
47557,chr7,34108500,34160500,52000
47559,chr7,34270500,34354500,84000
47561,chr7,34315500,34419500,104000
47564,chr7,34353500,34511500,158000
47571,chr7,34489500,34869500,380000
47573,chr7,34490500,34706500,216000
47588,chr7,34548500,34725500,177000
47594,chr7,34570500,34796500,226000
47596,chr7,34610500,34914500,304000
47597,chr7,34635500,34872500,237000
47599,chr7,34818500,34914500,96000
47602,chr7,34933500,35094500,161000
47604,chr7,34934500,34967500,33000
47605,chr7,34942500,35068500,126000
47607,chr7,34966500,35068500,102000
47618,chr7,35086500,35270500,184000
47620,chr7,35147500,35229500,82000
47623,chr7,35254500,35347500,93000
47625,chr7,35285500,35453500,168000
47629,chr7,35386500,35501500,115000
47631,chr7,35602500,35771500,169000
47635,chr7,35626500,35872500,246000
47639,chr7,35723500,35874500,151000
47640,chr7,35810500,35875500,65000
47672,chr7,39382500,39455500,73000
47704,chr7,37071500,37621500,550000
47708,chr7,37303500,37576500,273000
47710,chr7,37474500,37593500,119000
47711,chr7,37718500,37785500,67000
47712,chr7,37719500,37807500,88000
47751,chr7,42902500,43115500,213000
47754,chr7,43175500,43318500,143000
47756,chr7,43255500,43321500,66000
47757,chr7,43330500,43467500,137000
47770,chr7,43577500,43911500,334000
47773,chr7,43595500,43863500,268000
47774,chr7,43613500,43748500,135000
47780,chr7,43650500,43757500,107000
47792,chr7,43752500,43839500,87000
47793,chr7,43769500,43844500,75000
47808,chr7,48530500,48609500,79000
47810,chr7,48612500,48770500,158000
47812,chr7,49002500,49055500,53000
47817,chr7,49285500,49428500,143000
47822,chr7,49327500,49400500,73000
47827,chr7,49460500,49571500,111000
47851,chr7,45929500,46042500,113000
47852,chr7,45929500,46184500,255000
47857,chr7,46042500,46313500,271000
47858,chr7,46046500,46289500,243000
47864,chr7,46585500,46665500,80000
47865,chr7,46701500,46782500,81000
47881,chr7,43953500,44145500,192000
47882,chr7,43954500,44055500,101000
47883,chr7,43954500,44203500,249000
47884,chr7,43985500,44078500,93000
47886,chr7,44009500,44241500,232000
47888,chr7,44023500,44117500,94000
47889,chr7,44023500,44200500,177000
47890,chr7,44024500,44145500,121000
47891,chr7,44055500,44239500,184000
47894,chr7,44146500,44239500,93000
47897,chr7,44201500,44240500,39000
47904,chr7,44373500,44547500,174000
47905,chr7,44375500,44491500,116000
47907,chr7,44397500,44465500,68000
47908,chr7,44466500,44498500,32000
47912,chr7,44501500,44544500,43000
47917,chr7,44549500,44603500,54000
47920,chr7,44635500,44702500,67000
47921,chr7,44635500,44777500,142000
47927,chr7,44702500,44776500,74000
47939,chr7,44823500,44949500,126000
47949,chr7,44943500,45324500,381000
47950,chr7,44967500,45327500,360000
47951,chr7,44973500,45258500,285000
47952,chr7,44996500,45032500,36000
47959,chr7,45085500,45354500,269000
47971,chr7,45354500,45546500,192000
47977,chr7,45389500,45522500,133000
47984,chr7,45483500,45681500,198000
47985,chr7,45521500,45584500,63000
47988,chr7,45747500,45902500,155000
47997,chr7,55444500,55491500,47000
47999,chr7,55555500,55692500,137000
48046,chr7,62070500,62112500,42000
48068,chr7,63144500,63236500,92000
48071,chr7,63506500,63561500,55000
48072,chr7,63540500,63609500,69000
48074,chr7,63709500,63880500,171000
48076,chr7,63831500,63975500,144000
48077,chr7,63878500,63975500,97000
48081,chr7,63709500,64022500,313000
48082,chr7,63814500,64024500,210000
48083,chr7,63938500,64023500,85000
48092,chr7,64151500,64378500,227000
48096,chr7,64203500,64379500,176000
48100,chr7,64446500,64517500,71000
48105,chr7,64523500,64713500,190000
48110,chr7,64646500,64720500,74000
48125,chr7,64968500,65118500,150000
48128,chr7,65019500,65137500,118000
48129,chr7,65020500,65120500,100000
48132,chr7,65044500,65138500,94000
48146,chr7,65422500,65678500,256000
48152,chr7,65758500,65930500,172000
48169,chr7,72812500,73025500,213000
48174,chr7,73085500,73277500,192000
48187,chr7,73390500,73504500,114000
48188,chr7,73389500,73663500,274000
48195,chr7,68317500,68472500,155000
48207,chr7,65920500,66312500,392000
48212,chr7,66038500,66337500,299000
48215,chr7,66084500,66165500,81000
48218,chr7,66143500,66309500,166000
48226,chr7,66440500,66488500,48000
48246,chr7,66872500,67022500,150000
48263,chr7,67022500,67280500,258000
48273,chr7,67439500,67611500,172000
48276,chr7,67440500,67734500,294000
48279,chr7,67508500,67546500,38000
48291,chr7,77497500,77540500,43000
48339,chr7,78433500,78496500,63000
48358,chr7,78922500,79041500,119000
48359,chr7,78922500,79116500,194000
48360,chr7,79021500,79244500,223000
48361,chr7,79022500,79060500,38000
48369,chr7,79144500,79226500,82000
48370,chr7,79144500,79297500,153000
48379,chr7,79196500,79378500,182000
48381,chr7,79262500,79329500,67000
48382,chr7,79263500,79316500,53000
48384,chr7,79329500,79377500,48000
48386,chr7,79396500,79609500,213000
48387,chr7,79431500,79610500,179000
48390,chr7,79448500,79611500,163000
48391,chr7,79664500,79838500,174000
48397,chr7,79679500,79732500,53000
48399,chr7,79779500,79837500,58000
48403,chr7,79790500,79865500,75000
48404,chr7,79790500,79930500,140000
48409,chr7,79882500,79944500,62000
48416,chr7,80014500,80359500,345000
48418,chr7,80035500,80123500,88000
48424,chr7,80062500,80359500,297000
48425,chr7,80084500,80358500,274000
48439,chr7,80506500,80738500,232000
48442,chr7,80536500,80673500,137000
48448,chr7,80597500,80643500,46000
48449,chr7,80643500,80710500,67000
48459,chr7,80994500,81129500,135000
48460,chr7,81015500,81070500,55000
48465,chr7,81049500,81169500,120000
48469,chr7,81104500,81143500,39000
48470,chr7,81104500,81356500,252000
48481,chr7,81231500,81426500,195000
48492,chr7,81518500,81603500,85000
48524,chr7,89282500,89490500,208000
48530,chr7,89621500,89799500,178000
48531,chr7,89647500,89779500,132000
48532,chr7,89647500,89817500,170000
48533,chr7,89648500,89684500,36000
48534,chr7,83923500,84006500,83000
48568,chr7,82884500,82964500,80000
48578,chr7,83317500,83451500,134000
48591,chr7,83800500,83921500,121000
48600,chr7,92295500,92387500,92000
48604,chr7,92319500,92390500,71000
48626,chr7,95800500,96049500,249000
48630,chr7,96601500,96730500,129000
48636,chr7,97021500,97229500,208000
48637,chr7,97049500,97229500,180000
48639,chr7,97074500,97282500,208000
48640,chr7,97076500,97366500,290000
48644,chr7,97145500,97317500,172000
48654,chr7,97426500,97576500,150000
48655,chr7,97437500,97492500,55000
48660,chr7,97634500,97735500,101000
48662,chr7,97721500,97841500,120000
48664,chr7,97776500,97890500,114000
48669,chr7,97889500,97937500,48000
48694,chr7,97959500,98009500,50000
48696,chr7,98087500,98239500,152000
48699,chr7,98130500,98318500,188000
48700,chr7,98131500,98428500,297000
48714,chr7,98392500,98428500,36000
48721,chr7,98612500,98677500,65000
48722,chr7,98757500,98898500,141000
48724,chr7,98801500,98898500,97000
48726,chr7,98915500,99118500,203000
48727,chr7,98917500,99002500,85000
48728,chr7,98917500,99030500,113000
48737,chr7,99267500,99400500,133000
48738,chr7,99275500,99476500,201000
48754,chr7,101899500,102091500,192000
48789,chr7,100079500,100141500,62000
48791,chr7,100143500,100257500,114000
48793,chr7,100144500,100184500,40000
48799,chr7,100187500,100231500,44000
48806,chr7,100356500,100512500,156000
48809,chr7,100512500,100580500,68000
48820,chr7,100580500,100970500,390000
48823,chr7,100592500,100757500,165000
48824,chr7,100592500,100880500,288000
48826,chr7,100592500,101062500,470000
48831,chr7,100636500,101022500,386000
48833,chr7,100662500,100958500,296000
48837,chr7,100711500,101165500,454000
48840,chr7,100761500,100880500,119000
48841,chr7,100795500,100905500,110000
48842,chr7,100960500,101150500,190000
48844,chr7,101076500,101300500,224000
48845,chr7,101077500,101152500,75000
48846,chr7,101077500,101269500,192000
48851,chr7,101316500,101448500,132000
48852,chr7,101329500,101481500,152000
48853,chr7,101470500,101517500,47000
48861,chr7,101567500,101727500,160000
48863,chr7,101585500,101619500,34000
48864,chr7,101647500,101727500,80000
48867,chr7,101860500,101899500,39000
48868,chr7,101859500,101916500,57000
48872,chr7,101909500,101976500,67000
48879,chr7,106506500,106565500,59000
48885,chr7,107194500,107357500,163000
48908,chr7,108275500,108322500,47000
48914,chr7,108543500,108627500,84000
48927,chr7,108841500,109023500,182000
48930,chr7,109127500,109491500,364000
48932,chr7,109252500,109300500,48000
48933,chr7,109303500,109380500,77000
48934,chr7,109304500,109465500,161000
48935,chr7,109305500,109546500,241000
48950,chr7,109651500,109736500,85000
48951,chr7,109668500,109761500,93000
48952,chr7,109711500,109761500,50000
48958,chr7,109886500,110144500,258000
48965,chr7,109916500,110302500,386000
48974,chr7,110147500,110244500,97000
48978,chr7,110443500,110545500,102000
49017,chr7,111814500,111968500,154000
49025,chr7,111999500,112244500,245000
49037,chr7,112069500,112274500,205000
49038,chr7,112069500,112292500,223000
49041,chr7,112244500,112411500,167000
49047,chr7,112279500,112453500,174000
49048,chr7,112289500,112441500,152000
49063,chr7,112742500,112895500,153000
49065,chr7,112743500,112807500,64000
49066,chr7,112765500,112848500,83000
49067,chr7,112806500,112859500,53000
49073,chr7,112999500,113166500,167000
49080,chr7,113252500,113305500,53000
49085,chr7,113454500,113619500,165000
49095,chr7,116042500,116103500,61000
49096,chr7,116044500,116207500,163000
49112,chr7,117504500,117634500,130000
49124,chr7,117728500,117841500,113000
49130,chr7,117788500,117831500,43000
49140,chr7,114039500,114106500,67000
49142,chr7,114272500,114416500,144000
49155,chr7,117950500,118007500,57000
49157,chr7,118047500,118089500,42000
49158,chr7,118090500,118193500,103000
49159,chr7,118132500,118192500,60000
49161,chr7,118312500,118455500,143000
49235,chr7,120233500,120353500,120000
49238,chr7,120289500,120353500,64000
49246,chr7,120534500,120687500,153000
49265,chr7,120750500,121183500,433000
49267,chr7,120760500,120979500,219000
49274,chr7,120857500,121054500,197000
49275,chr7,120858500,120990500,132000
49283,chr7,120991500,121140500,149000
49285,chr7,121332500,121545500,213000
49286,chr7,121333500,121512500,179000
49287,chr7,121333500,121541500,208000
49290,chr7,121619500,121732500,113000
49291,chr7,121619500,121758500,139000
49311,chr7,124464500,124521500,57000
49317,chr7,125017500,125151500,134000
49319,chr7,125090500,125151500,61000
49322,chr7,125275500,125688500,413000
49325,chr7,125347500,125641500,294000
49327,chr7,125384500,125641500,257000
49328,chr7,125409500,125687500,278000
49329,chr7,125420500,125688500,268000
49331,chr7,125820500,125990500,170000
49332,chr7,125826500,125898500,72000
49411,chr7,122629500,122723500,94000
49412,chr7,122638500,122747500,109000
49414,chr7,122684500,122722500,38000
49418,chr7,122936500,122968500,32000
49432,chr7,125871500,126027500,156000
49433,chr7,125871500,126101500,230000
49437,chr7,125944500,126126500,182000
49441,chr7,126028500,126102500,74000
49442,chr7,126028500,126165500,137000
49446,chr7,126080500,126237500,157000
49457,chr7,126242500,126317500,75000
49482,chr7,126438500,126770500,332000
49486,chr7,126484500,126625500,141000
49501,chr7,126908500,127275500,367000
49509,chr7,126992500,127077500,85000
49536,chr7,127262500,127342500,80000
49538,chr7,127274500,127342500,68000
49542,chr7,127308500,127475500,167000
49543,chr7,127312500,127441500,129000
49546,chr7,127345500,127441500,96000
49548,chr7,127346500,127475500,129000
49552,chr7,127376500,127440500,64000
49554,chr7,127399500,127534500,135000
49557,chr7,127475500,127533500,58000
49558,chr7,127475500,127566500,91000
49562,chr7,127515500,127565500,50000
49573,chr7,127698500,127807500,109000
49580,chr7,127974500,128326500,352000
49586,chr7,127995500,128293500,298000
49587,chr7,128010500,128325500,315000
49606,chr7,128460500,128847500,387000
49614,chr7,128895500,129109500,214000
49615,chr7,128909500,129028500,119000
49656,chr7,136731500,136921500,190000
49662,chr7,137150500,137384500,234000
49668,chr7,130135500,130181500,46000
49670,chr7,130148500,130248500,100000
49675,chr7,130396500,130533500,137000
49676,chr7,130428500,130645500,217000
49678,chr7,130551500,130583500,32000
49680,chr7,130664500,130701500,37000
49685,chr7,130784500,130917500,133000
49697,chr7,131071500,131402500,331000
49707,chr7,131200500,131348500,148000
49708,chr7,131199500,131402500,203000
49715,chr7,131575500,131666500,91000
49731,chr7,134496500,134534500,38000
49738,chr7,134667500,134740500,73000
49752,chr7,135282500,135393500,111000
49758,chr7,135437500,135771500,334000
49760,chr7,135440500,135651500,211000
49764,chr7,135505500,135562500,57000
49765,chr7,135643500,135743500,100000
49777,chr7,131917500,132074500,157000
49778,chr7,131917500,132152500,235000
49779,chr7,131917500,132178500,261000
49781,chr7,132177500,132499500,322000
49782,chr7,132179500,132212500,33000
49783,chr7,132276500,132413500,137000
49784,chr7,132306500,132484500,178000
49785,chr7,132336500,132485500,149000
49787,chr7,132531500,132782500,251000
49794,chr7,132659500,132713500,54000
49799,chr7,132740500,133079500,339000
49809,chr7,132928500,133079500,151000
49817,chr7,133309500,133426500,117000
49845,chr7,133560500,133839500,279000
49847,chr7,133842500,133950500,108000
49860,chr7,138661500,138780500,119000
49861,chr7,138661500,139053500,392000
49874,chr7,139168500,139264500,96000
49875,chr7,139196500,139265500,69000
49876,chr7,139196500,139456500,260000
49878,chr7,139228500,139496500,268000
49879,chr7,139228500,139574500,346000
49882,chr7,139510500,139574500,64000
49894,chr7,141870500,142086500,216000
49897,chr7,141888500,142268500,380000
49898,chr7,141888500,142076500,188000
49901,chr7,141924500,142215500,291000
49902,chr7,141941500,142087500,146000
49903,chr7,141982500,142133500,151000
49906,chr7,142076500,142133500,57000
49907,chr7,142076500,142268500,192000
49908,chr7,142091500,142133500,42000
49909,chr7,142092500,142267500,175000
49910,chr7,142135500,142227500,92000
49911,chr7,142163500,142269500,106000
49913,chr7,142291500,142472500,181000
49917,chr7,142353500,142472500,119000
49920,chr7,142522500,142623500,101000
49921,chr7,142521500,142661500,140000
49922,chr7,142523500,142559500,36000
49923,chr7,142522500,142607500,85000
49924,chr7,142522500,142676500,154000
49936,chr7,142740500,142915500,175000
49938,chr7,142753500,143022500,269000
49943,chr7,142850500,142992500,142000
49944,chr7,142850500,143056500,206000
49945,chr7,143033500,143250500,217000
49951,chr7,143099500,143302500,203000
49964,chr7,143342500,143628500,286000
49966,chr7,143362500,143580500,218000
49969,chr7,143381500,143608500,227000
49971,chr7,143382500,143580500,198000
49977,chr7,143650500,143762500,112000
50001,chr7,139696500,140417500,721000
50111,chr7,140264500,140304500,40000
50112,chr7,140424500,140519500,95000
50116,chr7,140436500,140774500,338000
50121,chr7,140462500,140640500,178000
50126,chr7,140489500,140536500,47000
50129,chr7,140520500,140754500,234000
50146,chr7,140700500,140753500,53000
50147,chr7,140703500,140773500,70000
50150,chr7,140756500,140942500,186000
50153,chr7,140807500,141025500,218000
50156,chr7,140873500,140907500,34000
50157,chr7,140896500,140943500,47000
50164,chr7,141038500,141105500,67000
50167,chr7,141057500,141119500,62000
50187,chr7,141269500,141681500,412000
50199,chr7,141309500,141673500,364000
50201,chr7,141310500,141499500,189000
50202,chr7,141310500,141687500,377000
50205,chr7,141362500,141516500,154000
50212,chr7,141456500,141615500,159000
50214,chr7,141503500,141614500,111000
50216,chr7,141571500,141723500,152000
50221,chr7,141728500,141834500,106000
50244,chr7,144088500,144309500,221000
50251,chr7,144138500,144448500,310000
50253,chr7,144250500,144461500,211000
50254,chr7,144251500,144330500,79000
50256,chr7,144344500,144460500,116000
50283,chr7,144516500,144872500,356000
50286,chr7,144693500,144795500,102000
50287,chr7,144707500,144795500,88000
50288,chr7,144807500,144843500,36000
50295,chr8,3152500,3213500,61000
50307,chr8,3408500,3515500,107000
50339,chr8,4216500,4288500,72000
50340,chr8,4216500,4309500,93000
50387,chr8,6187500,6220500,33000
50394,chr8,8969500,9033500,64000
50396,chr8,9128500,9238500,110000
50425,chr8,10465500,11223500,758000
50450,chr8,11481500,11555500,74000
50451,chr8,11481500,11597500,116000
50452,chr8,11528500,11605500,77000
50453,chr8,11528500,11685500,157000
50456,chr8,11557500,11651500,94000
50460,chr8,11685500,11807500,122000
50462,chr8,11806500,11917500,111000
50463,chr8,11806500,11974500,168000
50464,chr8,11861500,11972500,111000
50470,chr8,13940500,14024500,84000
50479,chr8,14025500,14063500,38000
50513,chr8,14941500,15078500,137000
50563,chr8,12010500,12398500,388000
50574,chr8,12031500,12614500,583000
50594,chr8,12296500,12637500,341000
50597,chr8,12360500,12653500,293000
50601,chr8,12413500,12652500,239000
50616,chr8,12722500,12807500,85000
50620,chr8,12923500,13209500,286000
50623,chr8,12946500,13000500,54000
50624,chr8,12946500,13028500,82000
50625,chr8,12963500,13155500,192000
50626,chr8,13028500,13155500,127000
50640,chr8,13462500,13542500,80000
50648,chr8,13543500,13598500,55000
50657,chr8,13727500,13836500,109000
50661,chr8,13856500,13898500,42000
50678,chr8,18192500,18228500,36000
50681,chr8,18646500,18986500,340000
50682,chr8,18799500,18950500,151000
50683,chr8,18939500,18974500,35000
50702,chr8,22290500,22442500,152000
50714,chr8,22391500,22457500,66000
50723,chr8,22638500,22673500,35000
50726,chr8,22656500,22888500,232000
50732,chr8,22701500,22866500,165000
50736,chr8,22801500,22868500,67000
50739,chr8,22901500,22966500,65000
50740,chr8,22901500,23081500,180000
50742,chr8,22924500,22966500,42000
50754,chr8,23169500,23607500,438000
50757,chr8,23194500,23297500,103000
50759,chr8,23227500,23488500,261000
50762,chr8,23264500,23562500,298000
50765,chr8,23294500,23548500,254000
50773,chr8,23349500,23464500,115000
50777,chr8,23404500,23598500,194000
50778,chr8,23418500,23649500,231000
50780,chr8,23440500,23649500,209000
50792,chr8,23730500,23780500,50000
50796,chr8,23794500,23992500,198000
50805,chr8,23851500,23902500,51000
50812,chr8,23781500,24019500,238000
50861,chr8,24730500,25035500,305000
50862,chr8,24768500,25035500,267000
50872,chr8,25227500,25312500,85000
50878,chr8,25438500,25641500,203000
50879,chr8,25473500,25641500,168000
50880,chr8,25505500,25704500,199000
50889,chr8,31303500,31346500,43000
50898,chr8,31864500,31948500,84000
50916,chr8,29378500,29420500,42000
50931,chr8,25836500,26064500,228000
50932,chr8,25852500,26028500,176000
50933,chr8,25955500,26026500,71000
50937,chr8,26243500,26504500,261000
50938,chr8,26244500,26608500,364000
50941,chr8,26275500,26609500,334000
50947,chr8,26311500,26499500,188000
50954,chr8,26466500,26609500,143000
50997,chr8,27468500,27512500,44000
51001,chr8,27575500,27666500,91000
51034,chr8,41510500,41730500,220000
51038,chr8,41586500,41691500,105000
51039,chr8,41694500,41826500,132000
51050,chr8,33792500,34036500,244000
51052,chr8,33934500,34088500,154000
51054,chr8,33935500,34006500,71000
51057,chr8,34128500,34188500,60000
51064,chr8,34258500,34471500,213000
51067,chr8,34420500,34545500,125000
51089,chr8,35089500,35273500,184000
51090,chr8,35095500,35200500,105000
51091,chr8,35310500,35627500,317000
51094,chr8,35341500,35673500,332000
51127,chr8,45521500,45689500,168000
51144,chr8,46249500,46339500,90000
51145,chr8,46271500,46339500,68000
51151,chr8,46638500,47000500,362000
51171,chr8,47140500,47191500,51000
51174,chr8,47157500,47404500,247000
51188,chr8,47470500,47741500,271000
51194,chr8,47865500,47986500,121000
51196,chr8,47988500,48144500,156000
51202,chr8,48371500,48469500,98000
51212,chr8,49684500,49737500,53000
51215,chr8,54467500,54530500,63000
51228,chr8,57860500,57941500,81000
51239,chr8,58070500,58105500,35000
51255,chr8,61343500,61435500,92000
51260,chr8,61512500,61952500,440000
51279,chr8,65072500,65186500,114000
51285,chr8,65397500,65538500,141000
51297,chr8,62003500,62043500,40000
51301,chr8,62168500,62212500,44000
51315,chr8,63885500,63919500,34000
51325,chr8,68438500,68576500,138000
51334,chr8,68570500,68730500,160000
51344,chr8,69662500,69722500,60000
51378,chr8,70111500,70196500,85000
51380,chr8,70169500,70226500,57000
51394,chr8,70336500,70665500,329000
51408,chr8,70371500,70575500,204000
51414,chr8,70506500,70668500,162000
51418,chr8,70754500,70976500,222000
51419,chr8,70755500,70963500,208000
51423,chr8,70806500,70991500,185000
51424,chr8,70806500,71047500,241000
51429,chr8,70867500,70997500,130000
51430,chr8,70868500,70984500,116000
51436,chr8,70979500,71061500,82000
51440,chr8,71048500,71151500,103000
51442,chr8,71050500,71083500,33000
51445,chr8,71062500,71293500,231000
51447,chr8,71065500,71169500,104000
51448,chr8,71082500,71293500,211000
51449,chr8,71083500,71151500,68000
51452,chr8,71113500,71150500,37000
51453,chr8,71125500,71293500,168000
51454,chr8,71125500,71210500,85000
51458,chr8,71151500,71348500,197000
51463,chr8,71173500,71394500,221000
51464,chr8,71221500,71273500,52000
51468,chr8,71274500,71345500,71000
51469,chr8,71352500,71393500,41000
51511,chr8,71835500,71917500,82000
51516,chr8,71920500,71995500,75000
51526,chr8,71948500,72085500,137000
51530,chr8,72014500,72184500,170000
51533,chr8,72045500,72083500,38000
51539,chr8,72140500,72178500,38000
51545,chr8,72161500,72662500,501000
51547,chr8,72162500,72675500,513000
51551,chr8,72186500,72719500,533000
51596,chr8,72636500,72704500,68000
51602,chr8,72662500,72707500,45000
51641,chr8,73025500,73072500,47000
51642,chr8,73024500,73088500,64000
51646,chr8,73073500,73174500,101000
51652,chr8,73159500,73354500,195000
51653,chr8,73175500,73228500,53000
51654,chr8,73175500,73246500,71000
51657,chr8,73207500,73292500,85000
51661,chr8,73229500,73302500,73000
51662,chr8,73229500,73325500,96000
51668,chr8,73325500,73449500,124000
51670,chr8,73381500,73450500,69000
51675,chr8,73719500,73949500,230000
51676,chr8,73734500,73909500,175000
51699,chr8,78358500,78716500,358000
51722,chr8,79163500,79468500,305000
51726,chr8,79266500,79354500,88000
51729,chr8,79757500,79936500,179000
51733,chr8,74081500,74168500,87000
51744,chr8,74310500,74361500,51000
51795,chr8,75743500,75818500,75000
51807,chr8,79976500,80215500,239000
51808,chr8,79977500,80313500,336000
51813,chr8,80158500,80312500,154000
51847,chr8,81033500,81167500,134000
51859,chr8,81644500,81741500,97000
51873,chr8,84168500,84321500,153000
51879,chr8,84294500,84334500,40000
51882,chr8,84334500,84442500,108000
51883,chr8,84334500,84626500,292000
51885,chr8,84425500,84625500,200000
51890,chr8,84466500,84602500,136000
51892,chr8,84466500,84724500,258000
51895,chr8,84602500,84724500,122000
51903,chr8,84733500,84997500,264000
51906,chr8,84737500,84959500,222000
51911,chr8,84751500,84920500,169000
51913,chr8,84765500,84957500,192000
51916,chr8,84781500,84921500,140000
51919,chr8,84793500,84920500,127000
51920,chr8,84795500,84829500,34000
51925,chr8,84913500,84957500,44000
51932,chr8,84983500,85327500,344000
51948,chr8,85142500,85228500,86000
51949,chr8,85320500,85540500,220000
51967,chr8,85640500,85716500,76000
51971,chr8,85700500,85829500,129000
51972,chr8,85704500,85763500,59000
51974,chr8,85752500,85798500,46000
51992,chr8,82846500,82899500,53000
52004,chr8,83590500,83763500,173000
52010,chr8,83709500,83763500,54000
52030,chr8,88174500,88263500,89000
52033,chr8,88297500,88474500,177000
52037,chr8,88321500,88441500,120000
52044,chr8,88367500,88557500,190000
52046,chr8,88387500,88701500,314000
52048,chr8,88442500,88556500,114000
52049,chr8,88442500,88687500,245000
52052,chr8,88590500,88686500,96000
52062,chr8,89088500,89374500,286000
52068,chr8,89181500,89373500,192000
52069,chr8,89247500,89373500,126000
52073,chr8,89673500,89753500,80000
52075,chr8,89672500,89883500,211000
52078,chr8,89718500,89769500,51000
52084,chr8,89772500,89997500,225000
52095,chr8,86027500,86148500,121000
52100,chr8,86148500,86281500,133000
52103,chr8,86161500,86218500,57000
52105,chr8,86330500,86426500,96000
52121,chr8,86424500,86803500,379000
52137,chr8,86633500,86692500,59000
52166,chr8,87485500,87629500,144000
52174,chr8,87691500,87892500,201000
52175,chr8,87771500,87866500,95000
52194,chr8,92929500,93033500,104000
52201,chr8,95751500,96029500,278000
52202,chr8,96058500,96215500,157000
52203,chr8,96073500,96233500,160000
52204,chr8,96077500,96215500,138000
52205,chr8,96161500,96215500,54000
52210,chr8,96358500,96616500,258000
52213,chr8,96442500,96533500,91000
52214,chr8,96442500,96578500,136000
52220,chr8,96499500,96557500,58000
52223,chr8,96533500,96578500,45000
52224,chr8,96534500,96614500,80000
52249,chr8,94143500,94220500,77000
52252,chr8,94388500,94536500,148000
52269,chr8,95112500,95422500,310000
52270,chr8,95114500,95393500,279000
52273,chr8,95218500,95333500,115000
52274,chr8,95255500,95310500,55000
52275,chr8,95328500,95422500,94000
52281,chr8,95585500,95638500,53000
52283,chr8,95753500,95945500,192000
52284,chr8,95825500,95945500,120000
52367,chr8,91579500,91635500,56000
52373,chr8,91809500,91859500,50000
52383,chr8,104703500,104779500,76000
52385,chr8,104872500,104961500,89000
52386,chr8,104897500,104976500,79000
52387,chr8,104897500,104944500,47000
52388,chr8,104946500,105066500,120000
52394,chr8,105122500,105319500,197000
52396,chr8,105169500,105260500,91000
52447,chr8,105882500,105943500,61000
52452,chr8,107784500,108020500,236000
52453,chr8,107812500,108112500,300000
52455,chr8,107824500,108163500,339000
52456,chr8,107831500,108085500,254000
52457,chr8,107831500,108111500,280000
52458,chr8,107836500,108129500,293000
52461,chr8,107898500,108092500,194000
52463,chr8,107991500,108050500,59000
52465,chr8,108130500,108162500,32000
52489,chr8,109288500,109598500,310000
52490,chr8,109301500,109451500,150000
52503,chr8,111871500,112025500,154000
52504,chr8,112143500,112389500,246000
52516,chr8,112788500,113058500,270000
52517,chr8,112788500,113137500,349000
52520,chr8,112819500,113041500,222000
52530,chr8,105995500,106074500,79000
52531,chr8,106020500,106101500,81000
52538,chr8,106086500,106124500,38000
52539,chr8,106086500,106145500,59000
52540,chr8,106243500,106280500,37000
52542,chr8,106293500,106332500,39000
52543,chr8,106293500,106363500,70000
52548,chr8,106323500,106514500,191000
52561,chr8,106441500,106734500,293000
52564,chr8,106463500,106813500,350000
52570,chr8,106504500,106756500,252000
52571,chr8,106553500,106786500,233000
52573,chr8,106562500,106748500,186000
52577,chr8,106619500,106657500,38000
52579,chr8,106692500,106863500,171000
52581,chr8,106786500,106863500,77000
52584,chr8,106868500,106954500,86000
52585,chr8,106985500,107038500,53000
52586,chr8,107026500,107096500,70000
52587,chr8,107026500,107129500,103000
52594,chr8,107180500,107234500,54000
52605,chr8,107332500,107370500,38000
52615,chr8,107443500,107777500,334000
52623,chr8,107783500,107822500,39000
52634,chr8,110292500,110419500,127000
52637,chr8,110432500,110505500,73000
52640,chr8,110580500,110672500,92000
52641,chr8,110595500,110685500,90000
52647,chr8,110846500,111100500,254000
52648,chr8,110846500,111055500,209000
52652,chr8,110872500,111144500,272000
52656,chr8,110929500,111277500,348000
52658,chr8,111477500,111724500,247000
52676,chr8,111757500,111819500,62000
52684,chr8,114582500,114652500,70000
52701,chr8,115268500,115527500,259000
52705,chr8,118657500,119001500,344000
52708,chr8,118685500,119013500,328000
52714,chr8,119578500,119706500,128000
52719,chr8,116230500,116294500,64000
52725,chr8,117206500,117553500,347000
52726,chr8,117398500,117498500,100000
52727,chr8,117603500,117708500,105000
52731,chr8,117885500,117983500,98000
52732,chr8,120038500,120084500,46000
52733,chr8,120071500,120121500,50000
52735,chr8,120138500,120506500,368000
52736,chr8,120171500,120302500,131000
52737,chr8,120243500,120284500,41000
52742,chr8,120383500,120506500,123000
52745,chr8,120510500,120653500,143000
52746,chr8,120509500,120804500,295000
52747,chr8,120638500,120840500,202000
52752,chr8,120905500,121090500,185000
52758,chr8,121051500,121326500,275000
52760,chr8,121062500,121215500,153000
52762,chr8,121091500,121160500,69000
52767,chr8,121155500,121260500,105000
52772,chr8,121425500,121819500,394000
52779,chr8,121697500,121800500,103000
52815,chr8,123951500,124100500,149000
52821,chr8,124048500,124170500,122000
52824,chr8,124100500,124244500,144000
52825,chr8,124101500,124138500,37000
52829,chr8,124139500,124243500,104000
52840,chr8,124356500,124547500,191000
52845,chr8,124371500,124583500,212000
52847,chr8,124381500,124448500,67000
52853,chr8,124517500,124693500,176000
52858,chr8,124607500,125078500,471000
52862,chr8,124677500,124709500,32000
52863,chr8,124682500,125058500,376000
52880,chr8,124778500,124960500,182000
52887,chr8,124815500,124943500,128000
52891,chr8,125161500,125247500,86000
52892,chr8,125161500,125389500,228000
52893,chr8,125390500,125448500,58000
52894,chr8,125390500,125520500,130000
52895,chr8,125448500,125589500,141000
52898,chr8,125520500,125624500,104000
52901,chr8,125707500,125771500,64000
52935,chr8,121983500,122240500,257000
52936,chr8,122038500,122240500,202000
52937,chr8,122273500,122401500,128000
52940,chr8,122305500,122379500,74000
52944,chr8,122316500,122379500,63000
52947,chr8,122445500,122477500,32000
52949,chr8,122445500,122534500,89000
52950,chr8,122478500,122636500,158000
52956,chr8,122577500,122676500,99000
52957,chr8,122576500,122692500,116000
52981,chr8,122851500,122996500,145000
52982,chr8,122851500,123095500,244000
52992,chr8,123000500,123115500,115000
52993,chr8,123001500,123163500,162000
52998,chr8,123170500,123294500,124000
53010,chr8,123227500,123540500,313000
53013,chr8,123250500,123294500,44000
53023,chr8,123344500,123597500,253000
53025,chr8,123345500,123540500,195000
53035,chr8,123634500,123792500,158000
53037,chr8,123834500,123961500,127000
53038,chr8,123859500,123927500,68000
53039,chr8,123872500,123928500,56000
53056,chr8,125807500,126543500,736000
53057,chr8,125816500,126575500,759000
53080,chr8,125888500,126475500,587000
53081,chr8,125892500,126597500,705000
53085,chr8,125898500,126275500,377000
53091,chr8,125910500,126064500,154000
53098,chr8,125920500,126526500,606000
53101,chr8,125922500,126542500,620000
53107,chr8,125944500,126603500,659000
53108,chr8,125946500,126506500,560000
53109,chr8,125950500,126296500,346000
53115,chr8,125991500,126589500,598000
53116,chr8,125995500,126605500,610000
53117,chr8,125997500,126575500,578000
53120,chr8,126018500,126597500,579000
53122,chr8,126031500,126448500,417000
53126,chr8,126064500,126445500,381000
53141,chr8,126298500,126486500,188000
53151,chr8,126393500,126427500,34000
53154,chr8,126678500,127024500,346000
53162,chr8,126984500,127163500,179000
53163,chr8,126985500,127186500,201000
53166,chr8,127023500,127209500,186000
53174,chr8,127176500,127678500,502000
53176,chr8,127186500,127602500,416000
53187,chr8,127223500,127555500,332000
53190,chr8,127224500,127514500,290000
53191,chr8,127225500,127414500,189000
53197,chr8,127288500,127611500,323000
53200,chr8,127306500,127647500,341000
53207,chr8,127347500,127513500,166000
53208,chr8,127356500,127603500,247000
53209,chr8,127615500,127703500,88000
53222,chr8,127774500,127896500,122000
53223,chr8,127867500,127904500,37000
53262,chr9,9059500,9350500,291000
53271,chr9,13564500,13626500,62000
53311,chr9,14435500,14610500,175000
53312,chr9,14695500,14955500,260000
53332,chr9,15345500,15520500,175000
53334,chr9,15386500,15520500,134000
53335,chr9,15405500,15521500,116000
53336,chr9,15405500,15592500,187000
53342,chr9,15682500,15722500,40000
53364,chr9,24688500,24790500,102000
53366,chr9,24936500,25016500,80000
53376,chr9,20456500,20492500,36000
53379,chr9,20657500,20724500,67000
53380,chr9,20669500,20741500,72000
53400,chr9,20862500,21060500,198000
53402,chr9,20863500,20941500,78000
53404,chr9,20914500,21073500,159000
53406,chr9,20944500,21003500,59000
53407,chr9,20943500,21044500,101000
53410,chr9,21062500,21322500,260000
53411,chr9,21064500,21130500,66000
53412,chr9,21075500,21278500,203000
53413,chr9,21077500,21132500,55000
53416,chr9,21134500,21175500,41000
53418,chr9,21133500,21380500,247000
53419,chr9,21134500,21201500,67000
53420,chr9,21135500,21421500,286000
53422,chr9,21149500,21421500,272000
53423,chr9,21150500,21200500,50000
53427,chr9,21153500,21268500,115000
53428,chr9,21168500,21450500,282000
53432,chr9,21193500,21268500,75000
53434,chr9,21202500,21422500,220000
53437,chr9,21224500,21380500,156000
53438,chr9,21278500,21457500,179000
53439,chr9,21279500,21421500,142000
53442,chr9,21421500,21457500,36000
53444,chr9,21458500,21527500,69000
53445,chr9,21458500,21635500,177000
53450,chr9,21505500,21812500,307000
53453,chr9,21527500,21634500,107000
53454,chr9,21527500,21671500,144000
53455,chr9,21527500,21709500,182000
53458,chr9,21540500,21805500,265000
53466,chr9,21635500,21761500,126000
53469,chr9,21680500,21761500,81000
53471,chr9,21709500,21760500,51000
53472,chr9,21764500,21829500,65000
53473,chr9,21764500,21847500,83000
53476,chr9,21839500,21961500,122000
53478,chr9,21914500,21962500,48000
53480,chr9,21765500,22044500,279000
53482,chr9,21981500,22137500,156000
53484,chr9,22028500,22136500,108000
53489,chr9,22078500,22320500,242000
53499,chr9,22230500,22299500,69000
53503,chr9,22473500,22590500,117000
53516,chr9,23242500,23300500,58000
53521,chr9,23748500,23782500,34000
53529,chr9,26941500,27086500,145000
53530,chr9,26941500,27102500,161000
53531,chr9,27088500,27237500,149000
53549,chr9,29914500,30049500,135000
53574,chr9,31031500,31192500,161000
53576,chr9,31042500,31191500,149000
53579,chr9,31062500,31295500,233000
53580,chr9,31062500,31311500,249000
53581,chr9,31122500,31297500,175000
53582,chr9,31123500,31164500,41000
53583,chr9,31192500,31297500,105000
53591,chr9,31521500,31720500,199000
53593,chr9,31570500,31721500,151000
53594,chr9,31570500,31823500,253000
53595,chr9,31598500,31824500,226000
53596,chr9,31769500,31824500,55000
53597,chr9,31770500,31836500,66000
53598,chr9,31825500,31943500,118000
53599,chr9,31886500,31941500,55000
53606,chr9,31882500,32096500,214000
53607,chr9,31886500,32007500,121000
53609,chr9,32255500,32453500,198000
53628,chr9,34410500,34571500,161000
53629,chr9,34573500,34759500,186000
53630,chr9,34663500,34930500,267000
53631,chr9,34932500,35076500,144000
53637,chr9,35179500,35332500,153000
53638,chr9,35193500,35333500,140000
53667,chr9,40139500,40208500,69000
53668,chr9,40139500,40302500,163000
53671,chr9,40325500,40642500,317000
53672,chr9,40326500,40527500,201000
53676,chr9,40541500,40694500,153000
53720,chr9,41440500,41860500,420000
53725,chr9,41647500,41862500,215000
53753,chr9,37002500,37056500,54000
53754,chr9,37060500,37141500,81000
53756,chr9,37319500,37457500,138000
53759,chr9,37344500,37403500,59000
53761,chr9,37375500,37423500,48000
53762,chr9,37399500,37440500,41000
53763,chr9,37416500,37527500,111000
53772,chr9,37761500,37814500,53000
53773,chr9,37777500,37823500,46000
53776,chr9,41967500,42151500,184000
53785,chr9,42237500,42720500,483000
53789,chr9,42300500,42460500,160000
53791,chr9,42599500,42720500,121000
53792,chr9,42599500,42818500,219000
53793,chr9,42809500,42853500,44000
53806,chr9,43252500,43640500,388000
53807,chr9,43251500,43655500,404000
53808,chr9,43252500,43610500,358000
53810,chr9,43271500,43854500,583000
53811,chr9,43275500,43826500,551000
53813,chr9,43280500,43598500,318000
53814,chr9,43290500,43883500,593000
53815,chr9,43291500,43714500,423000
53816,chr9,43305500,43712500,407000
53817,chr9,43324500,43597500,273000
53819,chr9,43361500,43597500,236000
53820,chr9,43464500,43738500,274000
53821,chr9,43487500,43713500,226000
53824,chr9,43597500,43809500,212000
53825,chr9,43605500,43739500,134000
53827,chr9,43642500,43738500,96000
53829,chr9,43654500,43773500,119000
53830,chr9,43655500,43739500,84000
53831,chr9,43820500,43883500,63000
53832,chr9,43831500,43883500,52000
53836,chr9,47852500,48022500,170000
53843,chr9,48408500,48450500,42000
53855,chr9,48995500,49195500,200000
53860,chr9,49626500,49708500,82000
53864,chr9,45823500,46214500,391000
53865,chr9,45865500,46142500,277000
53866,chr9,45866500,46184500,318000
53868,chr9,45891500,46158500,267000
53874,chr9,45940500,46067500,127000
53879,chr9,46266500,46547500,281000
53886,chr9,46289500,46725500,436000
53887,chr9,46304500,46545500,241000
53888,chr9,46345500,46545500,200000
53890,chr9,46394500,46471500,77000
53891,chr9,46452500,46541500,89000
53902,chr9,47352500,47619500,267000
53912,chr9,44038500,44330500,292000
53913,chr9,44042500,44318500,276000
53914,chr9,44055500,44303500,248000
53915,chr9,44091500,44144500,53000
53937,chr9,44389500,44645500,256000
53938,chr9,44409500,44515500,106000
53941,chr9,44575500,44862500,287000
53943,chr9,44645500,44792500,147000
53946,chr9,44793500,44877500,84000
53949,chr9,44836500,44872500,36000
53950,chr9,44878500,44959500,81000
53951,chr9,44954500,45034500,80000
53965,chr9,45501500,45651500,150000
53976,chr9,54077500,54244500,167000
53977,chr9,54089500,54229500,140000
53978,chr9,54408500,54606500,198000
53979,chr9,54632500,54793500,161000
53991,chr9,54930500,55159500,229000
53992,chr9,55109500,55158500,49000
53994,chr9,55232500,55299500,67000
54016,chr9,51876500,52037500,161000
54040,chr9,53146500,53377500,231000
54045,chr9,53580500,53664500,84000
54050,chr9,53617500,53678500,61000
54103,chr9,49892500,50082500,190000
54108,chr9,50374500,50581500,207000
54109,chr9,50375500,50504500,129000
54111,chr9,50432500,50505500,73000
54112,chr9,50515500,50570500,55000
54115,chr9,50528500,50679500,151000
54117,chr9,50571500,50679500,108000
54118,chr9,50605500,50646500,41000
54123,chr9,50765500,51014500,249000
54126,chr9,50810500,50915500,105000
54148,chr9,55998500,56461500,463000
54156,chr9,56120500,56413500,293000
54159,chr9,56121500,56704500,583000
54167,chr9,56442500,56543500,101000
54170,chr9,56633500,56681500,48000
54171,chr9,56799500,57005500,206000
54173,chr9,56800500,56834500,34000
54179,chr9,56856500,57055500,199000
54182,chr9,56872500,57021500,149000
54205,chr9,57498500,57562500,64000
54206,chr9,57536500,57652500,116000
54207,chr9,57567500,57768500,201000
54209,chr9,57568500,57755500,187000
54212,chr9,59867500,60146500,279000
54231,chr9,60823500,61795500,972000
54236,chr9,60905500,61627500,722000
54238,chr9,60912500,61726500,814000
54241,chr9,60934500,61411500,477000
54243,chr9,60946500,61666500,720000
54245,chr9,60948500,61422500,474000
54248,chr9,60953500,61562500,609000
54250,chr9,60955500,61293500,338000
54251,chr9,60954500,61344500,390000
54252,chr9,60954500,61631500,677000
54274,chr9,61186500,61277500,91000
54276,chr9,61278500,61576500,298000
54278,chr9,61327500,61604500,277000
54284,chr9,61855500,61892500,37000
54295,chr9,58176500,58276500,100000
54299,chr9,58219500,58360500,141000
54301,chr9,58462500,58731500,269000
54305,chr9,58488500,58650500,162000
54315,chr9,58650500,58781500,131000
54328,chr9,58876500,58943500,67000
54334,chr9,59198500,59447500,249000
54335,chr9,59199500,59485500,286000
54338,chr9,59266500,59472500,206000
54339,chr9,59272500,59382500,110000
54341,chr9,59341500,59492500,151000
54343,chr9,59394500,59524500,130000
54351,chr9,59630500,59995500,365000
54352,chr9,59658500,59844500,186000
54359,chr9,59757500,59840500,83000
54361,chr9,59867500,59995500,128000
54372,chr9,62220500,62280500,60000
54373,chr9,62220500,62323500,103000
54376,chr9,62281500,62460500,179000
54384,chr9,62691500,62811500,120000
54414,chr9,63525500,63724500,199000
54415,chr9,63665500,63710500,45000
54417,chr9,63676500,63751500,75000
54420,chr9,63824500,63932500,108000
54421,chr9,63824500,63994500,170000
54422,chr9,63866500,63994500,128000
54423,chr9,63890500,63994500,104000
54424,chr9,63890500,64007500,117000
54425,chr9,63919500,64007500,88000
54426,chr9,63929500,64029500,100000
54427,chr9,63928500,64175500,247000
54471,chr9,64232500,64566500,334000
54477,chr9,64238500,64506500,268000
54487,chr9,64254500,64504500,250000
54489,chr9,64255500,64521500,266000
54505,chr9,64301500,64505500,204000
54510,chr9,64578500,64717500,139000
54511,chr9,64644500,64718500,74000
54513,chr9,64645500,64826500,181000
54514,chr9,64645500,64843500,198000
54516,chr9,64828500,64866500,38000
54519,chr9,64903500,65026500,123000
54526,chr9,65201500,65342500,141000
54528,chr9,65218500,65339500,121000
54529,chr9,65254500,65298500,44000
54530,chr9,65279500,65339500,60000
54531,chr9,65341500,65431500,90000
54536,chr9,65508500,65629500,121000
54550,chr9,65588500,65736500,148000
54552,chr9,65597500,65785500,188000
54553,chr9,65645500,65756500,111000
54554,chr9,65660500,65737500,77000
54557,chr9,65811500,65995500,184000
54558,chr9,65816500,65967500,151000
54577,chr9,69412500,69579500,167000
54580,chr9,69489500,69712500,223000
54581,chr9,69489500,69643500,154000
54585,chr9,69510500,69701500,191000
54588,chr9,69511500,69565500,54000
54590,chr9,69530500,69643500,113000
54593,chr9,69570500,69644500,74000
54610,chr9,71768500,72118500,350000
54612,chr9,71775500,72081500,306000
54625,chr9,72282500,72316500,34000
54641,chr9,72892500,72946500,54000
54642,chr9,72892500,73020500,128000
54651,chr9,69926500,70060500,134000
54653,chr9,69990500,70300500,310000
54689,chr9,70586500,70703500,117000
54696,chr9,70633500,70831500,198000
54702,chr9,71036500,71227500,191000
54708,chr9,71266500,71423500,157000
54709,chr9,71276500,71450500,174000
54710,chr9,71316500,71423500,107000
54714,chr9,71740500,71867500,127000
54719,chr9,66051500,66190500,139000
54723,chr9,66065500,66279500,214000
54732,chr9,66193500,66329500,136000
54757,chr9,66554500,66599500,45000
54768,chr9,66953500,67168500,215000
54773,chr9,67590500,67757500,167000
54795,chr9,76437500,76488500,51000
54799,chr9,77503500,77932500,429000
54814,chr9,74432500,74473500,41000
54846,chr9,79667500,79911500,244000
54849,chr9,79773500,79910500,137000
54856,chr9,81984500,82023500,39000
54869,chr9,83264500,83316500,52000
54871,chr9,83536500,83573500,37000
54872,chr9,83575500,83608500,33000
54873,chr9,83716500,83805500,89000
54900,chr9,88146500,88197500,51000
54939,chr9,90394500,90426500,32000
54941,chr9,90453500,90491500,38000
54986,chr9,95350500,95742500,392000
54999,chr9,95404500,95520500,116000
55006,chr9,95441500,95631500,190000
55007,chr9,95442500,95495500,53000
55008,chr9,95442500,95519500,77000
55011,chr9,95618500,95734500,116000
55015,chr9,95836500,96001500,165000
55016,chr9,95873500,96048500,175000
55024,chr9,96423500,96755500,332000
55025,chr9,96428500,96700500,272000
55027,chr9,96451500,96668500,217000
55028,chr9,96455500,96754500,299000
55029,chr9,96456500,96534500,78000
55030,chr9,96516500,96697500,181000
55033,chr9,96580500,96700500,120000
55034,chr9,96771500,96900500,129000
55035,chr9,96798500,96842500,44000
55051,chr9,97993500,98027500,34000
55052,chr9,98300500,98396500,96000
55059,chr9,98528500,98726500,198000
55065,chr9,98838500,99239500,401000
55073,chr9,98945500,99221500,276000
55078,chr9,99125500,99258500,133000
55129,chr9,100430500,100552500,122000
55130,chr9,100446500,100551500,105000
55133,chr9,100463500,100524500,61000
55138,chr9,100531500,100654500,123000
55141,chr9,100544500,100695500,151000
55145,chr9,100568500,100751500,183000
55146,chr9,100569500,100695500,126000
55152,chr9,100886500,101035500,149000
55169,chr9,101867500,102232500,365000
55170,chr9,101965500,102233500,268000
55171,chr9,101996500,102232500,236000
55178,chr9,102504500,102567500,63000
55181,chr9,102591500,102744500,153000
55190,chr9,103076500,103194500,118000
55191,chr9,103103500,103167500,64000
55215,chr9,103492500,103843500,351000
55216,chr9,103502500,103580500,78000
55221,chr9,103599500,103876500,277000
55236,chr9,104192500,104287500,95000
55274,chr9,105345500,105519500,174000
55275,chr9,105373500,105571500,198000
55282,chr9,105544500,105734500,190000
55286,chr9,105636500,105892500,256000
55288,chr9,105783500,105866500,83000
55289,chr9,105916500,105990500,74000
55293,chr9,112227500,112286500,59000
55307,chr9,113284500,113457500,173000
55308,chr9,113286500,113475500,189000
55309,chr9,113358500,113457500,99000
55312,chr9,113819500,113873500,54000
55315,chr9,113844500,113920500,76000
55322,chr9,106046500,106157500,111000
55330,chr9,106091500,106351500,260000
55331,chr9,106158500,106331500,173000
55334,chr9,106245500,106353500,108000
55341,chr9,106521500,106764500,243000
55344,chr9,106552500,106644500,92000
55345,chr9,106552500,106718500,166000
55346,chr9,106564500,106666500,102000
55347,chr9,106565500,106616500,51000
55388,chr9,107042500,107168500,126000
55389,chr9,107109500,107167500,58000
55390,chr9,107123500,107213500,90000
55391,chr9,107215500,107446500,231000
55393,chr9,107217500,107420500,203000
55394,chr9,107235500,107522500,287000
55395,chr9,107235500,107490500,255000
55400,chr9,107431500,107508500,77000
55407,chr9,107504500,107553500,49000
55409,chr9,107647500,107944500,297000
55410,chr9,107660500,107730500,70000
55414,chr9,107841500,107890500,49000
55419,chr9,109967500,110050500,83000
55446,chr9,110306500,110481500,175000
55448,chr9,110319500,110360500,41000
55449,chr9,110321500,110538500,217000
55452,chr9,110361500,110571500,210000
55457,chr9,110643500,110699500,56000
55460,chr9,110774500,110824500,50000
55470,chr9,110826500,110922500,96000
55472,chr9,110844500,111006500,162000
55473,chr9,110901500,111118500,217000
55481,chr9,111076500,111142500,66000
55501,chr9,111359500,111731500,372000
55536,chr9,111581500,111655500,74000
55550,chr9,107945500,108079500,134000
55553,chr9,107973500,108289500,316000
55555,chr9,108141500,108183500,42000
55556,chr9,108141500,108216500,75000
55557,chr9,108141500,108337500,196000
55559,chr9,108164500,108197500,33000
55562,chr9,108184500,108356500,172000
55563,chr9,108183500,108367500,184000
55566,chr9,108232500,108290500,58000
55575,chr9,108419500,108521500,102000
55585,chr9,108617500,108696500,79000
55587,chr9,108703500,108765500,62000
55588,chr9,108732500,108764500,32000
55596,chr9,108957500,109029500,72000
55670,chr9,109723500,109928500,205000
55673,chr9,109760500,109960500,200000
55685,chr9,114230500,114413500,183000
55687,chr9,114278500,114412500,134000
55691,chr9,114330500,114444500,114000
55707,chr9,115044500,115139500,95000
55722,chr9,115917500,116083500,166000
55723,chr9,115934500,116215500,281000
55724,chr9,116218500,116302500,84000
55731,chr9,116576500,116754500,178000
55743,chr9,117693500,117796500,103000
55749,chr9,117870500,117979500,109000
55750,chr9,117871500,117928500,57000
55755,chr9,117883500,118199500,316000
55764,chr9,117997500,118319500,322000
55766,chr9,118094500,118307500,213000
55767,chr9,118202500,118319500,117000
55775,chr9,118436500,118622500,186000
55778,chr9,118480500,118701500,221000
55781,chr9,118746500,118958500,212000
55784,chr9,118920500,119231500,311000
55786,chr9,118935500,119260500,325000
55790,chr9,118985500,119022500,37000
55795,chr9,119152500,119185500,33000
55798,chr9,119187500,119230500,43000
55802,chr9,119274500,119408500,134000
55804,chr9,119289500,119515500,226000
55808,chr9,119387500,119580500,193000
55809,chr9,119410500,119720500,310000
55810,chr9,119597500,119720500,123000
55816,chr9,119792500,119840500,48000
55820,chr9,119811500,119939500,128000
55833,chr9,120019500,120228500,209000
55834,chr9,120039500,120074500,35000
55835,chr9,120039500,120325500,286000
55836,chr9,120064500,120206500,142000
55838,chr9,120075500,120227500,152000
55839,chr9,120127500,120228500,101000
55840,chr9,120130500,120324500,194000
55842,chr9,120264500,120399500,135000
55848,chr9,120331500,120475500,144000
55870,chr9,120429500,120790500,361000
55872,chr9,120432500,120555500,123000
55873,chr9,120432500,120603500,171000
55883,chr9,120487500,120600500,113000
55884,chr9,120505500,120746500,241000
55885,chr9,120516500,120629500,113000
55892,chr9,120993500,121041500,48000
55896,chr9,121044500,121203500,159000
55914,chr9,121307500,121557500,250000
55915,chr9,121308500,121395500,87000
55921,chr9,121687500,121767500,80000
55922,chr9,121777500,121843500,66000
55923,chr9,121814500,122028500,214000
55926,chr9,121949500,122013500,64000
55927,chr9,121949500,122028500,79000
55937,chr9,122634500,122751500,117000
55939,chr9,122716500,122752500,36000
55943,chr9,122986500,123307500,321000
55945,chr9,123307500,123355500,48000
55947,chr9,123466500,123603500,137000
55970,chr9,124029500,124193500,164000
55978,chr9,124137500,124194500,57000
56000,chrX,7243500,7286500,43000
56007,chrX,7440500,7538500,98000
56013,chrX,7630500,7707500,77000
56016,chrX,7681500,7747500,66000
56017,chrX,7709500,7743500,34000
56020,chrX,7784500,7870500,86000
56024,chrX,7815500,7878500,63000
56088,chrX,11724500,11825500,101000
56089,chrX,11828500,11860500,32000
56091,chrX,11873500,11913500,40000
56113,chrX,12003500,12153500,150000
56128,chrX,12335500,12405500,70000
56131,chrX,12409500,12517500,108000
56147,chrX,12561500,12673500,112000
56148,chrX,12583500,12718500,135000
56150,chrX,12595500,12704500,109000
56173,chrX,12825500,12926500,101000
56241,chrX,20313500,20351500,38000
56255,chrX,20556500,20684500,128000
56257,chrX,20570500,20686500,116000
56262,chrX,20598500,20657500,59000
56263,chrX,20695500,20827500,132000
56268,chrX,20735500,20813500,78000
56272,chrX,20787500,20826500,39000
56290,chrX,35862500,35908500,46000
56372,chrX,36366500,36436500,70000
56373,chrX,36367500,36420500,53000
56428,chrX,47412500,47444500,32000
56429,chrX,47512500,47621500,109000
56463,chrX,52114500,52324500,210000
56476,chrX,57055500,57117500,62000
56483,chrX,57103500,57173500,70000
56525,chrX,51196500,51239500,43000
56531,chrX,51261500,51310500,49000
56533,chrX,51366500,51438500,72000
56546,chrX,51866500,51902500,36000
56576,chrX,59153500,59199500,46000
56658,chrX,72715500,72830500,115000
56662,chrX,72803500,72904500,101000
56676,chrX,73011500,73066500,55000
56689,chrX,73290500,73372500,82000
56697,chrX,73326500,73412500,86000
56700,chrX,73372500,73411500,39000
56719,chrX,76514500,76547500,33000
56720,chrX,76555500,76611500,56000
56780,chrX,92490500,92526500,36000
56785,chrX,92597500,92633500,36000
56798,chrX,93123500,93159500,36000
56828,chrX,97934500,97980500,46000
56861,chrX,104863500,104897500,34000
56872,chrX,105164500,105213500,49000
56887,chrX,98179500,98514500,335000
56890,chrX,98447500,98566500,119000
56892,chrX,98513500,98600500,87000
56893,chrX,98566500,98600500,34000
56910,chrX,99681500,99740500,59000
56923,chrX,102317500,102488500,171000
56924,chrX,102318500,102484500,166000
56936,chrX,102672500,102717500,45000
56951,chrX,103365500,103409500,44000
56953,chrX,103379500,103424500,45000
56979,chrX,100174500,100346500,172000
56982,chrX,100231500,100361500,130000
56983,chrX,100266500,100298500,32000
56984,chrX,100266500,100374500,108000
56989,chrX,100318500,100375500,57000
57030,chrX,100908500,100979500,71000
57040,chrX,101272500,101500500,228000
57091,chrX,133441500,133514500,73000
57092,chrX,133476500,133515500,39000
57099,chrX,133550500,133585500,35000
57100,chrX,133574500,133619500,45000
57104,chrX,133648500,133720500,72000
57108,chrX,133654500,133708500,54000
57141,chrX,134706500,134864500,158000
57237,chrX,149295500,149372500,77000
57257,chrX,149832500,149878500,46000
57289,chrX,150595500,150641500,46000
57295,chrX,150625500,150700500,75000
57316,chrX,150853500,150959500,106000
57324,chrX,151065500,151134500,69000
57337,chrX,151489500,151552500,63000
57365,chrX,156349500,156395500,46000
57436,chrX,161502500,161547500,45000
57512,chrX,165353500,165432500,79000
57531,chrX,161986500,162035500,49000
57532,chrX,162035500,162091500,56000
57541,chrX,162885500,162963500,78000
57547,chrX,163014500,163070500,56000
57550,chrX,163069500,163180500,111000
57597,chr1,7195000,7277000,82000
57609,chr1,11347000,11447000,100000
57610,chr1,11401000,11537000,136000
57629,chr1,12817000,12881000,64000
57718,chr1,24043000,24139000,96000
57742,chr1,34311000,34449000,138000
57747,chr1,35185000,35425000,240000
57782,chr1,37027000,37085000,58000
57796,chr1,40657000,40807000,150000
57821,chr1,39295000,39379000,84000
57822,chr1,39387000,39567000,180000
57864,chr1,52903000,52955000,52000
57873,chr1,54079000,54401000,322000
57915,chr1,57469000,57603000,134000
57920,chr1,57815000,57987000,172000
57928,chr1,57649000,58033000,384000
57929,chr1,57815000,58033000,218000
57957,chr1,59287000,59559000,272000
57959,chr1,59525000,59557000,32000
57987,chr1,62745000,62835000,90000
57996,chr1,59903000,60145000,242000
58000,chr1,60683000,60901000,218000
58008,chr1,61339000,61415000,76000
58096,chr1,72293000,72619000,326000
58097,chr1,72349000,72681000,332000
58103,chr1,72623000,72749000,126000
58108,chr1,72911000,73703000,792000
58109,chr1,72915000,73001000,86000
58116,chr1,73199000,73859000,660000
58120,chr1,77985000,78393000,408000
58144,chr1,80161000,80237000,76000
58147,chr1,81627000,81671000,44000
58159,chr1,74033000,74235000,202000
58182,chr1,75631000,75957000,326000
58226,chr1,86471000,86505000,34000
58240,chr1,86579000,86791000,212000
58261,chr1,87497000,87593000,96000
58373,chr1,105835000,105919000,84000
58406,chr1,118251000,118425000,174000
58407,chr1,118297000,118687000,390000
58472,chr1,127167000,127247000,80000
58473,chr1,127425000,127653000,228000
58558,chr1,136707000,137091000,384000
58565,chr1,140101000,140201000,100000
58587,chr1,138763000,139159000,396000
58590,chr1,139409000,139447000,38000
58615,chr1,150991000,151051000,60000
58616,chr1,151233000,151281000,48000
58617,chr1,151311000,151353000,42000
58656,chr1,153539000,153617000,78000
58664,chr1,158043000,158095000,52000
58671,chr1,159067000,159137000,70000
58699,chr1,154925000,155035000,110000
58713,chr1,155961000,156249000,288000
58738,chr1,161189000,161563000,374000
58749,chr1,162305000,162375000,70000
58792,chr1,164195000,164509000,314000
58799,chr1,164265000,164731000,466000
58807,chr1,165115000,165405000,290000
58808,chr1,165289000,165407000,118000
58811,chr1,165711000,165981000,270000
58812,chr1,165725000,165981000,256000
58813,chr1,165835000,165873000,38000
58850,chr1,175519000,175743000,224000
58887,chr1,175835000,176043000,208000
58955,chr1,180421000,180631000,210000
58956,chr1,180603000,180677000,74000
59009,chr1,183077000,183171000,94000
59052,chr1,184181000,184451000,270000
59081,chr1,187187000,187419000,232000
59086,chr1,189461000,189515000,54000
59170,chr1,194301000,194431000,130000
59186,chr10,4663000,5111000,448000
59224,chr10,11087000,11155000,68000
59249,chr10,14077000,14197000,120000
59272,chr10,12487000,12795000,308000
59277,chr10,12895000,13047000,152000
59296,chr10,24945000,25115000,170000
59312,chr10,21035000,21213000,178000
59316,chr10,21389000,21885000,496000
59323,chr10,22523000,22585000,62000
59324,chr10,22693000,22957000,264000
59354,chr10,26771000,26871000,100000
59363,chr10,33973000,34203000,230000
59364,chr10,34111000,34157000,46000
59400,chr10,40177000,40239000,62000
59418,chr10,40559000,40877000,318000
59423,chr10,41171000,41561000,390000
59427,chr10,41859000,41905000,46000
59441,chr10,45043000,45225000,182000
59443,chr10,45259000,45361000,102000
59487,chr10,58511000,58647000,136000
59545,chr10,62893000,63219000,326000
59546,chr10,62963000,63145000,182000
59574,chr10,69235000,69407000,172000
59575,chr10,69369000,69407000,38000
59580,chr10,70033000,70079000,46000
59588,chr10,70203000,70377000,174000
59593,chr10,70993000,71053000,60000
59594,chr10,71077000,71121000,44000
59595,chr10,71123000,71181000,58000
59617,chr10,75457000,75689000,232000
59642,chr10,77191000,77345000,154000
59730,chr10,79777000,79921000,144000
59749,chr10,82463000,82647000,184000
59761,chr10,82821000,83019000,198000
59780,chr10,89279000,89521000,242000
59798,chr10,83985000,84207000,222000
59800,chr10,84077000,84273000,196000
59819,chr10,87389000,87691000,302000
59830,chr10,90567000,90897000,330000
59856,chr10,93265000,93383000,118000
59873,chr10,95013000,95051000,38000
59900,chr10,96495000,96557000,62000
59906,chr10,105413000,105611000,198000
59910,chr10,99481000,100007000,526000
59943,chr10,99027000,99365000,338000
59946,chr10,99413000,99451000,38000
59953,chr10,107999000,108129000,130000
59971,chr10,110847000,110937000,90000
59974,chr10,111135000,111339000,204000
60053,chr10,121531000,121931000,400000
60129,chr10,128541000,128579000,38000
60194,chr11,8533000,8809000,276000
60196,chr11,8587000,8643000,56000
60205,chr11,5945000,6043000,98000
60207,chr11,6015000,6135000,120000
60213,chr11,6845000,6911000,66000
60254,chr11,16209000,16295000,86000
60261,chr11,16537000,16819000,282000
60285,chr11,21221000,21253000,32000
60311,chr11,22965000,23047000,82000
60313,chr11,22967000,23015000,48000
60314,chr11,22997000,23203000,206000
60334,chr11,29549000,29607000,58000
60335,chr11,29555000,29587000,32000
60349,chr11,30149000,30601000,452000
60398,chr11,36143000,36417000,274000
60675,chr11,64953000,65019000,66000
60677,chr11,65089000,65281000,192000
60719,chr11,59995000,60307000,312000
60763,chr11,66573000,66761000,188000
60786,chr11,67867000,68371000,504000
60829,chr11,69691000,69887000,196000
60863,chr11,71245000,71915000,670000
60935,chr11,75071000,75123000,52000
60972,chr11,80017000,80089000,72000
60974,chr11,80193000,80317000,124000
60987,chr11,80859000,81043000,184000
60993,chr11,81525000,81831000,306000
61004,chr11,78379000,78719000,340000
61098,chr11,88107000,88147000,40000
61100,chr11,88445000,88713000,268000
61101,chr11,88445000,88513000,68000
61102,chr11,88445000,88531000,86000
61125,chr11,90141000,90309000,168000
61145,chr11,94759000,95001000,242000
61167,chr11,96199000,96379000,180000
61245,chr11,100287000,100511000,224000
61249,chr11,100373000,100409000,36000
61250,chr11,100381000,100593000,212000
61257,chr11,100513000,100831000,318000
61304,chr11,98445000,98489000,44000
61343,chr11,112761000,113055000,294000
61344,chr11,112851000,113055000,204000
61382,chr11,108317000,108835000,518000
61397,chr11,109563000,109613000,50000
61407,chr11,116481000,116945000,464000
61408,chr11,116583000,116947000,364000
61417,chr11,117289000,117567000,278000
61438,chr11,114173000,114529000,356000
61500,chr12,4609000,4643000,34000
61505,chr12,8259000,8351000,92000
61536,chr12,12859000,12955000,96000
61561,chr12,10895000,11229000,334000
61623,chr12,25921000,25991000,70000
61652,chr12,30153000,30423000,270000
61673,chr12,33077000,33357000,280000
61718,chr12,51641000,51785000,144000
61719,chr12,51737000,51785000,48000
61735,chr12,52883000,52941000,58000
61759,chr12,57243000,57275000,32000
61774,chr12,53793000,54107000,314000
61803,chr12,69359000,69393000,34000
61811,chr12,70009000,70191000,182000
61831,chr12,70991000,71039000,48000
61833,chr12,71027000,71087000,60000
61839,chr12,71297000,71627000,330000
61840,chr12,71343000,71397000,54000
61901,chr12,75717000,75781000,64000
61984,chr12,80205000,80539000,334000
61985,chr12,80511000,80567000,56000
61987,chr12,80723000,80771000,48000
62006,chr12,81645000,81677000,32000
62109,chr12,99937000,100129000,192000
62111,chr12,100083000,100119000,36000
62118,chr12,100601000,100791000,190000
62178,chr12,104087000,104387000,300000
62189,chr12,104601000,104909000,308000
62197,chr12,105017000,105303000,286000
62211,chr12,106933000,107025000,92000
62261,chr12,111823000,111967000,144000
62268,chr12,111747000,112059000,312000
62287,chr12,112467000,112509000,42000
62288,chr12,112643000,112793000,150000
62303,chr12,116227000,116369000,142000
62316,chr12,117391000,117499000,108000
62350,chr12,119391000,119433000,42000
62357,chr13,3529000,3585000,56000
62381,chr13,13765000,13847000,82000
62434,chr13,17921000,18013000,92000
62451,chr13,20497000,21327000,830000
62456,chr13,21587000,21893000,306000
62483,chr13,24703000,24785000,82000
62485,chr13,25067000,25107000,40000
62488,chr13,25335000,25457000,122000
62514,chr13,23869000,23943000,74000
62548,chr13,33263000,33383000,120000
62565,chr13,34373000,34691000,318000
62638,chr13,44089000,44171000,82000
62657,chr13,47059000,47167000,108000
62658,chr13,47173000,47441000,268000
62677,chr13,42329000,42397000,68000
62680,chr13,42457000,42497000,40000
62685,chr13,43737000,43769000,32000
62719,chr13,48807000,49201000,394000
62723,chr13,49153000,49325000,172000
62724,chr13,49205000,49325000,120000
62737,chr13,51259000,51325000,66000
62740,chr13,51435000,51571000,136000
62774,chr13,56289000,56405000,116000
62838,chr13,63195000,63381000,186000
62869,chr13,65409000,65455000,46000
62879,chr13,58509000,58625000,116000
62889,chr13,58955000,59161000,206000
62890,chr13,59733000,59827000,94000
62898,chr13,60037000,60245000,208000
62900,chr13,60325000,60505000,180000
62944,chr13,71027000,71127000,100000
62956,chr13,72407000,72439000,32000
62972,chr13,76261000,76301000,40000
62983,chr13,73773000,74085000,312000
63002,chr13,75857000,75943000,86000
63006,chr13,81059000,81305000,246000
63007,chr13,81589000,81675000,86000
63023,chr13,92563000,92667000,104000
63026,chr13,93539000,93749000,210000
63032,chr13,94805000,94841000,36000
63060,chr13,97369000,97773000,404000
63079,chr13,105395000,105429000,34000
63081,chr13,102647000,102777000,130000
63084,chr13,103841000,103885000,44000
63129,chr13,98345000,98377000,32000
63130,chr13,98493000,98567000,74000
63219,chr13,112407000,112757000,350000
63223,chr13,112447000,112561000,114000
63256,chr13,115651000,115687000,36000
63283,chr14,14123000,14475000,352000
63287,chr14,10131000,10317000,186000
63289,chr14,10329000,10857000,528000
63292,chr14,10697000,10911000,214000
63297,chr14,19801000,19873000,72000
63310,chr14,19801000,20039000,238000
63319,chr14,20441000,20529000,88000
63322,chr14,20449000,20499000,50000
63328,chr14,20597000,20757000,160000
63355,chr14,21457000,21793000,336000
63440,chr14,28023000,28227000,204000
63481,chr14,34095000,34317000,222000
63486,chr14,45221000,45457000,236000
63492,chr14,45641000,46009000,368000
63540,chr14,47119000,47463000,344000
63543,chr14,47711000,47805000,94000
63554,chr14,48409000,48599000,190000
63561,chr14,48819000,49037000,218000
63566,chr14,49229000,49357000,128000
63572,chr14,52255000,52519000,264000
63596,chr14,51145000,51301000,156000
63603,chr14,54467000,54759000,292000
63607,chr14,54667000,54813000,146000
63628,chr14,55509000,55735000,226000
63669,chr14,64407000,64795000,388000
63696,chr14,61889000,62033000,144000
63700,chr14,61973000,62033000,60000
63701,chr14,62533000,62567000,34000
63705,chr14,63243000,63609000,366000
63710,chr14,63785000,63863000,78000
63743,chr14,59441000,59793000,352000
63746,chr14,59679000,59833000,154000
63755,chr14,59973000,60167000,194000
63758,chr14,60113000,60251000,138000
63768,chr14,61209000,61321000,112000
63811,chr14,73749000,73791000,42000
63837,chr14,66617000,66875000,258000
63875,chr14,75301000,75415000,114000
63876,chr14,75371000,75415000,44000
63878,chr14,75433000,75911000,478000
63984,chr14,79721000,79801000,80000
64024,chr14,105639000,105737000,98000
64054,chr14,118607000,118711000,104000
64057,chr14,119013000,119051000,38000
64084,chr14,121745000,122035000,290000
64102,chr14,123755000,123899000,144000
64128,chr15,5267000,5927000,660000
64147,chr15,6659000,6691000,32000
64154,chr15,6939000,7197000,258000
64160,chr15,7561000,7841000,280000
64174,chr15,9095000,9137000,42000
64177,chr15,9123000,9189000,66000
64236,chr15,12375000,12493000,118000
64242,chr15,11411000,11565000,154000
64252,chr15,27825000,28183000,358000
64297,chr15,34541000,34813000,272000
64320,chr15,35983000,36147000,164000
64335,chr15,37519000,37905000,386000
64336,chr15,37667000,37905000,238000
64352,chr15,41275000,41309000,34000
64356,chr15,41523000,41653000,130000
64366,chr15,38007000,38493000,486000
64401,chr15,42827000,42899000,72000
64441,chr15,56611000,56717000,106000
64445,chr15,57509000,57773000,264000
64446,chr15,57755000,57837000,82000
64575,chr15,77685000,77723000,38000
64578,chr15,77867000,77951000,84000
64608,chr15,79877000,79937000,60000
64657,chr15,88575000,88611000,36000
64667,chr15,87363000,87427000,64000
64686,chr15,84655000,84777000,122000
64761,chr15,93163000,93335000,172000
64790,chr15,96373000,96435000,62000
64853,chr15,101985000,102155000,170000
64886,chr16,4123000,4395000,272000
64995,chr16,16503000,16643000,140000
65012,chr16,18445000,18695000,250000
65045,chr16,20769000,20875000,106000
65055,chr16,21591000,21945000,354000
65057,chr16,21889000,21943000,54000
65081,chr16,24671000,24883000,212000
65083,chr16,25191000,25525000,334000
65131,chr16,28663000,28745000,82000
65133,chr16,29795000,29883000,88000
65136,chr16,29665000,30029000,364000
65162,chr16,30697000,30755000,58000
65168,chr16,31093000,31247000,154000
65178,chr16,32191000,32319000,128000
65182,chr16,32517000,32773000,256000
65195,chr16,37813000,38075000,262000
65196,chr16,37815000,38061000,246000
65216,chr16,34567000,34789000,222000
65259,chr16,43361000,43413000,52000
65264,chr16,48251000,48429000,178000
65279,chr16,45017000,45429000,412000
65281,chr16,45609000,45785000,176000
65313,chr16,57067000,57201000,134000
65331,chr16,59295000,59421000,126000
65333,chr16,59367000,59421000,54000
65348,chr16,78437000,78729000,292000
65364,chr16,76091000,76165000,74000
65395,chr16,87153000,87231000,78000
65410,chr16,89699000,89983000,284000
65458,chr16,93717000,94089000,372000
65476,chr16,95417000,95699000,282000
65487,chr16,91901000,92085000,184000
65502,chr16,92341000,93341000,1000000
65515,chr17,7013000,7045000,32000
65516,chr17,7047000,7129000,82000
65519,chr17,7745000,8043000,298000
65520,chr17,7851000,8041000,190000
65536,chr17,8861000,8965000,104000
65550,chr17,9399000,9443000,44000
65564,chr17,10299000,10369000,70000
65634,chr17,17627000,17847000,220000
65635,chr17,17631000,17667000,36000
65701,chr17,28553000,28587000,34000
65724,chr17,31231000,31477000,246000
65736,chr17,32345000,32713000,368000
65787,chr17,37151000,37359000,208000
65788,chr17,37205000,37561000,356000
65796,chr17,33817000,34145000,328000
65799,chr17,33875000,34053000,178000
65855,chr17,44841000,45051000,210000
65858,chr17,45745000,45863000,118000
65859,chr17,45827000,45969000,142000
65888,chr17,48055000,48351000,296000
65893,chr17,49237000,49565000,328000
65897,chr17,49737000,50203000,466000
65914,chr17,53877000,53923000,46000
65919,chr17,56363000,56623000,260000
65921,chr17,56385000,56611000,226000
65930,chr17,56439000,56859000,420000
65932,chr17,56447000,56817000,370000
65940,chr17,56611000,56817000,206000
65941,chr17,56789000,56855000,66000
65958,chr17,64113000,64149000,36000
65993,chr17,69383000,69465000,82000
65995,chr17,69463000,69657000,194000
65996,chr17,69465000,69689000,224000
66017,chr17,71015000,71299000,284000
66042,chr17,73147000,73189000,42000
66055,chr17,74703000,74835000,132000
66076,chr17,80549000,80585000,36000
66081,chr17,80909000,81255000,346000
66107,chr17,82619000,82689000,70000
66110,chr17,82689000,82741000,52000
66126,chr17,85185000,85385000,200000
66132,chr17,85453000,85493000,40000
66134,chr17,85467000,85771000,304000
66139,chr17,85917000,85953000,36000
66142,chr17,88567000,88653000,86000
66143,chr17,88653000,88817000,164000
66151,chr17,85995000,86453000,458000
66162,chr17,87441000,87551000,110000
66174,chr18,3499000,3913000,414000
66190,chr18,5423000,5819000,396000
66233,chr18,10533000,10825000,292000
66236,chr18,10829000,10953000,124000
66269,chr18,11971000,12235000,264000
66270,chr18,11973000,12259000,286000
66324,chr18,32269000,32549000,280000
66335,chr18,33347000,33597000,250000
66358,chr18,38141000,38647000,506000
66375,chr18,39561000,39611000,50000
66379,chr18,34023000,34085000,62000
66410,chr18,35097000,35483000,386000
66412,chr18,35179000,35269000,90000
66415,chr18,35885000,36071000,186000
66419,chr18,36261000,36659000,398000
66439,chr18,37577000,37647000,70000
66443,chr18,37821000,37859000,38000
66457,chr18,44559000,44845000,286000
66477,chr18,46399000,46697000,298000
66478,chr18,46413000,46657000,244000
66490,chr18,47503000,47837000,334000
66508,chr18,52603000,52659000,56000
66520,chr18,53555000,53661000,106000
66556,chr18,60963000,61271000,308000
66593,chr18,63921000,64477000,556000
66594,chr18,64473000,64621000,148000
66621,chr18,66063000,66097000,34000
66650,chr18,67341000,67401000,60000
66651,chr18,67381000,67423000,42000
66686,chr18,69439000,69473000,34000
66687,chr18,69727000,69807000,80000
66720,chr18,80025000,80087000,62000
66725,chr18,80499000,80775000,276000
66748,chr18,76167000,76281000,114000
66760,chr18,77135000,77205000,70000
66764,chr18,77367000,77803000,436000
66786,chr18,84827000,84983000,156000
66821,chr19,5761000,5935000,174000
66925,chr19,12497000,12699000,202000
66927,chr19,12573000,12741000,168000
66937,chr19,9891000,10219000,328000
66940,chr19,10237000,10283000,46000
67050,chr19,26587000,26687000,100000
67062,chr19,29025000,29335000,310000
67066,chr19,29717000,29797000,80000
67073,chr19,32303000,32365000,62000
67075,chr19,32499000,32641000,142000
67085,chr19,32847000,33199000,352000
67086,chr19,32933000,33203000,270000
67093,chr19,30485000,30525000,40000
67142,chr19,40743000,41075000,332000
67190,chr19,36161000,36445000,284000
67191,chr19,36161000,36513000,352000
67193,chr19,36449000,36535000,86000
67206,chr19,37255000,37305000,50000
67209,chr19,37745000,37877000,132000
67222,chr19,42261000,42643000,382000
67288,chr19,45211000,45797000,586000
67314,chr19,46577000,46859000,282000
67315,chr19,46587000,47003000,416000
67320,chr19,47553000,47807000,254000
67321,chr19,47825000,47923000,98000
67330,chr19,56341000,56541000,200000
67364,chr19,55325000,55883000,558000
67398,chr19,59377000,59443000,66000
67400,chr19,59409000,59441000,32000
67442,chr2,4505000,4719000,214000
67448,chr2,5031000,5165000,134000
67454,chr2,5411000,5719000,308000
67456,chr2,5681000,5717000,36000
67471,chr2,10379000,10427000,48000
67497,chr2,13017000,13173000,156000
67505,chr2,13703000,13775000,72000
67509,chr2,17835000,18209000,374000
67511,chr2,17855000,18069000,214000
67521,chr2,19269000,19349000,80000
67528,chr2,22525000,22611000,86000
67529,chr2,22613000,22755000,142000
67542,chr2,20421000,20817000,396000
67545,chr2,20865000,21211000,346000
67569,chr2,24811000,25073000,262000
67608,chr2,26967000,27321000,354000
67645,chr2,28313000,28437000,124000
67665,chr2,30035000,30215000,180000
67667,chr2,30063000,30251000,188000
67669,chr2,28963000,29043000,80000
67702,chr2,30487000,30683000,196000
67767,chr2,34231000,34529000,298000
67773,chr2,34675000,34747000,72000
67774,chr2,34675000,34861000,186000
67777,chr2,35185000,35427000,242000
67780,chr2,35431000,35871000,440000
67838,chr2,52793000,52849000,56000
67863,chr2,62291000,62457000,166000
67890,chr2,65625000,65685000,60000
67895,chr2,59711000,60115000,404000
67954,chr2,70983000,71095000,112000
67955,chr2,71043000,71179000,136000
67961,chr2,71435000,71481000,46000
67963,chr2,71457000,71577000,120000
67964,chr2,71577000,71699000,122000
68014,chr2,80185000,80331000,146000
68028,chr2,78705000,78739000,34000
68031,chr2,79169000,79331000,162000
68060,chr2,76947000,77003000,56000
68062,chr2,77217000,77287000,70000
68103,chr2,90303000,90537000,234000
68111,chr2,90587000,90687000,100000
68138,chr2,94301000,94609000,308000
68173,chr2,103271000,103377000,106000
68174,chr2,103271000,103831000,560000
68184,chr2,103867000,104203000,336000
68198,chr2,104275000,104581000,306000
68199,chr2,104677000,105061000,384000
68201,chr2,104941000,105017000,76000
68208,chr2,105353000,105439000,86000
68211,chr2,105737000,105833000,96000
68236,chr2,106525000,106689000,164000
68261,chr2,115411000,115687000,276000
68269,chr2,118311000,118731000,420000
68273,chr2,118871000,119019000,148000
68275,chr2,118899000,118957000,58000
68280,chr2,119611000,119767000,156000
68281,chr2,119673000,119909000,236000
68301,chr2,120397000,120439000,42000
68307,chr2,121187000,121243000,56000
68336,chr2,125431000,125683000,252000
68364,chr2,127267000,127325000,58000
68395,chr2,128537000,128729000,192000
68402,chr2,128905000,129263000,358000
68427,chr2,129741000,129955000,214000
68482,chr2,130867000,131211000,344000
68524,chr2,144559000,145009000,450000
68534,chr2,145797000,145941000,144000
68542,chr2,148575000,148715000,140000
68556,chr2,149783000,149821000,38000
68569,chr2,150705000,150841000,136000
68593,chr2,151869000,152183000,314000
68604,chr2,152613000,152645000,32000
68650,chr2,161029000,161181000,152000
68659,chr2,156629000,156937000,308000
68661,chr2,157447000,157585000,138000
68667,chr2,157449000,158155000,706000
68727,chr2,164767000,165203000,436000
68731,chr2,164877000,165229000,352000
68779,chr2,169133000,169603000,470000
68808,chr2,174103000,174171000,68000
68809,chr2,174155000,174373000,218000
68811,chr2,174257000,174515000,258000
68812,chr2,174699000,174743000,44000
68836,chr2,170361000,170475000,114000
68838,chr2,170443000,170515000,72000
68839,chr2,170549000,170713000,164000
68904,chr2,172323000,172577000,254000
68925,chr2,179473000,179729000,256000
68938,chr3,7431000,7567000,136000
68965,chr3,8729000,8867000,138000
68967,chr3,8867000,9131000,264000
68972,chr3,9141000,9295000,154000
68977,chr3,9585000,9669000,84000
68994,chr3,10431000,10505000,74000
68995,chr3,10465000,10827000,362000
69045,chr3,20179000,20251000,72000
69076,chr3,30519000,30561000,42000
69108,chr3,32585000,32671000,86000
69110,chr3,32761000,32873000,112000
69143,chr3,41137000,41399000,262000
69144,chr3,41305000,41579000,274000
69145,chr3,41447000,41541000,94000
69165,chr3,33973000,34133000,160000
69166,chr3,34011000,34159000,148000
69167,chr3,34011000,34253000,242000
69251,chr3,52169000,52395000,226000
69252,chr3,52169000,52471000,302000
69260,chr3,53239000,53357000,118000
69279,chr3,54685000,54971000,286000
69280,chr3,54701000,55023000,322000
69282,chr3,54723000,54931000,208000
69347,chr3,68381000,68447000,66000
69351,chr3,69147000,69487000,340000
69354,chr3,69279000,69611000,332000
69362,chr3,79129000,79379000,250000
69409,chr3,86997000,87107000,110000
69413,chr3,88049000,88187000,138000
69450,chr3,89023000,89215000,192000
69467,chr3,89773000,89987000,214000
69482,chr3,90041000,90109000,68000
69483,chr3,90419000,90523000,104000
69506,chr3,94237000,94413000,176000
69508,chr3,94275000,94729000,454000
69530,chr3,95421000,95753000,332000
69564,chr3,97093000,97299000,206000
69569,chr3,98087000,98261000,174000
69588,chr3,100877000,101283000,406000
69609,chr3,103053000,103115000,62000
69637,chr3,104671000,104773000,102000
69644,chr3,105613000,105865000,252000
69653,chr3,108561000,108817000,256000
69674,chr3,106091000,106161000,70000
69731,chr3,127205000,127345000,140000
69752,chr3,123241000,123299000,58000
69753,chr3,123311000,123485000,174000
69782,chr3,129417000,129479000,62000
69801,chr3,130587000,131033000,446000
69803,chr3,130687000,130943000,256000
69806,chr3,131113000,131259000,146000
69820,chr3,132213000,132359000,146000
69823,chr3,132455000,132655000,200000
69840,chr3,137573000,137681000,108000
69873,chr3,145891000,146153000,262000
69887,chr3,152183000,152373000,190000
69902,chr3,153977000,154023000,46000
69930,chr4,7325000,7365000,40000
69938,chr4,8647000,9029000,382000
69941,chr4,8693000,8749000,56000
69970,chr4,10997000,11071000,74000
69989,chr4,22093000,22493000,400000
69995,chr4,20009000,20041000,32000
70008,chr4,32055000,32343000,288000
70019,chr4,32669000,32739000,70000
70021,chr4,33057000,33293000,236000
70024,chr4,40335000,40677000,342000
70027,chr4,41029000,41119000,90000
70071,chr4,34687000,34887000,200000
70096,chr4,43053000,43465000,412000
70100,chr4,43143000,43419000,276000
70115,chr4,45037000,45281000,244000
70126,chr4,45433000,45475000,42000
70127,chr4,45491000,45767000,276000
70128,chr4,45547000,45613000,66000
70248,chr4,54921000,55081000,160000
70282,chr4,56845000,56899000,54000
70286,chr4,57065000,57181000,116000
70293,chr4,57565000,57905000,340000
70294,chr4,57609000,57903000,294000
70339,chr4,58913000,59003000,90000
70351,chr4,59361000,59741000,380000
70404,chr4,87705000,88269000,564000
70421,chr4,85967000,86161000,194000
70422,chr4,85967000,86261000,294000
70445,chr4,98377000,98591000,214000
70447,chr4,98675000,98731000,56000
70511,chr4,106087000,106211000,124000
70512,chr4,106105000,106187000,82000
70533,chr4,107227000,107559000,332000
70602,chr4,119979000,120237000,258000
70632,chr4,116677000,116965000,288000
70667,chr4,119643000,119987000,344000
70732,chr4,127883000,128023000,140000
70734,chr4,128505000,128701000,196000
70735,chr4,128507000,128817000,310000
70741,chr4,128897000,128975000,78000
70750,chr4,129641000,129863000,222000
70764,chr4,126043000,126153000,110000
70789,chr4,127065000,127221000,156000
70810,chr4,129999000,130201000,202000
70833,chr4,130965000,131213000,248000
70834,chr4,131569000,131805000,236000
70835,chr4,131635000,131829000,194000
70866,chr4,132273000,132551000,278000
70871,chr4,132673000,132981000,308000
70897,chr4,139605000,139839000,234000
70950,chr4,140493000,140789000,296000
70960,chr4,141133000,141501000,368000
70981,chr4,148533000,148675000,142000
71044,chr4,152415000,152469000,54000
71054,chr4,153261000,153427000,166000
71094,chr4,155977000,156321000,344000
71117,chr5,3851000,3923000,72000
71118,chr5,3853000,3979000,126000
71134,chr5,5561000,5715000,154000
71142,chr5,8673000,8781000,108000
71176,chr5,18235000,18287000,52000
71189,chr5,20909000,20977000,68000
71190,chr5,20915000,20947000,32000
71197,chr5,21969000,22007000,38000
71214,chr5,22787000,22951000,164000
71227,chr5,24469000,24735000,266000
71229,chr5,24807000,25215000,408000
71246,chr5,27255000,27887000,632000
71247,chr5,27379000,27591000,212000
71248,chr5,27749000,27821000,72000
71250,chr5,27949000,27989000,40000
71276,chr5,28679000,29061000,382000
71310,chr5,29807000,29875000,68000
71315,chr5,29941000,30317000,376000
71329,chr5,30845000,31099000,254000
71333,chr5,31139000,31285000,146000
71352,chr5,32479000,32633000,154000
71362,chr5,33551000,33825000,274000
71363,chr5,33591000,33853000,262000
71365,chr5,33703000,33745000,42000
71384,chr5,37977000,38197000,220000
71388,chr5,38379000,38417000,38000
71399,chr5,36029000,36175000,146000
71403,chr5,36913000,36951000,38000
71417,chr5,33919000,34091000,172000
71451,chr5,35733000,35929000,196000
71452,chr5,35737000,35943000,206000
71471,chr5,43975000,44141000,166000
71488,chr5,50191000,50371000,180000
71508,chr5,52631000,52725000,94000
71511,chr5,53427000,53829000,402000
71534,chr5,64591000,64657000,66000
71536,chr5,65041000,65351000,310000
71546,chr5,71817000,71857000,40000
71553,chr5,72335000,72383000,48000
71556,chr5,73209000,73465000,256000
71557,chr5,73215000,73355000,140000
71586,chr5,67117000,67173000,56000
71588,chr5,67691000,67857000,166000
71621,chr5,75701000,75759000,58000
71624,chr5,76141000,76267000,126000
71625,chr5,76381000,76561000,180000
71659,chr5,88117000,88153000,36000
71662,chr5,88459000,88495000,36000
71689,chr5,90437000,90507000,70000
71731,chr5,105553000,105751000,198000
71743,chr5,100077000,100469000,392000
71754,chr5,100975000,101015000,40000
71771,chr5,101475000,101797000,322000
71774,chr5,101915000,101971000,56000
71777,chr5,101859000,102221000,362000
71779,chr5,102043000,102273000,230000
71847,chr5,110505000,110659000,154000
71878,chr5,112427000,112539000,112000
71885,chr5,113521000,113799000,278000
71959,chr5,120957000,121259000,302000
71963,chr5,121091000,121233000,142000
72003,chr5,126609000,126651000,42000
72027,chr5,122587000,122867000,280000
72030,chr5,122611000,122765000,154000
72043,chr5,127793000,128019000,226000
72060,chr5,129137000,129499000,362000
72061,chr5,129689000,129885000,196000
72126,chr5,130951000,131037000,86000
72131,chr5,131523000,131625000,102000
72213,chr5,142485000,142703000,218000
72227,chr5,137887000,138109000,222000
72228,chr5,137933000,138083000,150000
72246,chr5,139215000,139253000,38000
72265,chr5,144811000,145009000,198000
72267,chr5,145151000,145221000,70000
72312,chr5,146641000,147229000,588000
72320,chr5,146919000,147053000,134000
72329,chr5,148267000,148307000,40000
72331,chr5,148309000,148489000,180000
72340,chr5,149637000,149703000,66000
72360,chr6,5709000,5755000,46000
72393,chr6,6113000,6213000,100000
72486,chr6,28501000,28901000,400000
72491,chr6,29765000,29859000,94000
72492,chr6,29767000,29985000,218000
72511,chr6,29987000,30175000,188000
72526,chr6,30511000,30695000,184000
72552,chr6,33929000,34017000,88000
72553,chr6,33971000,34167000,196000
72597,chr6,38231000,38275000,44000
72603,chr6,38447000,38505000,58000
72609,chr6,38627000,38715000,88000
72615,chr6,39165000,39227000,62000
72617,chr6,39391000,39463000,72000
72619,chr6,39789000,39849000,60000
72646,chr6,48065000,48417000,352000
72664,chr6,49059000,49223000,164000
72681,chr6,54657000,55145000,488000
72682,chr6,54919000,54967000,48000
72741,chr6,52249000,52895000,646000
72745,chr6,53177000,53265000,88000
72760,chr6,64663000,65103000,440000
72840,chr6,82891000,83257000,366000
72879,chr6,85165000,85353000,188000
72880,chr6,85167000,85459000,292000
72895,chr6,86275000,86375000,100000
72916,chr6,88165000,88409000,244000
72925,chr6,89297000,89333000,36000
72939,chr6,94501000,95031000,530000
72940,chr6,94521000,94789000,268000
72942,chr6,94575000,94753000,178000
72944,chr6,95075000,95199000,124000
72965,chr6,97187000,97499000,312000
72981,chr6,92763000,93109000,346000
73061,chr6,97737000,98069000,332000
73063,chr6,98111000,98241000,130000
73114,chr6,113065000,113109000,44000
73129,chr6,114947000,115013000,66000
73159,chr6,117965000,118355000,390000
73200,chr6,119945000,120005000,60000
73203,chr6,120001000,120315000,314000
73205,chr6,120057000,120165000,108000
73208,chr6,120317000,120385000,68000
73209,chr6,120515000,120877000,362000
73282,chr6,122471000,122613000,142000
73330,chr6,127947000,128005000,58000
73334,chr6,127087000,127313000,226000
73390,chr6,135423000,135651000,228000
73453,chr6,140525000,140627000,102000
73455,chr6,140589000,140653000,64000
73539,chr6,147903000,148005000,102000
73593,chr7,4689000,4815000,126000
73594,chr7,4927000,4997000,70000
73631,chr7,6131000,6231000,100000
73641,chr7,6529000,6691000,162000
73674,chr7,16565000,16749000,184000
73714,chr7,24549000,24583000,34000
73751,chr7,18629000,18761000,132000
73764,chr7,30111000,30173000,62000
73789,chr7,27009000,27189000,180000
73794,chr7,27349000,27539000,190000
73862,chr7,35515000,35557000,42000
73865,chr7,39547000,39685000,138000
73871,chr7,41159000,41231000,72000
73894,chr7,36303000,36343000,40000
73900,chr7,37071000,37323000,252000
73901,chr7,37073000,37205000,132000
73905,chr7,37307000,37495000,188000
73907,chr7,37819000,37863000,44000
73929,chr7,48487000,48771000,284000
73931,chr7,48543000,48719000,176000
73934,chr7,48897000,48997000,100000
73951,chr7,46587000,46799000,212000
73962,chr7,43969000,44133000,164000
73964,chr7,44529000,44565000,36000
73965,chr7,44633000,44717000,84000
73997,chr7,51513000,51607000,94000
74026,chr7,63663000,63805000,142000
74028,chr7,63941000,63973000,32000
74033,chr7,64599000,64857000,258000
74045,chr7,65493000,65705000,212000
74115,chr7,80379000,80709000,330000
74116,chr7,80395000,80711000,316000
74146,chr7,89205000,89489000,284000
74147,chr7,89645000,89877000,232000
74159,chr7,82417000,82515000,98000
74171,chr7,83589000,83931000,342000
74201,chr7,104875000,105127000,252000
74203,chr7,105051000,105203000,152000
74204,chr7,105201000,105463000,262000
74226,chr7,100079000,100155000,76000
74242,chr7,106819000,106919000,100000
74243,chr7,106837000,106969000,132000
74265,chr7,108741000,109111000,370000
74283,chr7,109983000,110195000,212000
74302,chr7,110851000,111059000,208000
74329,chr7,112743000,112969000,226000
74366,chr7,115381000,115631000,250000
74385,chr7,120273000,120515000,242000
74389,chr7,120619000,120719000,100000
74414,chr7,125257000,125297000,40000
74457,chr7,126297000,126709000,412000
74462,chr7,126585000,126705000,120000
74470,chr7,126907000,127253000,346000
74490,chr7,129527000,129873000,346000
74491,chr7,129615000,129871000,256000
74501,chr7,130207000,130365000,158000
74554,chr7,132335000,132457000,122000
74589,chr7,138945000,139163000,218000
74618,chr7,140511000,140691000,180000
74669,chr7,144223000,144457000,234000
74708,chr8,10625000,11123000,498000
74742,chr8,14893000,15093000,200000
74819,chr8,18531000,18641000,110000
74882,chr8,26725000,27477000,752000
74884,chr8,26837000,27085000,248000
74888,chr8,27005000,27473000,468000
74891,chr8,27853000,27947000,94000
74899,chr8,41063000,41381000,318000
74918,chr8,34647000,34863000,216000
74932,chr8,36621000,36717000,96000
74939,chr8,43715000,43757000,42000
74972,chr8,48675000,49115000,440000
74976,chr8,49179000,49297000,118000
74977,chr8,49205000,49263000,58000
74995,chr8,57777000,57941000,164000
75004,chr8,60959000,61067000,108000
75039,chr8,65417000,65541000,124000
75085,chr8,70327000,70575000,248000
75090,chr8,70479000,70517000,38000
75092,chr8,70633000,70677000,44000
75093,chr8,70849000,71031000,182000
75095,chr8,70875000,70917000,42000
75101,chr8,71083000,71221000,138000
75178,chr8,80113000,80289000,176000
75219,chr8,85773000,86019000,246000
75261,chr8,87155000,87311000,156000
75262,chr8,87205000,87309000,104000
75264,chr8,87523000,87633000,110000
75298,chr8,84811000,84897000,86000
75310,chr8,88321000,88391000,70000
75376,chr8,90335000,90509000,174000
75403,chr8,91637000,91681000,44000
75435,chr8,109303000,109487000,184000
75436,chr8,109373000,109451000,78000
75438,chr8,109427000,109487000,60000
75439,chr8,109443000,109547000,104000
75449,chr8,106433000,106863000,430000
75468,chr8,112407000,112491000,84000
75471,chr8,112775000,113039000,264000
75497,chr8,110141000,110191000,50000
75519,chr8,117835000,117949000,114000
75522,chr8,117951000,118295000,344000
75524,chr8,118229000,118293000,64000
75528,chr8,118447000,118591000,144000
75532,chr8,118625000,119005000,380000
75548,chr8,114933000,115095000,162000
75579,chr8,121839000,122259000,420000
75593,chr8,127715000,128033000,318000
75628,chr8,126679000,126827000,148000
75634,chr8,127155000,127195000,40000
75638,chr8,127711000,127979000,268000
75652,chr8,124189000,124257000,68000
75673,chr8,124639000,124763000,124000
75702,chr9,8091000,8207000,116000
75704,chr9,8701000,9003000,302000
75706,chr9,9237000,9315000,78000
75712,chr9,13247000,13409000,162000
75740,chr9,14759000,15151000,392000
75741,chr9,15183000,15261000,78000
75756,chr9,20773000,21047000,274000
75761,chr9,20949000,20981000,32000
75771,chr9,24127000,24161000,34000
75809,chr9,27019000,27199000,180000
75818,chr9,28465000,28525000,60000
75827,chr9,30835000,30995000,160000
75831,chr9,31855000,32141000,286000
75900,chr9,40547000,40597000,50000
75901,chr9,40727000,40785000,58000
75907,chr9,41387000,41789000,402000
75921,chr9,44205000,44301000,96000
75924,chr9,44423000,44517000,94000
75928,chr9,44663000,44697000,34000
75931,chr9,44683000,44831000,148000
75932,chr9,44757000,44789000,32000
75942,chr9,45853000,46157000,304000
75944,chr9,46303000,46393000,90000
75946,chr9,46427000,46471000,44000
75965,chr9,49089000,49397000,308000
75966,chr9,49573000,49851000,278000
75967,chr9,49711000,49845000,134000
75982,chr9,54825000,55019000,194000
75984,chr9,54857000,55055000,198000
75986,chr9,55333000,55845000,512000
76009,chr9,53403000,53469000,66000
76030,chr9,50713000,51047000,334000
76032,chr9,50761000,50901000,140000
76048,chr9,56027000,56545000,518000
76051,chr9,56109000,56527000,418000
76053,chr9,56171000,56461000,290000
76062,chr9,57817000,57907000,90000
76067,chr9,57915000,58157000,242000
76071,chr9,58157000,58361000,204000
76089,chr9,59591000,59623000,32000
76094,chr9,60191000,60389000,198000
76144,chr9,65509000,65611000,102000
76152,chr9,61987000,62151000,164000
76163,chr9,62691000,62751000,60000
76164,chr9,62717000,62885000,168000
76203,chr9,66065000,66257000,192000
76217,chr9,66615000,66735000,120000
76218,chr9,66785000,66845000,60000
76233,chr9,70459000,70835000,376000
76239,chr9,70575000,70871000,296000
76251,chr9,71677000,72099000,422000
76256,chr9,72673000,72733000,60000
76286,chr9,74771000,74861000,90000
76287,chr9,74811000,75105000,294000
76289,chr9,74979000,75139000,160000
76292,chr9,75355000,75489000,134000
76293,chr9,75467000,75533000,66000
76294,chr9,75471000,75517000,46000
76308,chr9,77523000,77661000,138000
76309,chr9,77661000,77821000,160000
76322,chr9,79631000,79911000,280000
76365,chr9,87855000,88105000,250000
76368,chr9,88123000,88365000,242000
76370,chr9,88213000,88405000,192000
76394,chr9,95977000,96039000,62000
76397,chr9,96417000,96599000,182000
76399,chr9,96773000,96951000,178000
76445,chr9,98745000,98837000,92000
76447,chr9,98909000,99123000,214000
76511,chr9,103501000,103809000,308000
76568,chr9,106123000,106299000,176000
76599,chr9,106847000,107105000,258000
76606,chr9,110133000,110233000,100000
76620,chr9,110753000,110845000,92000
76622,chr9,111147000,111305000,158000
76668,chr9,119335000,119585000,250000
76682,chr9,120331000,120649000,318000
76698,chr9,121215000,121435000,220000
76702,chr9,121779000,122029000,250000
76706,chr9,122759000,122825000,66000
76723,chrX,7187000,7243000,56000
76727,chrX,7291000,7559000,268000
76732,chrX,7785000,7967000,182000
76733,chrX,7791000,7915000,124000
76777,chrX,13149000,13213000,64000
76783,chrX,20213000,20271000,58000
76789,chrX,20539000,20585000,46000
76818,chrX,35895000,36097000,202000
76828,chrX,36177000,36287000,110000
76832,chrX,37327000,37591000,264000
76886,chrX,52145000,52325000,180000
76970,chrX,74427000,74461000,34000
76998,chrX,94033000,94069000,36000
77043,chrX,98197000,98375000,178000
77059,chrX,101297000,101349000,52000
77095,chrX,133549000,133629000,80000
77096,chrX,133865000,133909000,44000
77161,chrX,156295000,156425000,130000
77240,chrX,164959000,165021000,62000
77459,chr1,57472500,57702500,230000
77746,chr1,80162500,80277500,115000
78856,chr10,83142500,83342500,200000
79161,chr11,16702500,16897500,195000
79519,chr11,77902500,78172500,270000
79790,chr11,115787500,115892500,105000
80148,chr12,61572500,61657500,85000
80260,chr12,39897500,40082500,185000
80422,chr12,75842500,75997500,155000
81226,chr13,97252500,97312500,60000
81404,chr13,119532500,119607500,75000
81446,chr13,100767500,100952500,185000
81612,chr14,29977500,30182500,205000
81724,chr14,47912500,47962500,50000
82067,chr14,122357500,122397500,40000
82264,chr15,44612500,44687500,75000
82407,chr15,61862500,61997500,135000
82620,chr15,95662500,95987500,325000
82719,chr16,3657500,3837500,180000
82974,chr16,50197500,50352500,155000
83257,chr17,9977500,10112500,135000
83483,chr17,48157500,48412500,255000
83534,chr17,56687500,57002500,315000
83825,chr18,12362500,12862500,500000
83929,chr18,44547500,44952500,405000
84501,chr19,38827500,38902500,75000
84746,chr2,20832500,21267500,435000
85085,chr2,91392500,91432500,40000
85237,chr2,109772500,109842500,70000
85282,chr2,117092500,117167500,75000
85672,chr2,180002500,180407500,405000
86032,chr3,40907500,41122500,215000
86058,chr3,51797500,52122500,325000
86307,chr3,121427500,121512500,85000
86467,chr3,130682500,130902500,220000
87428,chr5,8782500,8847500,65000
87519,chr5,24542500,24802500,260000
87840,chr5,90402500,90442500,40000
88140,chr5,150872500,150977500,105000
88647,chr6,66937500,67172500,235000
89709,chr7,118622500,118957500,335000
90295,chr8,75797500,75997500,200000
90327,chr8,79162500,79287500,125000
90498,chr8,106087500,106202500,115000
90736,chr9,18507500,18647500,140000
91015,chr9,82757500,82797500,40000
91104,chr9,77562500,77932500,370000
91189,chr9,117882500,117997500,115000
91315,chr9,110262500,110532500,270000
91894,chr1,4563500,4759500,196000
91895,chr1,4563500,4837500,274000
91900,chr1,4587500,4838500,251000
91902,chr1,4855500,4927500,72000
91905,chr1,4928500,5090500,162000
91906,chr1,4950500,5141500,191000
91908,chr1,5231500,5975500,744000
91911,chr1,9617500,9770500,153000
91913,chr1,9770500,9817500,47000
91917,chr1,6342500,6488500,146000
91918,chr1,6477500,7049500,572000
91921,chr1,7069500,7273500,204000
91924,chr1,7159500,7275500,116000
91927,chr1,7469500,7610500,141000
91931,chr1,9818500,10013500,195000
91932,chr1,9819500,10108500,289000
91933,chr1,9839500,10109500,270000
91934,chr1,9841500,10023500,182000
91936,chr1,9868500,10037500,169000
91937,chr1,9918500,10009500,91000
91938,chr1,9918500,10109500,191000
91939,chr1,9936500,10005500,69000
91941,chr1,10037500,10109500,72000
91944,chr1,10907500,11168500,261000
91946,chr1,11306500,11402500,96000
91947,chr1,11348500,11536500,188000
91948,chr1,11400500,11465500,65000
91953,chr1,16589500,16726500,137000
91960,chr1,12934500,13120500,186000
91962,chr1,13121500,13268500,147000
91968,chr1,13145500,13198500,53000
91976,chr1,13426500,13601500,175000
91977,chr1,13660500,13730500,70000
91992,chr1,15078500,15398500,320000
91993,chr1,15078500,15692500,614000
91995,chr1,15692500,15972500,280000
91996,chr1,15753500,15972500,219000
91998,chr1,18051500,18083500,32000
92000,chr1,18084500,18176500,92000
92009,chr1,20683500,21231500,548000
92011,chr1,20832500,20979500,147000
92012,chr1,20833500,20872500,39000
92014,chr1,21008500,21284500,276000
92016,chr1,21022500,21149500,127000
92017,chr1,21237500,21283500,46000
92020,chr1,23801500,24210500,409000
92023,chr1,23945500,24073500,128000
92024,chr1,23961500,24139500,178000
92026,chr1,24009500,24138500,129000
92027,chr1,24011500,24043500,32000
92028,chr1,24176500,24211500,35000
92030,chr1,24417500,24673500,256000
92038,chr1,23208500,23325500,117000
92042,chr1,30818500,30970500,152000
92045,chr1,30845500,30908500,63000
92052,chr1,33709500,33759500,50000
92053,chr1,33724500,33778500,54000
92054,chr1,33947500,33983500,36000
92055,chr1,33886500,34004500,118000
92060,chr1,34133500,34204500,71000
92063,chr1,34241500,34448500,207000
92069,chr1,34550500,34739500,189000
92071,chr1,34847500,34879500,32000
92076,chr1,35027500,35424500,397000
92079,chr1,35111500,35422500,311000
92084,chr1,40155500,40332500,177000
92088,chr1,40619500,40716500,97000
92090,chr1,40926500,41077500,151000
92092,chr1,35765500,36048500,283000
92093,chr1,35804500,36173500,369000
92094,chr1,35863500,36106500,243000
92096,chr1,35879500,36020500,141000
92097,chr1,35916500,36102500,186000
92098,chr1,35983500,36052500,69000
92099,chr1,36047500,36174500,127000
92100,chr1,36108500,36172500,64000
92103,chr1,36185500,36292500,107000
92107,chr1,36348500,36551500,203000
92110,chr1,36362500,36538500,176000
92111,chr1,36407500,36551500,144000
92112,chr1,36511500,36550500,39000
92115,chr1,36588500,36702500,114000
92116,chr1,36586500,36748500,162000
92117,chr1,36587500,36654500,67000
92124,chr1,36776500,37312500,536000
92125,chr1,36776500,37441500,665000
92127,chr1,36777500,36823500,46000
92128,chr1,36810500,37467500,657000
92132,chr1,36822500,37459500,637000
92134,chr1,36823500,37311500,488000
92136,chr1,36824500,37192500,368000
92140,chr1,36862500,37171500,309000
92141,chr1,36887500,37288500,401000
92142,chr1,36943500,37289500,346000
92144,chr1,36980500,37139500,159000
92145,chr1,37024500,37139500,115000
92146,chr1,37025500,37169500,144000
92147,chr1,37170500,37289500,119000
92148,chr1,37233500,37289500,56000
92150,chr1,37310500,37577500,267000
92152,chr1,37312500,37458500,146000
92154,chr1,37338500,37468500,130000
92157,chr1,37469500,37580500,111000
92158,chr1,37470500,37676500,206000
92159,chr1,37487500,37674500,187000
92163,chr1,37717500,37841500,124000
92168,chr1,37942500,38004500,62000
92172,chr1,37971500,38004500,33000
92173,chr1,37971500,38024500,53000
92183,chr1,38224500,38347500,123000
92184,chr1,38224500,38430500,206000
92185,chr1,38224500,38808500,584000
92186,chr1,38224500,38825500,601000
92188,chr1,38292500,38677500,385000
92189,chr1,38291500,38808500,517000
92190,chr1,38291500,38826500,535000
92191,chr1,38432500,38826500,394000
92192,chr1,38874500,38974500,100000
92193,chr1,38874500,39027500,153000
92195,chr1,39027500,39407500,380000
92196,chr1,39027500,39517500,490000
92199,chr1,39041500,39543500,502000
92202,chr1,39049500,39232500,183000
92203,chr1,39050500,39267500,217000
92204,chr1,39050500,39173500,123000
92205,chr1,39050500,39248500,198000
92208,chr1,39232500,39407500,175000
92209,chr1,39232500,39570500,338000
92211,chr1,39407500,39517500,110000
92218,chr1,39431500,39536500,105000
92220,chr1,39431500,39561500,130000
92222,chr1,39517500,39573500,56000
92223,chr1,39575500,39615500,40000
92227,chr1,39654500,39689500,35000
92228,chr1,39654500,39719500,65000
92229,chr1,39724500,39975500,251000
92231,chr1,39786500,39975500,189000
92232,chr1,39800500,39940500,140000
92233,chr1,39940500,39975500,35000
92237,chr1,43799500,44081500,282000
92238,chr1,43800500,44103500,303000
92240,chr1,43973500,44141500,168000
92241,chr1,43975500,44007500,32000
92251,chr1,42200500,42277500,77000
92254,chr1,42954500,43178500,224000
92255,chr1,42955500,43133500,178000
92259,chr1,43307500,43777500,470000
92261,chr1,43339500,43777500,438000
92262,chr1,43339500,43630500,291000
92263,chr1,43799500,43934500,135000
92264,chr1,43867500,43972500,105000
92266,chr1,51374500,51637500,263000
92267,chr1,51501500,51655500,154000
92270,chr1,51767500,51986500,219000
92272,chr1,55927500,57016500,1089000
92278,chr1,56675500,57015500,340000
92279,chr1,56792500,57031500,239000
92281,chr1,57023500,57244500,221000
92283,chr1,57040500,57244500,204000
92286,chr1,57092500,57244500,152000
92288,chr1,57308500,57377500,69000
92291,chr1,57467500,57989500,522000
92293,chr1,57511500,57814500,303000
92294,chr1,57560500,57652500,92000
92296,chr1,51640500,52038500,398000
92297,chr1,51657500,52038500,381000
92302,chr1,51770500,52037500,267000
92303,chr1,51984500,52137500,153000
92308,chr1,52186500,52306500,120000
92309,chr1,52186500,52255500,69000
92310,chr1,52186500,52342500,156000
92311,chr1,52208500,52307500,99000
92313,chr1,52340500,52669500,329000
92315,chr1,52670500,52993500,323000
92317,chr1,52687500,52832500,145000
92321,chr1,52833500,53003500,170000
92322,chr1,52857500,52993500,136000
92323,chr1,52884500,52992500,108000
92324,chr1,53091500,53132500,41000
92325,chr1,53335500,53390500,55000
92327,chr1,53353500,53391500,38000
92335,chr1,53619500,53670500,51000
92339,chr1,53751500,53966500,215000
92340,chr1,53754500,53948500,194000
92342,chr1,53948500,54401500,453000
92345,chr1,53970500,54400500,430000
92346,chr1,53971500,54417500,446000
92349,chr1,54421500,54552500,131000
92350,chr1,54481500,54521500,40000
92351,chr1,54706500,54745500,39000
92352,chr1,54705500,54997500,292000
92354,chr1,54872500,54965500,93000
92355,chr1,54872500,54997500,125000
92356,chr1,54872500,55019500,147000
92364,chr1,55066500,55126500,60000
92365,chr1,55066500,55170500,104000
92366,chr1,55068500,55147500,79000
92367,chr1,55092500,55126500,34000
92368,chr1,55107500,55200500,93000
92369,chr1,55121500,55200500,79000
92374,chr1,55233500,55276500,43000
92375,chr1,55277500,55445500,168000
92377,chr1,55279500,55334500,55000
92381,chr1,55443500,55795500,352000
92383,chr1,55469500,55775500,306000
92384,chr1,55623500,55776500,153000
92390,chr1,62418500,62737500,319000
92391,chr1,62441500,62737500,296000
92394,chr1,62742500,63003500,261000
92395,chr1,62744500,62823500,79000
92396,chr1,62744500,63026500,282000
92400,chr1,62746500,62969500,223000
92403,chr1,62778500,62813500,35000
92406,chr1,62860500,62968500,108000
92408,chr1,63152500,63215500,63000
92409,chr1,63153500,63240500,87000
92412,chr1,63221500,63288500,67000
92413,chr1,63222500,63311500,89000
92415,chr1,63222500,63258500,36000
92423,chr1,57446500,58037500,591000
92425,chr1,57465500,58335500,870000
92427,chr1,57467500,58070500,603000
92428,chr1,57466500,58310500,844000
92436,chr1,58178500,58311500,133000
92437,chr1,58179500,58335500,156000
92438,chr1,58195500,58335500,140000
92441,chr1,58433500,58485500,52000
92442,chr1,58440500,58511500,71000
92453,chr1,58602500,58736500,134000
92461,chr1,59109500,59278500,169000
92464,chr1,59325500,59621500,296000
92465,chr1,59326500,59664500,338000
92466,chr1,59356500,59525500,169000
92467,chr1,59355500,59560500,205000
92468,chr1,59355500,59644500,289000
92469,chr1,59416500,59463500,47000
92470,chr1,59480500,59623500,143000
92471,chr1,59488500,59521500,33000
92472,chr1,59523500,59646500,123000
92476,chr1,59803500,59951500,148000
92478,chr1,59952500,60136500,184000
92479,chr1,60045500,60143500,98000
92480,chr1,60083500,60137500,54000
92484,chr1,60382500,60448500,66000
92490,chr1,60520500,60999500,479000
92493,chr1,60551500,60901500,350000
92520,chr1,63975500,64488500,513000
92521,chr1,63992500,64458500,466000
92522,chr1,64159500,64486500,327000
92523,chr1,64161500,64265500,104000
92524,chr1,64265500,64344500,79000
92525,chr1,64574500,64615500,41000
92527,chr1,64656500,64730500,74000
92528,chr1,64656500,64774500,118000
92529,chr1,64657500,65025500,368000
92530,chr1,64694500,65049500,355000
92531,chr1,64695500,65025500,330000
92532,chr1,64730500,64774500,44000
92536,chr1,64757500,65049500,292000
92537,chr1,64756500,65115500,359000
92538,chr1,64757500,65025500,268000
92541,chr1,64773500,64957500,184000
92544,chr1,65085500,65202500,117000
92547,chr1,65351500,65427500,76000
92550,chr1,67975500,68007500,32000
92556,chr1,71683500,71817500,134000
92561,chr1,66718500,66877500,159000
92563,chr1,66856500,66901500,45000
92575,chr1,72251500,72348500,97000
92583,chr1,72419500,72615500,196000
92585,chr1,72757500,72865500,108000
92586,chr1,72832500,72864500,32000
92588,chr1,72864500,72911500,47000
92594,chr1,72917500,73865500,948000
92605,chr1,80808500,81264500,456000
92606,chr1,77956500,78193500,237000
92609,chr1,78176500,78287500,111000
92611,chr1,78244500,78430500,186000
92612,chr1,78465500,78635500,170000
92614,chr1,78502500,78701500,199000
92616,chr1,78513500,78664500,151000
92618,chr1,78534500,78700500,166000
92619,chr1,78579500,78635500,56000
92625,chr1,77418500,77487500,69000
92629,chr1,73940500,74220500,280000
92630,chr1,73940500,74235500,295000
92632,chr1,73941500,74401500,460000
92633,chr1,74122500,74163500,41000
92635,chr1,74244500,74307500,63000
92636,chr1,74245500,74366500,121000
92637,chr1,74245500,74401500,156000
92638,chr1,74276500,74430500,154000
92640,chr1,74277500,74322500,45000
92641,chr1,74324500,74545500,221000
92642,chr1,74327500,74367500,40000
92643,chr1,74326500,74400500,74000
92644,chr1,74326500,74491500,165000
92647,chr1,74351500,74491500,140000
92648,chr1,74352500,74401500,49000
92649,chr1,74370500,74429500,59000
92652,chr1,74435500,74545500,110000
92654,chr1,74503500,74535500,32000
92655,chr1,74545500,74626500,81000
92656,chr1,74683500,74798500,115000
92657,chr1,74763500,74798500,35000
92659,chr1,74802500,75056500,254000
92660,chr1,74802500,75091500,289000
92662,chr1,74810500,74990500,180000
92663,chr1,74810500,74923500,113000
92666,chr1,74826500,74900500,74000
92668,chr1,74843500,74922500,79000
92671,chr1,74894500,74989500,95000
92675,chr1,74919500,75091500,172000
92676,chr1,74934500,75055500,121000
92677,chr1,74933500,75090500,157000
92679,chr1,74965500,75056500,91000
92680,chr1,74965500,75091500,126000
92681,chr1,74988500,75091500,103000
92682,chr1,74988500,75055500,67000
92683,chr1,74988500,75230500,242000
92684,chr1,75003500,75040500,37000
92687,chr1,75100500,75267500,167000
92688,chr1,75101500,75293500,192000
92689,chr1,75118500,75293500,175000
92690,chr1,75145500,75293500,148000
92691,chr1,75159500,75229500,70000
92692,chr1,75195500,75456500,261000
92693,chr1,75295500,75497500,202000
92694,chr1,75300500,75444500,144000
92695,chr1,75319500,75537500,218000
92696,chr1,75320500,75574500,254000
92697,chr1,75348500,75444500,96000
92698,chr1,75364500,75399500,35000
92699,chr1,75375500,75444500,69000
92702,chr1,75473500,75574500,101000
92703,chr1,75475500,75536500,61000
92705,chr1,75537500,75573500,36000
92706,chr1,75629500,75762500,133000
92707,chr1,75629500,75781500,152000
92714,chr1,82548500,82738500,190000
92715,chr1,82549500,82619500,70000
92716,chr1,82781500,82965500,184000
92717,chr1,82781500,83053500,272000
92720,chr1,83723500,83924500,201000
92731,chr1,84133500,84260500,127000
92732,chr1,84184500,84310500,126000
92733,chr1,84263500,84447500,184000
92735,chr1,84311500,84383500,72000
92740,chr1,84757500,84811500,54000
92741,chr1,84774500,84859500,85000
92743,chr1,84817500,84859500,42000
92746,chr1,85780500,85948500,168000
92748,chr1,85863500,85948500,85000
92749,chr1,85863500,85987500,124000
92750,chr1,85781500,86072500,291000
92754,chr1,85989500,86269500,280000
92755,chr1,85990500,86080500,90000
92756,chr1,85990500,86287500,297000
92761,chr1,86104500,86333500,229000
92762,chr1,86106500,86290500,184000
92763,chr1,86116500,86240500,124000
92766,chr1,86163500,86239500,76000
92771,chr1,86299500,86332500,33000
92772,chr1,86344500,86460500,116000
92773,chr1,86367500,86541500,174000
92774,chr1,86369500,86415500,46000
92777,chr1,86398500,86456500,58000
92779,chr1,86416500,86510500,94000
92785,chr1,86544500,86842500,298000
92786,chr1,86545500,86626500,81000
92787,chr1,86545500,86790500,245000
92788,chr1,86545500,86969500,424000
92789,chr1,86545500,86988500,443000
92790,chr1,86547500,86897500,350000
92792,chr1,86577500,86627500,50000
92793,chr1,86579500,86897500,318000
92794,chr1,86578500,86969500,391000
92795,chr1,86578500,87114500,536000
92797,chr1,86579500,87082500,503000
92798,chr1,86597500,86842500,245000
92799,chr1,86597500,86969500,372000
92800,chr1,86597500,87082500,485000
92801,chr1,86597500,87113500,516000
92802,chr1,86628500,86898500,270000
92803,chr1,86628500,86986500,358000
92806,chr1,86628500,86998500,370000
92809,chr1,86660500,86968500,308000
92810,chr1,86998500,87114500,116000
92813,chr1,87082500,87437500,355000
92814,chr1,87101500,87134500,33000
92815,chr1,87101500,87591500,490000
92816,chr1,87102500,87536500,434000
92820,chr1,87153500,87255500,102000
92821,chr1,87172500,87326500,154000
92822,chr1,87173500,87290500,117000
92823,chr1,87173500,87307500,134000
92824,chr1,87174500,87220500,46000
92825,chr1,87174500,87270500,96000
92826,chr1,87174500,87345500,171000
92828,chr1,87193500,87437500,244000
92834,chr1,87375500,87536500,161000
92838,chr1,87469500,87535500,66000
92839,chr1,87603500,87683500,80000
92849,chr1,88133500,88204500,71000
92850,chr1,88245500,88647500,402000
92852,chr1,88246500,88669500,423000
92853,chr1,88285500,88648500,363000
92854,chr1,88285500,88633500,348000
92860,chr1,88352500,88633500,281000
92861,chr1,88353500,88489500,136000
92862,chr1,88373500,88489500,116000
92865,chr1,88438500,88633500,195000
92867,chr1,88490500,88669500,179000
92877,chr1,88675500,88829500,154000
92882,chr1,88675500,89203500,528000
92889,chr1,88682500,88849500,167000
92894,chr1,88895500,89121500,226000
92895,chr1,88954500,88996500,42000
92896,chr1,88998500,89059500,61000
92898,chr1,89058500,89118500,60000
92899,chr1,89161500,89560500,399000
92903,chr1,89272500,89534500,262000
92904,chr1,89271500,89559500,288000
92905,chr1,89294500,89451500,157000
92906,chr1,89382500,89508500,126000
92908,chr1,89454500,89558500,104000
92909,chr1,89454500,89533500,79000
92910,chr1,89573500,89786500,213000
92911,chr1,89573500,89940500,367000
92912,chr1,89601500,89680500,79000
92913,chr1,89684500,89870500,186000
92914,chr1,89749500,89871500,122000
92916,chr1,89787500,89869500,82000
92917,chr1,89858500,89895500,37000
92919,chr1,93963500,94006500,43000
92920,chr1,94921500,94959500,38000
92928,chr1,89988500,90131500,143000
92930,chr1,90131500,90452500,321000
92932,chr1,90132500,90484500,352000
92933,chr1,90174500,90517500,343000
92934,chr1,90231500,90517500,286000
92936,chr1,90578500,90799500,221000
92937,chr1,90577500,90856500,279000
92938,chr1,90855500,91027500,172000
92940,chr1,90856500,90949500,93000
92941,chr1,90856500,91138500,282000
92943,chr1,90899500,91071500,172000
92944,chr1,90901500,91293500,392000
92945,chr1,90901500,91105500,204000
92946,chr1,90901500,91273500,372000
92947,chr1,90901500,90948500,47000
92948,chr1,90901500,91308500,407000
92949,chr1,90950500,91026500,76000
92950,chr1,90964500,91026500,62000
92951,chr1,90981500,91177500,196000
92952,chr1,91106500,91308500,202000
92953,chr1,91106500,91167500,61000
92956,chr1,91295500,91341500,46000
92957,chr1,91326500,91467500,141000
92958,chr1,91326500,91387500,61000
92959,chr1,91326500,91422500,96000
92960,chr1,91342500,91386500,44000
92961,chr1,91341500,91466500,125000
92962,chr1,91356500,91683500,327000
92963,chr1,91387500,91421500,34000
92964,chr1,91387500,91466500,79000
92965,chr1,91423500,91463500,40000
92966,chr1,91451500,91491500,40000
92968,chr1,91452500,91746500,294000
92969,chr1,91501500,91748500,247000
92970,chr1,91502500,91682500,180000
92971,chr1,91528500,91802500,274000
92972,chr1,91616500,91682500,66000
92973,chr1,91825500,91897500,72000
92974,chr1,91841500,91896500,55000
92987,chr1,91823500,92381500,558000
92988,chr1,91824500,92286500,462000
92989,chr1,91825500,92538500,713000
92991,chr1,91859500,92327500,468000
92997,chr1,92011500,92374500,363000
92999,chr1,92040500,92378500,338000
93001,chr1,92106500,92381500,275000
93002,chr1,92108500,92401500,293000
93005,chr1,92202500,92286500,84000
93006,chr1,92288500,92381500,93000
93009,chr1,92382500,92538500,156000
93010,chr1,92401500,92569500,168000
93012,chr1,92449500,92575500,126000
93014,chr1,92542500,92575500,33000
93015,chr1,92542500,92761500,219000
93016,chr1,92542500,92823500,281000
93019,chr1,92635500,92823500,188000
93020,chr1,92759500,92837500,78000
93021,chr1,92759500,92862500,103000
93026,chr1,92943500,93007500,64000
93027,chr1,93057500,93434500,377000
93028,chr1,93102500,93165500,63000
93029,chr1,93102500,93230500,128000
93030,chr1,93102500,93271500,169000
93031,chr1,93102500,93306500,204000
93032,chr1,93102500,93328500,226000
93033,chr1,93103500,93373500,270000
93034,chr1,93233500,93270500,37000
93035,chr1,93270500,93439500,169000
93037,chr1,93271500,93372500,101000
93038,chr1,93272500,93406500,134000
93041,chr1,93373500,93405500,32000
93043,chr1,93406500,93563500,157000
93047,chr1,93439500,93563500,124000
93048,chr1,93440500,93614500,174000
93049,chr1,93522500,93654500,132000
93050,chr1,93563500,93614500,51000
93052,chr1,93563500,93681500,118000
93053,chr1,93563500,93729500,166000
93058,chr1,97808500,98071500,263000
93059,chr1,102193500,102231500,38000
93060,chr1,104914500,105020500,106000
93061,chr1,105588500,105638500,50000
93073,chr1,106096500,106320500,224000
93075,chr1,106102500,106149500,47000
93076,chr1,106353500,106470500,117000
93079,chr1,106439500,106746500,307000
93081,chr1,106471500,106811500,340000
93083,chr1,106642500,106686500,44000
93084,chr1,106642500,106723500,81000
93088,chr1,117284500,117446500,162000
93089,chr1,118250500,118316500,66000
93091,chr1,118294500,118426500,132000
93093,chr1,118317500,118386500,69000
93094,chr1,118457500,118687500,230000
93097,chr1,118522500,118687500,165000
93098,chr1,118554500,118686500,132000
93105,chr1,118617500,118685500,68000
93106,chr1,118697500,118750500,53000
93107,chr1,118699500,118979500,280000
93108,chr1,118698500,119348500,650000
93109,chr1,118698500,119392500,694000
93115,chr1,119018500,119389500,371000
93116,chr1,119015500,119410500,395000
93124,chr1,119088500,119371500,283000
93125,chr1,119087500,119409500,322000
93126,chr1,119231500,119349500,118000
93127,chr1,119232500,119275500,43000
93128,chr1,119232500,119327500,95000
93129,chr1,119275500,119326500,51000
93131,chr1,119386500,119602500,216000
93134,chr1,119427500,119577500,150000
93138,chr1,119476500,119858500,382000
93139,chr1,119477500,119715500,238000
93140,chr1,119477500,119822500,345000
93141,chr1,119747500,119822500,75000
93142,chr1,119746500,119940500,194000
93143,chr1,119765500,119840500,75000
93144,chr1,119768500,119824500,56000
93145,chr1,119847500,119941500,94000
93146,chr1,119893500,119941500,48000
93147,chr1,119944500,120083500,139000
93148,chr1,119944500,120477500,533000
93149,chr1,119944500,120021500,77000
93150,chr1,119961500,120477500,516000
93151,chr1,120002500,120048500,46000
93153,chr1,120025500,120082500,57000
93155,chr1,120082500,120477500,395000
93156,chr1,120099500,120396500,297000
93157,chr1,120099500,120477500,378000
93158,chr1,120100500,120266500,166000
93159,chr1,120125500,120294500,169000
93160,chr1,120125500,120267500,142000
93161,chr1,120125500,120396500,271000
93162,chr1,120125500,120477500,352000
93163,chr1,120159500,120396500,237000
93164,chr1,120225500,120477500,252000
93165,chr1,120269500,120394500,125000
93166,chr1,120269500,120477500,208000
93170,chr1,120520500,120613500,93000
93175,chr1,120532500,120571500,39000
93179,chr1,120595500,120982500,387000
93180,chr1,120641500,121107500,466000
93181,chr1,120738500,121108500,370000
93182,chr1,121118500,121328500,210000
93184,chr1,121177500,121346500,169000
93187,chr1,121456500,121494500,38000
93190,chr1,125299500,125501500,202000
93192,chr1,122467500,122536500,69000
93200,chr1,126858500,126920500,62000
93202,chr1,126940500,127414500,474000
93203,chr1,126941500,127387500,446000
93204,chr1,127130500,127413500,283000
93205,chr1,127131500,127386500,255000
93207,chr1,127166500,127336500,170000
93208,chr1,127208500,127337500,129000
93209,chr1,127425500,127773500,348000
93210,chr1,127426500,127624500,198000
93217,chr1,127755500,128151500,396000
93218,chr1,127977500,128067500,90000
93219,chr1,128030500,128171500,141000
93220,chr1,128173500,128287500,114000
93223,chr1,128252500,128754500,502000
93226,chr1,128321500,128520500,199000
93228,chr1,128345500,128520500,175000
93229,chr1,128399500,128518500,119000
93230,chr1,128521500,128751500,230000
93236,chr1,130095500,130277500,182000
93238,chr1,130476500,130562500,86000
93240,chr1,130503500,130561500,58000
93242,chr1,130803500,130907500,104000
93245,chr1,131044500,131173500,129000
93246,chr1,131045500,131108500,63000
93248,chr1,131109500,131173500,64000
93249,chr1,131109500,131198500,89000
93254,chr1,131540500,131586500,46000
93255,chr1,131541500,131810500,269000
93256,chr1,131586500,131693500,107000
93261,chr1,131866500,131908500,42000
93262,chr1,131924500,131974500,50000
93265,chr1,135977500,136141500,164000
93266,chr1,136044500,136140500,96000
93267,chr1,136097500,136141500,44000
93268,chr1,136098500,136449500,351000
93271,chr1,136188500,136387500,199000
93272,chr1,136234500,136385500,151000
93273,chr1,136272500,136388500,116000
93275,chr1,136274500,136342500,68000
93277,chr1,136465500,136667500,202000
93280,chr1,136497500,136602500,105000
93281,chr1,136498500,136552500,54000
93282,chr1,136553500,136636500,83000
93283,chr1,136553500,136624500,71000
93285,chr1,136675500,137045500,370000
93288,chr1,136702500,137135500,433000
93290,chr1,136744500,137047500,303000
93291,chr1,136785500,137152500,367000
93292,chr1,136879500,136979500,100000
93300,chr1,131926500,132281500,355000
93301,chr1,131936500,132192500,256000
93302,chr1,132049500,132082500,33000
93303,chr1,132049500,132138500,89000
93304,chr1,132049500,132163500,114000
93305,chr1,132049500,132284500,235000
93307,chr1,132087500,132219500,132000
93309,chr1,132128500,132399500,271000
93310,chr1,132139500,132233500,94000
93311,chr1,132140500,132283500,143000
93313,chr1,132296500,132350500,54000
93314,chr1,132295500,132420500,125000
93315,chr1,132346500,132399500,53000
93317,chr1,132452500,132537500,85000
93318,chr1,132537500,132899500,362000
93319,chr1,132686500,132865500,179000
93321,chr1,132686500,133015500,329000
93324,chr1,132729500,132895500,166000
93331,chr1,132951500,133057500,106000
93335,chr1,132967500,133071500,104000
93337,chr1,133073500,133308500,235000
93338,chr1,133241500,133513500,272000
93339,chr1,133242500,133307500,65000
93342,chr1,133291500,133538500,247000
93343,chr1,133312500,133513500,201000
93344,chr1,133313500,133350500,37000
93347,chr1,133560500,133976500,416000
93353,chr1,133629500,133823500,194000
93354,chr1,133644500,133973500,329000
93358,chr1,134080500,134218500,138000
93359,chr1,134080500,134259500,179000
93360,chr1,134082500,134129500,47000
93367,chr1,134295500,134362500,67000
93371,chr1,134447500,134566500,119000
93372,chr1,134450500,134531500,81000
93377,chr1,134568500,134757500,189000
93378,chr1,134568500,135064500,496000
93379,chr1,134569500,135034500,465000
93381,chr1,134601500,134782500,181000
93382,chr1,134633500,135033500,400000
93383,chr1,134635500,135062500,427000
93384,chr1,134671500,135035500,364000
93386,chr1,134890500,135035500,145000
93387,chr1,134917500,135062500,145000
93390,chr1,135081500,135296500,215000
93391,chr1,135082500,135187500,105000
93392,chr1,135100500,135202500,102000
93398,chr1,135323500,135628500,305000
93399,chr1,135358500,135626500,268000
93400,chr1,135389500,135598500,209000
93401,chr1,135436500,135604500,168000
93403,chr1,135632500,135679500,47000
93404,chr1,135647500,135872500,225000
93405,chr1,135647500,135679500,32000
93406,chr1,135647500,135756500,109000
93407,chr1,135681500,135716500,35000
93409,chr1,135682500,135756500,74000
93410,chr1,135776500,135872500,96000
93414,chr1,143616500,143651500,35000
93416,chr1,140100500,140587500,487000
93418,chr1,140460500,140588500,128000
93421,chr1,138486500,138565500,79000
93424,chr1,138787500,138828500,41000
93425,chr1,139350500,139382500,32000
93426,chr1,139350500,139422500,72000
93427,chr1,139384500,139420500,36000
93431,chr1,149708500,150182500,474000
93434,chr1,149733500,150183500,450000
93435,chr1,149734500,150050500,316000
93438,chr1,150269500,150372500,103000
93447,chr1,150318500,150372500,54000
93448,chr1,150416500,150466500,50000
93451,chr1,150655500,150795500,140000
93452,chr1,150656500,150885500,229000
93458,chr1,150954500,151266500,312000
93459,chr1,150955500,151228500,273000
93461,chr1,150977500,151226500,249000
93463,chr1,151221500,151303500,82000
93464,chr1,151304500,151375500,71000
93465,chr1,151304500,151630500,326000
93467,chr1,151324500,151582500,258000
93468,chr1,151338500,151581500,243000
93470,chr1,151359500,151581500,222000
93471,chr1,151373500,151508500,135000
93475,chr1,151439500,151508500,69000
93476,chr1,151756500,151965500,209000
93479,chr1,151643500,152156500,513000
93485,chr1,151697500,152106500,409000
93489,chr1,151724500,152154500,430000
93493,chr1,152189500,152386500,197000
93494,chr1,152399500,152598500,199000
93496,chr1,152399500,152509500,110000
93498,chr1,152400500,152644500,244000
93500,chr1,152495500,152621500,126000
93502,chr1,152642500,152778500,136000
93503,chr1,152643500,152968500,325000
93510,chr1,152666500,153326500,660000
93511,chr1,152666500,152940500,274000
93512,chr1,152667500,152968500,301000
93513,chr1,152667500,152779500,112000
93514,chr1,152667500,152911500,244000
93515,chr1,152669500,153208500,539000
93530,chr1,152778500,152969500,191000
93533,chr1,152778500,152885500,107000
93534,chr1,152778500,152912500,134000
93539,chr1,152792500,152885500,93000
93540,chr1,152792500,152969500,177000
93543,chr1,152885500,152970500,85000
93547,chr1,152912500,152967500,55000
93549,chr1,152944500,153279500,335000
93551,chr1,152970500,153208500,238000
93553,chr1,153011500,153274500,263000
93558,chr1,153288500,153324500,36000
93560,chr1,153364500,153622500,258000
93562,chr1,153387500,153424500,37000
93565,chr1,153432500,153722500,290000
93566,chr1,153625500,153682500,57000
93567,chr1,153626500,153722500,96000
93568,chr1,153771500,153843500,72000
93570,chr1,153774500,153975500,201000
93571,chr1,153953500,153994500,41000
93577,chr1,158425500,158481500,56000
93580,chr1,159224500,159908500,684000
93582,chr1,159738500,159908500,170000
93586,chr1,160040500,160137500,97000
93589,chr1,160058500,160204500,146000
93590,chr1,160080500,160205500,125000
93592,chr1,160143500,160204500,61000
93595,chr1,160239500,160545500,306000
93597,chr1,160570500,160671500,101000
93598,chr1,160585500,160749500,164000
93601,chr1,160620500,160734500,114000
93603,chr1,160811500,161021500,210000
93608,chr1,160869500,161022500,153000
93610,chr1,160898500,161023500,125000
93611,chr1,160899500,160958500,59000
93612,chr1,160898500,160998500,100000
93613,chr1,160922500,160998500,76000
93620,chr1,155960500,156209500,249000
93621,chr1,155962500,156315500,353000
93625,chr1,156090500,156367500,277000
93626,chr1,156091500,156208500,117000
93627,chr1,156246500,156315500,69000
93629,chr1,156246500,156367500,121000
93631,chr1,156301500,156386500,85000
93632,chr1,156332500,156460500,128000
93633,chr1,156333500,156503500,170000
93634,chr1,156365500,156461500,96000
93636,chr1,156394500,156460500,66000
93638,chr1,156546500,156766500,220000
93642,chr1,156767500,156809500,42000
93643,chr1,156767500,156905500,138000
93647,chr1,157240500,157286500,46000
93649,chr1,157381500,157553500,172000
93650,chr1,153682500,154057500,375000
93651,chr1,153723500,154057500,334000
93653,chr1,153771500,154028500,257000
93664,chr1,154764500,154881500,117000
93665,chr1,154901500,155015500,114000
93667,chr1,154902500,155094500,192000
93668,chr1,154924500,155094500,170000
93669,chr1,154924500,155157500,233000
93671,chr1,154927500,154974500,47000
93673,chr1,154960500,155119500,159000
93675,chr1,154960500,155033500,73000
93676,chr1,154975500,155034500,59000
93677,chr1,155017500,155093500,76000
93678,chr1,155120500,155434500,314000
93679,chr1,155169500,155393500,224000
93680,chr1,155451500,155739500,288000
93681,chr1,155453500,155764500,311000
93683,chr1,155617500,155688500,71000
93688,chr1,161804500,162141500,337000
93689,chr1,161827500,162141500,314000
93690,chr1,161875500,162141500,266000
93691,chr1,162186500,162377500,191000
93692,chr1,162359500,162448500,89000
93693,chr1,162359500,162492500,133000
93695,chr1,162377500,162492500,115000
93703,chr1,162707500,162885500,178000
93705,chr1,162977500,163757500,780000
93710,chr1,163140500,163230500,90000
93712,chr1,163757500,163821500,64000
93714,chr1,163851500,163966500,115000
93715,chr1,168042500,168150500,108000
93716,chr1,168042500,168204500,162000
93719,chr1,169345500,169746500,401000
93723,chr1,169498500,169764500,266000
93724,chr1,169749500,169963500,214000
93726,chr1,163846500,164077500,231000
93728,chr1,163889500,164012500,123000
93729,chr1,163976500,164142500,166000
93736,chr1,164169500,164731500,562000
93743,chr1,164698500,164948500,250000
93744,chr1,164698500,164959500,261000
93745,chr1,164727500,164947500,220000
93747,chr1,165022500,165064500,42000
93749,chr1,165023500,165148500,125000
93750,chr1,165065500,165109500,44000
93753,chr1,165110500,165288500,178000
93755,chr1,165193500,165405500,212000
93756,chr1,165216500,165331500,115000
93760,chr1,165411500,165506500,95000
93761,chr1,165411500,165589500,178000
93767,chr1,165794500,165982500,188000
93770,chr1,165830500,165953500,123000
93771,chr1,165832500,165929500,97000
93776,chr1,165951500,166145500,194000
93777,chr1,165986500,166206500,220000
93778,chr1,165988500,166081500,93000
93780,chr1,165991500,166109500,118000
93790,chr1,166610500,167039500,429000
93793,chr1,167047500,167197500,150000
93794,chr1,167048500,167241500,193000
93795,chr1,167048500,167141500,93000
93798,chr1,167056500,167109500,53000
93799,chr1,167099500,167135500,36000
93801,chr1,167136500,167177500,41000
93803,chr1,167198500,167241500,43000
93807,chr1,167242500,167497500,255000
93809,chr1,167476500,167741500,265000
93810,chr1,167498500,167758500,260000
93811,chr1,167517500,167757500,240000
93812,chr1,167530500,167742500,212000
93813,chr1,167610500,167742500,132000
93816,chr1,174422500,174501500,79000
93817,chr1,175452500,175709500,257000
93818,chr1,175454500,175496500,42000
93820,chr1,175499500,175752500,253000
93823,chr1,176098500,176524500,426000
93825,chr1,176423500,176485500,62000
93835,chr1,177624500,177811500,187000
93841,chr1,169797500,170002500,205000
93845,chr1,170045500,170459500,414000
93849,chr1,170120500,170459500,339000
93856,chr1,170728500,171085500,357000
93858,chr1,170865500,170929500,64000
93863,chr1,170946500,171048500,102000
93864,chr1,170945500,171066500,121000
93869,chr1,171098500,171329500,231000
93870,chr1,171122500,171330500,208000
93871,chr1,171149500,171328500,179000
93872,chr1,171149500,171185500,36000
93874,chr1,171188500,171329500,141000
93877,chr1,171246500,171288500,42000
93879,chr1,171438500,171526500,88000
93883,chr1,171854500,172139500,285000
93888,chr1,171947500,172074500,127000
93889,chr1,171947500,172152500,205000
93890,chr1,171947500,172185500,238000
93891,chr1,171971500,172075500,104000
93892,chr1,171972500,172153500,181000
93893,chr1,171989500,172075500,86000
93894,chr1,171989500,172137500,148000
93895,chr1,172045500,172137500,92000
93896,chr1,172153500,172185500,32000
93899,chr1,172204500,172347500,143000
93900,chr1,172236500,172422500,186000
93901,chr1,172237500,172442500,205000
93903,chr1,172237500,172446500,209000
93904,chr1,172238500,172345500,107000
93905,chr1,172238500,172391500,153000
93906,chr1,172328500,172460500,132000
93909,chr1,172356500,172443500,87000
93911,chr1,172357500,172390500,33000
93912,chr1,172357500,172420500,63000
93914,chr1,172446500,173226500,780000
93917,chr1,173152500,173225500,73000
93918,chr1,173167500,173204500,37000
93919,chr1,173167500,173225500,58000
93928,chr1,183997500,184522500,525000
93929,chr1,184127500,184470500,343000
93930,chr1,184180500,184502500,322000
93931,chr1,184223500,184504500,281000
93932,chr1,184226500,184432500,206000
93934,chr1,184557500,184926500,369000
93936,chr1,184557500,184614500,57000
93947,chr1,184585500,184650500,65000
93948,chr1,184622500,184969500,347000
93954,chr1,185077500,185249500,172000
93959,chr1,185141500,185249500,108000
93960,chr1,185143500,185234500,91000
93961,chr1,185163500,185234500,71000
93962,chr1,185279500,185576500,297000
93963,chr1,185414500,185575500,161000
93964,chr1,185415500,185586500,171000
93982,chr1,178015500,178104500,89000
93985,chr1,178069500,178292500,223000
93986,chr1,178103500,178145500,42000
93988,chr1,178113500,178277500,164000
93990,chr1,178135500,178291500,156000
93991,chr1,178145500,178233500,88000
93992,chr1,178150500,178276500,126000
93993,chr1,178164500,178276500,112000
93995,chr1,178197500,178233500,36000
94000,chr1,178355500,178575500,220000
94002,chr1,178357500,178678500,321000
94003,chr1,178356500,178807500,451000
94004,chr1,178356500,178915500,559000
94007,chr1,178424500,178788500,364000
94008,chr1,178425500,178969500,544000
94009,chr1,178577500,178787500,210000
94011,chr1,178789500,178968500,179000
94012,chr1,178968500,179304500,336000
94013,chr1,179023500,179304500,281000
94014,chr1,179061500,179304500,243000
94015,chr1,179064500,179278500,214000
94016,chr1,179332500,179369500,37000
94022,chr1,179494500,179561500,67000
94023,chr1,179562500,179672500,110000
94030,chr1,179633500,179671500,38000
94031,chr1,179707500,179944500,237000
94035,chr1,181976500,182316500,340000
94036,chr1,181976500,182113500,137000
94037,chr1,181977500,182184500,207000
94038,chr1,181977500,182267500,290000
94043,chr1,182110500,182236500,126000
94044,chr1,182110500,182168500,58000
94045,chr1,182169500,182236500,67000
94046,chr1,182267500,182367500,100000
94052,chr1,182387500,182788500,401000
94053,chr1,182388500,182620500,232000
94056,chr1,182818500,183220500,402000
94059,chr1,183025500,183219500,194000
94060,chr1,183058500,183102500,44000
94061,chr1,183080500,183125500,45000
94062,chr1,183079500,183150500,71000
94064,chr1,183096500,183205500,109000
94065,chr1,183097500,183219500,122000
94067,chr1,183127500,183170500,43000
94068,chr1,183131500,183205500,74000
94069,chr1,183131500,183219500,88000
94071,chr1,183222500,183486500,264000
94073,chr1,183223500,183431500,208000
94074,chr1,183223500,183967500,744000
94092,chr1,179687500,180041500,354000
94094,chr1,180003500,180042500,39000
94096,chr1,180094500,180253500,159000
94098,chr1,180095500,180234500,139000
94099,chr1,180096500,180156500,60000
94101,chr1,180159500,180233500,74000
94102,chr1,180261500,180450500,189000
94103,chr1,180262500,180311500,49000
94104,chr1,180262500,180396500,134000
94105,chr1,180397500,180468500,71000
94107,chr1,180469500,180594500,125000
94108,chr1,180468500,180640500,172000
94109,chr1,180524500,180591500,67000
94110,chr1,180605500,180640500,35000
94113,chr1,180641500,180677500,36000
94114,chr1,180678500,180716500,38000
94117,chr1,180701500,180847500,146000
94118,chr1,180701500,180867500,166000
94120,chr1,180702500,180802500,100000
94121,chr1,180702500,180815500,113000
94123,chr1,180717500,180751500,34000
94125,chr1,180720500,180763500,43000
94129,chr1,180748500,180802500,54000
94135,chr1,180958500,181025500,67000
94137,chr1,180983500,181035500,52000
94142,chr1,181444500,181709500,265000
94144,chr1,181556500,181654500,98000
94145,chr1,181597500,181708500,111000
94147,chr1,181670500,181966500,296000
94148,chr1,181670500,181952500,282000
94149,chr1,181716500,181943500,227000
94150,chr1,181716500,181967500,251000
94151,chr1,181768500,181942500,174000
94163,chr1,186503500,186692500,189000
94167,chr1,187340500,187384500,44000
94172,chr1,188725500,188789500,64000
94173,chr1,188726500,188959500,233000
94176,chr1,188760500,188812500,52000
94177,chr1,188760500,188984500,224000
94179,chr1,188960500,189360500,400000
94180,chr1,189394500,189659500,265000
94182,chr1,189433500,189614500,181000
94186,chr1,189460500,189655500,195000
94188,chr1,189601500,189705500,104000
94189,chr1,189602500,189658500,56000
94190,chr1,189619500,189773500,154000
94192,chr1,189662500,189704500,42000
94201,chr1,189904500,190214500,310000
94203,chr1,190564500,190721500,157000
94204,chr1,190660500,190759500,99000
94207,chr1,190677500,191008500,331000
94208,chr1,190677500,191040500,363000
94209,chr1,190677500,190858500,181000
94213,chr1,190739500,191039500,300000
94215,chr1,190758500,190795500,37000
94216,chr1,190758500,190916500,158000
94217,chr1,190818500,191007500,189000
94218,chr1,190827500,191021500,194000
94219,chr1,190830500,190915500,85000
94220,chr1,190917500,190955500,38000
94222,chr1,191044500,191294500,250000
94224,chr1,191084500,191550500,466000
94225,chr1,191097500,191295500,198000
94227,chr1,191097500,191550500,453000
94237,chr1,191284500,191551500,267000
94241,chr1,191336500,191549500,213000
94242,chr1,191394500,191450500,56000
94243,chr1,191394500,191550500,156000
94246,chr1,191569500,191660500,91000
94247,chr1,191639500,191695500,56000
94249,chr1,191639500,191723500,84000
94250,chr1,191639500,191777500,138000
94251,chr1,191725500,191822500,97000
94255,chr1,191714500,192401500,687000
94257,chr1,191747500,192393500,646000
94264,chr1,191872500,192345500,473000
94265,chr1,191873500,192207500,334000
94266,chr1,192128500,192280500,152000
94267,chr1,192409500,192564500,155000
94270,chr1,192427500,192718500,291000
94272,chr1,192448500,192595500,147000
94273,chr1,192449500,192811500,362000
94274,chr1,192452500,192537500,85000
94275,chr1,192454500,192718500,264000
94276,chr1,192467500,192564500,97000
94277,chr1,192466500,192765500,299000
94278,chr1,192468500,192590500,122000
94280,chr1,192476500,192537500,61000
94281,chr1,192477500,192717500,240000
94283,chr1,192478500,192516500,38000
94285,chr1,192517500,192717500,200000
94286,chr1,192538500,192717500,179000
94287,chr1,192718500,192812500,94000
94288,chr1,192812500,192855500,43000
94294,chr1,192957500,193005500,48000
94295,chr1,193069500,193272500,203000
94296,chr1,193132500,193185500,53000
94297,chr1,193132500,193331500,199000
94298,chr1,193132500,193423500,291000
94299,chr1,193185500,193384500,199000
94301,chr1,193186500,193355500,169000
94302,chr1,193188500,193222500,34000
94303,chr1,193259500,193385500,126000
94307,chr1,194300500,194405500,105000
94312,chr10,3485500,3894500,409000
94313,chr10,3784500,3893500,109000
94314,chr10,3801500,3893500,92000
94315,chr10,3842500,3890500,48000
94316,chr10,3924500,4337500,413000
94317,chr10,3946500,4342500,396000
94319,chr10,3988500,4321500,333000
94320,chr10,3989500,4293500,304000
94321,chr10,3990500,4342500,352000
94322,chr10,4038500,4296500,258000
94323,chr10,4056500,4325500,269000
94324,chr10,4058500,4215500,157000
94325,chr10,4058500,4093500,35000
94326,chr10,4127500,4293500,166000
94330,chr10,4217500,4336500,119000
94332,chr10,4217500,4283500,66000
94335,chr10,4338500,4438500,100000
94336,chr10,4338500,4381500,43000
94337,chr10,4338500,4441500,103000
94338,chr10,4354500,4549500,195000
94339,chr10,4355500,4472500,117000
94344,chr10,4498500,5111500,613000
94345,chr10,5120500,5286500,166000
94350,chr10,5462500,5522500,60000
94351,chr10,5550500,5584500,34000
94352,chr10,5550500,5810500,260000
94355,chr10,7686500,8072500,386000
94356,chr10,7711500,8115500,404000
94360,chr10,7760500,8093500,333000
94365,chr10,7974500,8070500,96000
94366,chr10,8073500,8114500,41000
94367,chr10,8119500,8560500,441000
94368,chr10,8405500,8559500,154000
94371,chr10,8618500,8850500,232000
94372,chr10,8619500,8947500,328000
94373,chr10,8667500,8848500,181000
94374,chr10,8668500,8947500,279000
94376,chr10,8888500,8947500,59000
94378,chr10,8949500,9552500,603000
94380,chr10,8962500,9550500,588000
94381,chr10,9673500,9777500,104000
94389,chr10,7466500,7539500,73000
94393,chr10,7540500,7601500,61000
94395,chr10,7557500,7655500,98000
94396,chr10,7603500,7655500,52000
94399,chr10,17823500,17931500,108000
94405,chr10,11105500,11156500,51000
94407,chr10,11623500,11676500,53000
94411,chr10,13845500,14074500,229000
94413,chr10,14326500,14561500,235000
94417,chr10,12094500,12489500,395000
94419,chr10,12566500,12794500,228000
94420,chr10,12667500,12744500,77000
94422,chr10,12798500,12839500,41000
94424,chr10,12890500,13068500,178000
94425,chr10,12892500,13376500,484000
94426,chr10,12893500,12963500,70000
94427,chr10,12893500,13003500,110000
94430,chr10,12946500,13306500,360000
94431,chr10,12964500,13003500,39000
94434,chr10,13067500,13304500,237000
94435,chr10,13068500,13199500,131000
94438,chr10,13842500,13893500,51000
94439,chr10,13844500,13922500,78000
94440,chr10,17609500,18086500,477000
94441,chr10,17930500,18087500,157000
94442,chr10,18195500,18264500,69000
94443,chr10,18267500,18477500,210000
94444,chr10,18269500,18304500,35000
94445,chr10,18308500,18404500,96000
94446,chr10,18329500,18421500,92000
94447,chr10,18422500,18476500,54000
94450,chr10,18439500,18714500,275000
94453,chr10,18478500,18786500,308000
94454,chr10,18829500,19062500,233000
94456,chr10,18875500,19061500,186000
94458,chr10,19116500,19365500,249000
94459,chr10,19117500,19475500,358000
94463,chr10,19585500,19769500,184000
94465,chr10,19586500,19725500,139000
94466,chr10,19785500,19949500,164000
94475,chr10,24050500,24188500,138000
94477,chr10,24067500,24174500,107000
94479,chr10,24174500,24500500,326000
94480,chr10,24188500,24499500,311000
94481,chr10,24258500,24467500,209000
94482,chr10,24285500,24498500,213000
94491,chr10,24747500,25095500,348000
94495,chr10,24837500,25115500,278000
94496,chr10,24839500,25040500,201000
94499,chr10,25172500,25235500,63000
94500,chr10,25173500,25260500,87000
94501,chr10,25189500,25259500,70000
94505,chr10,25376500,25523500,147000
94507,chr10,25660500,25760500,100000
94508,chr10,19787500,20001500,214000
94510,chr10,19809500,20025500,216000
94511,chr10,19810500,20000500,190000
94513,chr10,20025500,20187500,162000
94514,chr10,20028500,20061500,33000
94525,chr10,20279500,20842500,563000
94526,chr10,20281500,20803500,522000
94538,chr10,20868500,21213500,345000
94539,chr10,20907500,21170500,263000
94540,chr10,20911500,21036500,125000
94541,chr10,20910500,21133500,223000
94542,chr10,20931500,21035500,104000
94545,chr10,21342500,21474500,132000
94547,chr10,21592500,21871500,279000
94548,chr10,21652500,21870500,218000
94549,chr10,21703500,21866500,163000
94552,chr10,21722500,21867500,145000
94553,chr10,21724500,21798500,74000
94579,chr10,22962500,23026500,64000
94581,chr10,22992500,23653500,661000
94586,chr10,23327500,23485500,158000
94588,chr10,23590500,23653500,63000
94591,chr10,23691500,23987500,296000
94592,chr10,23692500,23786500,94000
94593,chr10,23691500,23816500,125000
94595,chr10,23818500,23955500,137000
94596,chr10,23818500,23986500,168000
94597,chr10,23855500,23987500,132000
94598,chr10,23871500,23954500,83000
94599,chr10,23870500,23987500,117000
94601,chr10,28774500,28831500,57000
94607,chr10,28983500,29214500,231000
94617,chr10,25557500,26015500,458000
94620,chr10,26250500,26368500,118000
94625,chr10,26796500,26871500,75000
94629,chr10,27889500,27950500,61000
94630,chr10,33895500,34158500,263000
94631,chr10,34004500,34156500,152000
94632,chr10,34027500,34156500,129000
94633,chr10,34029500,34110500,81000
94634,chr10,34043500,34110500,67000
94635,chr10,34044500,34156500,112000
94640,chr10,36891500,36947500,56000
94641,chr10,37014500,37254500,240000
94642,chr10,37014500,37272500,258000
94643,chr10,38752500,38941500,189000
94645,chr10,39047500,39333500,286000
94646,chr10,39509500,39607500,98000
94649,chr10,40135500,40177500,42000
94651,chr10,40135500,40239500,104000
94653,chr10,40139500,40207500,68000
94654,chr10,40460500,40505500,45000
94659,chr10,40525500,41148500,623000
94661,chr10,40526500,40878500,352000
94662,chr10,40526500,40891500,365000
94665,chr10,40559500,40759500,200000
94667,chr10,40880500,41148500,268000
94668,chr10,40892500,41147500,255000
94670,chr10,41166500,41381500,215000
94672,chr10,41289500,41344500,55000
94676,chr10,41395500,41483500,88000
94682,chr10,41707500,41854500,147000
94683,chr10,41707500,41905500,198000
94686,chr10,43451500,44024500,573000
94688,chr10,43830500,44053500,223000
94690,chr10,43880500,44024500,144000
94691,chr10,43983500,44052500,69000
94695,chr10,44169500,44332500,163000
94698,chr10,44335500,44404500,69000
94699,chr10,44336500,44636500,300000
94700,chr10,44927500,44963500,36000
94701,chr10,44927500,45248500,321000
94703,chr10,44944500,45212500,268000
94706,chr10,44973500,45222500,249000
94707,chr10,44974500,45249500,275000
94708,chr10,44990500,45223500,233000
94709,chr10,44990500,45249500,259000
94710,chr10,45009500,45223500,214000
94711,chr10,45165500,45211500,46000
94714,chr10,45362500,45454500,92000
94716,chr10,45551500,45687500,136000
94735,chr10,42184500,42460500,276000
94738,chr10,42244500,42475500,231000
94740,chr10,42387500,42478500,91000
94741,chr10,42457500,42489500,32000
94744,chr10,42480500,42610500,130000
94747,chr10,42555500,42637500,82000
94748,chr10,42573500,42610500,37000
94750,chr10,42718500,42788500,70000
94751,chr10,42718500,42833500,115000
94753,chr10,42818500,42864500,46000
94755,chr10,42897500,43050500,153000
94757,chr10,43087500,43312500,225000
94759,chr10,43329500,43437500,108000
94760,chr10,43355500,43455500,100000
94763,chr10,43449500,43748500,299000
94764,chr10,43450500,43722500,272000
94765,chr10,43451500,43828500,377000
94766,chr10,43453500,43778500,325000
94767,chr10,43454500,43561500,107000
94768,chr10,43795500,43946500,151000
94769,chr10,43831500,43878500,47000
94772,chr10,51294500,51339500,45000
94773,chr10,51472500,51545500,73000
94781,chr10,52108500,52229500,121000
94782,chr10,52108500,52206500,98000
94783,chr10,52109500,52259500,150000
94784,chr10,52111500,52174500,63000
94785,chr10,52110500,52293500,183000
94787,chr10,52152500,52207500,55000
94788,chr10,52152500,52258500,106000
94789,chr10,52258500,52293500,35000
94792,chr10,52964500,53217500,253000
94793,chr10,52991500,53182500,191000
94794,chr10,53224500,53385500,161000
94795,chr10,53225500,53338500,113000
94801,chr10,57732500,58040500,308000
94803,chr10,58091500,58159500,68000
94804,chr10,58091500,58282500,191000
94805,chr10,58159500,58282500,123000
94806,chr10,58159500,58332500,173000
94814,chr10,58986500,59128500,142000
94815,chr10,59057500,59159500,102000
94816,chr10,59132500,59194500,62000
94823,chr10,59159500,59702500,543000
94826,chr10,59249500,59651500,402000
94827,chr10,59328500,59623500,295000
94828,chr10,59326500,59650500,324000
94829,chr10,59328500,59545500,217000
94830,chr10,59453500,59537500,84000
94831,chr10,59545500,59623500,78000
94833,chr10,59728500,59858500,130000
94835,chr10,59776500,59841500,65000
94836,chr10,59857500,59901500,44000
94837,chr10,61656500,62019500,363000
94839,chr10,61668500,62068500,400000
94840,chr10,61714500,62018500,304000
94841,chr10,61815500,62018500,203000
94842,chr10,61891500,62018500,127000
94843,chr10,61943500,62096500,153000
94844,chr10,61963500,62018500,55000
94845,chr10,62022500,62262500,240000
94846,chr10,62023500,62096500,73000
94849,chr10,62111500,62218500,107000
94850,chr10,62287500,62321500,34000
94851,chr10,62335500,62407500,72000
94853,chr10,62422500,62621500,199000
94854,chr10,62423500,62600500,177000
94855,chr10,62426500,62516500,90000
94856,chr10,62438500,62486500,48000
94859,chr10,62628500,62720500,92000
94865,chr10,62860500,63216500,356000
94866,chr10,62989500,63106500,117000
94867,chr10,62988500,63144500,156000
94868,chr10,62989500,63081500,92000
94869,chr10,63017500,63075500,58000
94870,chr10,63144500,63213500,69000
94872,chr10,63173500,63213500,40000
94874,chr10,63174500,63264500,90000
94875,chr10,63298500,63410500,112000
94876,chr10,59729500,60080500,351000
94877,chr10,59983500,60138500,155000
94878,chr10,59985500,60024500,39000
94880,chr10,59984500,60247500,263000
94884,chr10,60141500,60278500,137000
94885,chr10,60141500,60450500,309000
94887,chr10,60294500,60448500,154000
94888,chr10,60294500,60593500,299000
94889,chr10,60317500,60593500,276000
94890,chr10,60457500,60532500,75000
94891,chr10,60523500,60591500,68000
94894,chr10,60596500,60906500,310000
94896,chr10,60614500,60888500,274000
94898,chr10,60615500,60855500,240000
94899,chr10,60649500,60900500,251000
94900,chr10,60649500,60982500,333000
94901,chr10,60670500,60888500,218000
94902,chr10,60671500,60820500,149000
94904,chr10,61011500,61171500,160000
94906,chr10,61035500,61438500,403000
94909,chr10,61050500,61171500,121000
94910,chr10,61111500,61151500,40000
94911,chr10,61111500,61171500,60000
94912,chr10,61151500,61252500,101000
94913,chr10,61193500,61235500,42000
94914,chr10,61218500,61252500,34000
94917,chr10,61303500,61438500,135000
94918,chr10,61303500,61455500,152000
94919,chr10,61303500,61494500,191000
94920,chr10,61327500,61493500,166000
94921,chr10,61440500,61530500,90000
94923,chr10,61582500,61673500,91000
94924,chr10,61601500,61992500,391000
94925,chr10,61620500,61664500,44000
94926,chr10,61619500,61967500,348000
94927,chr10,61656500,61937500,281000
94928,chr10,61666500,61968500,302000
94929,chr10,61674500,61814500,140000
94930,chr10,61814500,61968500,154000
94931,chr10,61891500,61937500,46000
94933,chr10,66688500,67052500,364000
94934,chr10,66689500,66970500,281000
94935,chr10,66689500,67100500,411000
94936,chr10,66690500,66743500,53000
94938,chr10,66744500,67001500,257000
94939,chr10,66744500,67080500,336000
94941,chr10,66745500,67147500,402000
94943,chr10,66750500,66865500,115000
94944,chr10,66752500,66934500,182000
94946,chr10,66805500,66838500,33000
94947,chr10,66805500,66935500,130000
94948,chr10,66839500,66919500,80000
94949,chr10,66839500,66919500,80000
94950,chr10,66839500,66934500,95000
94951,chr10,66840500,66884500,44000
94954,chr10,67101500,67146500,45000
94955,chr10,67121500,67384500,263000
94959,chr10,67260500,67601500,341000
94961,chr10,67372500,67601500,229000
94962,chr10,67835500,67925500,90000
94963,chr10,67888500,67924500,36000
94964,chr10,67927500,67982500,55000
94968,chr10,69705500,70003500,298000
94970,chr10,69839500,70132500,293000
94971,chr10,69858500,70131500,273000
94973,chr10,70009500,70132500,123000
94974,chr10,70138500,70799500,661000
94975,chr10,70139500,70650500,511000
94976,chr10,70155500,70377500,222000
94980,chr10,70200500,70398500,198000
94984,chr10,70356500,70799500,443000
94985,chr10,70401500,70649500,248000
94986,chr10,70401500,70798500,397000
94987,chr10,70430500,70798500,368000
94988,chr10,70433500,70695500,262000
94990,chr10,70752500,70798500,46000
94992,chr10,71141500,71237500,96000
94994,chr10,71185500,71217500,32000
94995,chr10,71316500,71572500,256000
94996,chr10,67972500,68115500,143000
94997,chr10,67973500,68066500,93000
95000,chr10,68016500,68065500,49000
95002,chr10,68192500,68290500,98000
95010,chr10,68739500,68938500,199000
95011,chr10,68739500,68814500,75000
95012,chr10,68739500,69142500,403000
95013,chr10,69001500,69156500,155000
95014,chr10,69047500,69157500,110000
95018,chr10,69209500,69475500,266000
95019,chr10,69210500,69287500,77000
95020,chr10,69211500,69392500,181000
95023,chr10,69288500,69392500,104000
95024,chr10,69288500,69475500,187000
95027,chr10,69687500,69800500,113000
95028,chr10,69762500,69932500,170000
95031,chr10,74802500,75048500,246000
95032,chr10,74857500,74987500,130000
95033,chr10,74895500,75028500,133000
95034,chr10,75048500,75352500,304000
95035,chr10,75090500,75322500,232000
95036,chr10,75091500,75273500,182000
95037,chr10,75113500,75273500,160000
95038,chr10,75113500,75322500,209000
95039,chr10,75279500,75322500,43000
95043,chr10,75354500,75599500,245000
95045,chr10,75423500,75471500,48000
95046,chr10,75423500,75667500,244000
95047,chr10,75422500,75689500,267000
95048,chr10,75457500,75788500,331000
95049,chr10,75458500,75539500,81000
95050,chr10,75483500,75772500,289000
95052,chr10,75580500,75668500,88000
95053,chr10,75602500,75670500,68000
95054,chr10,75600500,75689500,89000
95055,chr10,75601500,75787500,186000
95057,chr10,75670500,75787500,117000
95058,chr10,75691500,75787500,96000
95059,chr10,75696500,75773500,77000
95061,chr10,75720500,75787500,67000
95063,chr10,75733500,75787500,54000
95064,chr10,75811500,75954500,143000
95065,chr10,75791500,76039500,248000
95066,chr10,75792500,76065500,273000
95067,chr10,75810500,76065500,255000
95068,chr10,75811500,76038500,227000
95069,chr10,75954500,76038500,84000
95070,chr10,75971500,76066500,95000
95071,chr10,75972500,76038500,66000
95072,chr10,76181500,76277500,96000
95073,chr10,76181500,76570500,389000
95074,chr10,76247500,76566500,319000
95079,chr10,76349500,76567500,218000
95082,chr10,76367500,76570500,203000
95084,chr10,76406500,76568500,162000
95086,chr10,76671500,76881500,210000
95089,chr10,76671500,77088500,417000
95090,chr10,76798500,76868500,70000
95092,chr10,76919500,77345500,426000
95093,chr10,76966500,77189500,223000
95094,chr10,76969500,77036500,67000
95100,chr10,77352500,77441500,89000
95101,chr10,77352500,77459500,107000
95102,chr10,77353500,77589500,236000
95103,chr10,77353500,77717500,364000
95108,chr10,77463500,77562500,99000
95109,chr10,77463500,77588500,125000
95110,chr10,77463500,77717500,254000
95111,chr10,77700500,77737500,37000
95116,chr10,79670500,80000500,330000
95118,chr10,79761500,80001500,240000
95119,chr10,79796500,80001500,205000
95121,chr10,79983500,80209500,226000
95123,chr10,80005500,80234500,229000
95124,chr10,80010500,80126500,116000
95125,chr10,80011500,80184500,173000
95126,chr10,80035500,80081500,46000
95132,chr10,80131500,80209500,78000
95133,chr10,80133500,80182500,49000
95134,chr10,80176500,80209500,33000
95135,chr10,80212500,80343500,131000
95139,chr10,80248500,80381500,133000
95144,chr10,80282500,80322500,40000
95148,chr10,80356500,80522500,166000
95149,chr10,80401500,80522500,121000
95150,chr10,80414500,80495500,81000
95153,chr10,80447500,80522500,75000
95158,chr10,80584500,80656500,72000
95171,chr10,80834500,81011500,177000
95172,chr10,80835500,80877500,42000
95173,chr10,80835500,80918500,83000
95174,chr10,80853500,81011500,158000
95177,chr10,81020500,81201500,181000
95178,chr10,81033500,81226500,193000
95179,chr10,81034500,81077500,43000
95180,chr10,81034500,81363500,329000
95181,chr10,81034500,81386500,352000
95183,chr10,81124500,81286500,162000
95184,chr10,81125500,81387500,262000
95188,chr10,81227500,81318500,91000
95189,chr10,81320500,81362500,42000
95191,chr10,81389500,81440500,51000
95195,chr10,77821500,78047500,226000
95196,chr10,78020500,78080500,60000
95198,chr10,78081500,78249500,168000
95199,chr10,78082500,78228500,146000
95200,chr10,78115500,78195500,80000
95201,chr10,78275500,78323500,48000
95202,chr10,78356500,78440500,84000
95203,chr10,78376500,78581500,205000
95204,chr10,78410500,78582500,172000
95206,chr10,78518500,78581500,63000
95208,chr10,78588500,78931500,343000
95209,chr10,78626500,78952500,326000
95212,chr10,79417500,79502500,85000
95213,chr10,79431500,79502500,71000
95214,chr10,79494500,79623500,129000
95215,chr10,79531500,79624500,93000
95216,chr10,79604500,79761500,157000
95217,chr10,79604500,79794500,190000
95218,chr10,79606500,79649500,43000
95220,chr10,79670500,79760500,90000
95222,chr10,79701500,79965500,264000
95227,chr10,79762500,79976500,214000
95233,chr10,79821500,79950500,129000
95243,chr10,82464500,82600500,136000
95245,chr10,82599500,82695500,96000
95247,chr10,82631500,82737500,106000
95250,chr10,82745500,83033500,288000
95251,chr10,82747500,83086500,339000
95252,chr10,82745500,83344500,599000
95253,chr10,82762500,83018500,256000
95255,chr10,82797500,83033500,236000
95256,chr10,83059500,83371500,312000
95257,chr10,83060500,83345500,285000
95258,chr10,83086500,83345500,259000
95259,chr10,83087500,83190500,103000
95260,chr10,83088500,83372500,284000
95261,chr10,83196500,83379500,183000
95270,chr10,83484500,83559500,75000
95271,chr10,83656500,83831500,175000
95272,chr10,83656500,83854500,198000
95274,chr10,87389500,88141500,752000
95278,chr10,87484500,88163500,679000
95281,chr10,87690500,88163500,473000
95283,chr10,88002500,88163500,161000
95285,chr10,88213500,88352500,139000
95286,chr10,88214500,88384500,170000
95288,chr10,88214500,88295500,81000
95289,chr10,88215500,88340500,125000
95291,chr10,88350500,88562500,212000
95296,chr10,88509500,88544500,35000
95303,chr10,88701500,88819500,118000
95305,chr10,89163500,89249500,86000
95306,chr10,89163500,89296500,133000
95307,chr10,89235500,89470500,235000
95308,chr10,89521500,89580500,59000
95309,chr10,89581500,89708500,127000
95315,chr10,85804500,86018500,214000
95318,chr10,85857500,86134500,277000
95319,chr10,85856500,86333500,477000
95320,chr10,85901500,86287500,386000
95322,chr10,85901500,86018500,117000
95326,chr10,86566500,86614500,48000
95328,chr10,86808500,87339500,531000
95329,chr10,86809500,86856500,47000
95331,chr10,86865500,86927500,62000
95336,chr10,87512500,87807500,295000
95337,chr10,87521500,87762500,241000
95339,chr10,87696500,87762500,66000
95343,chr10,83654500,84231500,577000
95344,chr10,83656500,84324500,668000
95346,chr10,83832500,84274500,442000
95351,chr10,83857500,84223500,366000
95354,chr10,84227500,84274500,47000
95355,chr10,84324500,84395500,71000
95356,chr10,84324500,84466500,142000
95357,chr10,84351500,84394500,43000
95358,chr10,84352500,84434500,82000
95361,chr10,84389500,84458500,69000
95362,chr10,84411500,84457500,46000
95364,chr10,84466500,84822500,356000
95366,chr10,84592500,84879500,287000
95369,chr10,84594500,84675500,81000
95370,chr10,84595500,84696500,101000
95371,chr10,84673500,84745500,72000
95372,chr10,84695500,84745500,50000
95374,chr10,84751500,84938500,187000
95375,chr10,84781500,84879500,98000
95376,chr10,84848500,84941500,93000
95377,chr10,84848500,84964500,116000
95380,chr10,84849500,84990500,141000
95382,chr10,84879500,84939500,60000
95385,chr10,84990500,85487500,497000
95386,chr10,85019500,85460500,441000
95388,chr10,85020500,85223500,203000
95389,chr10,85020500,85487500,467000
95393,chr10,85056500,85421500,365000
95394,chr10,85057500,85461500,404000
95395,chr10,85057500,85487500,430000
95396,chr10,85056500,85513500,457000
95397,chr10,85169500,85488500,319000
95398,chr10,85171500,85461500,290000
95399,chr10,85223500,85376500,153000
95400,chr10,85224500,85460500,236000
95402,chr10,85224500,85486500,262000
95403,chr10,85292500,85460500,168000
95404,chr10,85292500,85487500,195000
95405,chr10,85378500,85486500,108000
95406,chr10,85379500,85459500,80000
95418,chr10,85752500,85857500,105000
95420,chr10,85764500,85856500,92000
95422,chr10,85793500,85857500,64000
95423,chr10,85804500,85900500,96000
95431,chr10,90897500,90977500,80000
95432,chr10,90899500,90996500,97000
95433,chr10,90917500,90977500,60000
95434,chr10,90918500,91018500,100000
95435,chr10,90918500,91004500,86000
95437,chr10,90961500,91017500,56000
95442,chr10,96049500,97149500,1100000
95443,chr10,96050500,97174500,1124000
95447,chr10,96467500,96557500,90000
95452,chr10,97211500,97525500,314000
95453,chr10,97212500,97540500,328000
95464,chr10,92905500,93260500,355000
95466,chr10,92907500,92996500,89000
95468,chr10,92918500,92996500,78000
95470,chr10,92998500,93265500,267000
95471,chr10,92998500,93078500,80000
95474,chr10,93025500,93077500,52000
95476,chr10,93264500,93307500,43000
95477,chr10,93262500,93427500,165000
95478,chr10,93321500,93648500,327000
95480,chr10,93413500,93647500,234000
95481,chr10,93429500,93599500,170000
95482,chr10,93429500,93613500,184000
95486,chr10,93753500,93952500,199000
95487,chr10,93781500,93952500,171000
95488,chr10,93871500,93983500,112000
95489,chr10,93872500,93952500,80000
95491,chr10,94168500,94297500,129000
95493,chr10,94169500,94444500,275000
95494,chr10,94244500,94398500,154000
95496,chr10,94520500,94795500,275000
95497,chr10,94524500,94780500,256000
95500,chr10,94812500,95311500,499000
95501,chr10,94827500,95277500,450000
95502,chr10,94827500,95254500,427000
95504,chr10,94828500,95230500,402000
95506,chr10,94894500,95302500,408000
95507,chr10,94924500,95276500,352000
95508,chr10,94925500,95254500,329000
95509,chr10,94926500,95144500,218000
95512,chr10,94992500,95311500,319000
95513,chr10,95011500,95252500,241000
95514,chr10,95055500,95251500,196000
95515,chr10,95056500,95295500,239000
95516,chr10,95056500,95299500,243000
95517,chr10,95147500,95190500,43000
95518,chr10,95191500,95251500,60000
95522,chr10,95252500,95292500,40000
95523,chr10,95295500,95349500,54000
95524,chr10,95325500,95693500,368000
95525,chr10,95326500,95730500,404000
95526,chr10,95351500,95399500,48000
95530,chr10,95389500,95634500,245000
95532,chr10,95393500,95486500,93000
95535,chr10,95401500,95457500,56000
95536,chr10,95516500,95729500,213000
95537,chr10,95554500,95728500,174000
95538,chr10,95696500,95729500,33000
95540,chr10,95709500,95869500,160000
95541,chr10,95709500,95940500,231000
95543,chr10,95734500,95915500,181000
95544,chr10,95776500,95916500,140000
95545,chr10,95870500,95939500,69000
95549,chr10,103089500,103277500,188000
95555,chr10,98677500,98749500,72000
95557,chr10,99000500,99244500,244000
95558,chr10,99000500,99413500,413000
95560,chr10,99026500,99452500,426000
95561,chr10,99041500,99297500,256000
95562,chr10,99099500,99190500,91000
95564,chr10,99103500,99414500,311000
95565,chr10,99158500,99412500,254000
95566,chr10,99189500,99297500,108000
95567,chr10,99253500,99296500,43000
95568,chr10,99480500,99989500,509000
95592,chr10,110826500,110935500,109000
95593,chr10,110943500,111016500,73000
95595,chr10,111063500,111337500,274000
95597,chr10,111135500,111309500,174000
95599,chr10,111137500,111284500,147000
95603,chr10,111340500,111472500,132000
95604,chr10,111340500,111793500,453000
95606,chr10,111343500,111410500,67000
95607,chr10,111412500,111761500,349000
95608,chr10,111491500,111761500,270000
95609,chr10,111679500,111749500,70000
95611,chr10,115020500,115154500,134000
95612,chr10,115087500,115151500,64000
95613,chr10,115159500,115242500,83000
95617,chr10,115265500,115452500,187000
95625,chr10,116166500,116310500,144000
95628,chr10,116280500,116625500,345000
95630,chr10,116299500,116489500,190000
95631,chr10,116300500,116684500,384000
95632,chr10,116309500,116416500,107000
95633,chr10,116310500,116397500,87000
95635,chr10,116779500,116869500,90000
95636,chr10,116786500,116984500,198000
95637,chr10,116817500,117045500,228000
95638,chr10,116872500,117046500,174000
95642,chr10,116899500,116984500,85000
95645,chr10,117061500,117213500,152000
95646,chr10,117063500,117176500,113000
95647,chr10,117109500,117238500,129000
95648,chr10,117173500,117238500,65000
95649,chr10,117174500,117271500,97000
95652,chr10,117198500,117238500,40000
95654,chr10,117213500,117249500,36000
95657,chr10,117350500,117472500,122000
95661,chr10,117567500,117945500,378000
95665,chr10,117630500,117681500,51000
95667,chr10,117682500,117790500,108000
95672,chr10,119900500,120038500,138000
95673,chr10,119950500,120006500,56000
95676,chr10,120069500,120538500,469000
95677,chr10,120069500,120710500,641000
95678,chr10,120070500,120106500,36000
95680,chr10,120095500,120501500,406000
95684,chr10,120142500,120552500,410000
95686,chr10,120155500,120402500,247000
95687,chr10,120156500,120502500,346000
95689,chr10,120311500,120502500,191000
95690,chr10,120311500,120538500,227000
95693,chr10,120322500,120357500,35000
95695,chr10,120423500,120502500,79000
95696,chr10,120423500,120710500,287000
95698,chr10,120539500,120699500,160000
95699,chr10,120696500,121091500,395000
95700,chr10,120816500,120850500,34000
95701,chr10,120815500,120869500,54000
95702,chr10,120868500,121168500,300000
95703,chr10,120884500,121091500,207000
95704,chr10,121215500,121352500,137000
95705,chr10,121263500,121351500,88000
95709,chr10,121530500,121691500,161000
95716,chr10,121560500,121886500,326000
95719,chr10,121669500,121887500,218000
95720,chr10,121691500,121886500,195000
95721,chr10,121736500,121883500,147000
95722,chr10,117992500,118206500,214000
95728,chr10,118207500,118342500,135000
95729,chr10,118431500,118890500,459000
95731,chr10,118902500,119004500,102000
95734,chr10,119483500,119927500,444000
95736,chr10,119641500,119928500,287000
95737,chr10,119721500,119928500,207000
95753,chr10,122019500,122364500,345000
95754,chr10,122285500,122363500,78000
95756,chr10,122415500,122513500,98000
95757,chr10,122415500,122630500,215000
95763,chr10,122641500,122823500,182000
95764,chr10,122643500,122782500,139000
95765,chr10,122821500,122926500,105000
95766,chr10,122822500,122912500,90000
95768,chr10,122912500,123032500,120000
95777,chr10,126222500,126367500,145000
95780,chr10,126669500,126705500,36000
95781,chr10,126755500,126853500,98000
95782,chr10,126755500,126867500,112000
95783,chr10,126755500,126893500,138000
95784,chr10,126812500,126897500,85000
95787,chr10,126960500,127006500,46000
95791,chr10,127105500,127144500,39000
95796,chr10,127346500,127392500,46000
95802,chr10,127477500,127571500,94000
95803,chr10,127512500,127774500,262000
95804,chr10,127511500,127844500,333000
95806,chr10,127531500,127569500,38000
95807,chr10,127530500,127773500,243000
95808,chr10,127531500,127844500,313000
95810,chr10,127581500,127745500,164000
95827,chr10,127931500,128067500,136000
95828,chr10,128172500,128291500,119000
95829,chr10,128172500,128382500,210000
95830,chr10,128196500,128291500,95000
95831,chr10,128205500,128331500,126000
95832,chr10,128226500,128321500,95000
95833,chr10,128246500,128383500,137000
95834,chr10,128330500,128383500,53000
95835,chr10,128384500,128462500,78000
95836,chr10,128391500,128447500,56000
95839,chr10,128582500,128726500,144000
95840,chr10,128584500,128640500,56000
95841,chr10,128608500,128731500,123000
95842,chr10,128681500,128731500,50000
95843,chr10,128681500,128812500,131000
95844,chr10,128734500,128813500,79000
95845,chr10,128750500,128813500,63000
95854,chr11,3152500,3240500,88000
95855,chr11,3152500,3282500,130000
95856,chr11,3152500,3298500,146000
95859,chr11,3241500,3283500,42000
95860,chr11,3280500,3403500,123000
95861,chr11,3337500,3403500,66000
95862,chr11,3337500,3464500,127000
95864,chr11,3405500,3755500,350000
95865,chr11,3406500,3464500,58000
95866,chr11,3422500,3864500,442000
95867,chr11,3423500,3755500,332000
95868,chr11,3423500,3829500,406000
95869,chr11,3424500,3481500,57000
95870,chr11,3484500,3754500,270000
95871,chr11,3647500,3736500,89000
95872,chr11,3647500,3755500,108000
95873,chr11,3664500,3736500,72000
95874,chr11,3757500,3829500,72000
95878,chr11,7164500,8089500,925000
95882,chr11,8252500,8354500,102000
95886,chr11,8516500,8809500,293000
95887,chr11,8517500,8704500,187000
95888,chr11,8519500,8554500,35000
95890,chr11,8577500,8809500,232000
95896,chr11,8933500,9086500,153000
95905,chr11,3914500,4045500,131000
95908,chr11,4083500,4372500,289000
95914,chr11,4171500,4207500,36000
95916,chr11,4209500,4401500,192000
95917,chr11,4209500,4475500,266000
95918,chr11,4209500,4722500,513000
95925,chr11,4703500,4787500,84000
95927,chr11,4794500,4835500,41000
95929,chr11,4898500,5010500,112000
95933,chr11,5049500,5394500,345000
95937,chr11,5064500,5235500,171000
95938,chr11,5064500,5402500,338000
95939,chr11,5064500,5425500,361000
95940,chr11,5110500,5423500,313000
95941,chr11,5130500,5402500,272000
95943,chr11,5211500,5395500,184000
95945,chr11,5240500,5351500,111000
95946,chr11,5241500,5402500,161000
95947,chr11,5241500,5423500,182000
95948,chr11,5435500,5487500,52000
95949,chr11,5435500,5691500,256000
95952,chr11,5599500,5835500,236000
95954,chr11,5808500,5901500,93000
95960,chr11,6047500,6137500,90000
95961,chr11,6150500,6217500,67000
95962,chr11,6173500,6211500,38000
95964,chr11,6317500,6362500,45000
95967,chr11,6365500,6425500,60000
95968,chr11,6365500,6476500,111000
95969,chr11,6366500,6496500,130000
95970,chr11,6366500,6575500,209000
95974,chr11,6415500,6472500,57000
95975,chr11,6425500,6496500,71000
95978,chr11,6497500,6575500,78000
95979,chr11,6578500,6719500,141000
95980,chr11,6605500,6718500,113000
95981,chr11,6605500,7111500,506000
95983,chr11,6719500,7111500,392000
95985,chr11,6854500,7090500,236000
95987,chr11,7163500,7373500,210000
95988,chr11,7163500,7482500,319000
95989,chr11,7166500,7287500,121000
95992,chr11,16211500,16362500,151000
95996,chr11,16558500,16899500,341000
95997,chr11,16627500,16899500,272000
95998,chr11,16629500,16818500,189000
95999,chr11,16821500,16897500,76000
96004,chr11,11925500,12490500,565000
96005,chr11,11959500,12500500,541000
96016,chr11,13928500,13982500,54000
96017,chr11,11412500,11635500,223000
96018,chr11,11412500,11759500,347000
96019,chr11,11636500,11758500,122000
96020,chr11,11693500,11925500,232000
96021,chr11,11740500,11924500,184000
96022,chr11,11760500,11831500,71000
96025,chr11,11772500,11896500,124000
96030,chr11,11856500,11918500,62000
96032,chr11,18771500,18974500,203000
96035,chr11,19799500,19870500,71000
96037,chr11,23999500,24257500,258000
96038,chr11,24028500,24153500,125000
96039,chr11,24029500,24256500,227000
96041,chr11,24031500,24282500,251000
96043,chr11,19774500,20082500,308000
96044,chr11,19786500,20062500,276000
96047,chr11,20083500,20164500,81000
96048,chr11,20094500,20149500,55000
96056,chr11,20165500,20351500,186000
96059,chr11,20254500,20641500,387000
96062,chr11,20351500,20640500,289000
96066,chr11,20428500,20589500,161000
96067,chr11,20428500,20491500,63000
96072,chr11,20691500,20863500,172000
96076,chr11,20781500,21040500,259000
96078,chr11,21041500,21208500,167000
96080,chr11,21042500,21189500,147000
96081,chr11,21121500,21188500,67000
96085,chr11,21277500,21417500,140000
96087,chr11,21688500,21901500,213000
96091,chr11,22236500,22568500,332000
96092,chr11,22237500,22462500,225000
96093,chr11,22389500,22567500,178000
96094,chr11,22409500,22566500,157000
96095,chr11,22431500,22564500,133000
96098,chr11,22581500,22935500,354000
96099,chr11,22582500,22960500,378000
96101,chr11,22643500,22907500,264000
96103,chr11,22941500,23446500,505000
96104,chr11,22948500,23398500,450000
96115,chr11,22958500,23447500,489000
96116,chr11,22963500,23075500,112000
96119,chr11,22964500,23099500,135000
96120,chr11,22964500,23133500,169000
96122,chr11,22976500,23184500,208000
96126,chr11,23017500,23072500,55000
96127,chr11,23017500,23206500,189000
96129,chr11,23045500,23206500,161000
96130,chr11,23074500,23205500,131000
96138,chr11,23256500,23447500,191000
96139,chr11,23387500,23516500,129000
96140,chr11,23448500,23515500,67000
96141,chr11,23616500,23845500,229000
96142,chr11,23629500,23773500,144000
96143,chr11,23629500,23728500,99000
96144,chr11,23629500,23805500,176000
96145,chr11,23844500,23904500,60000
96152,chr11,28758500,28884500,126000
96153,chr11,28758500,28991500,233000
96154,chr11,28761500,29085500,324000
96155,chr11,29197500,29322500,125000
96156,chr11,29197500,29476500,279000
96159,chr11,29497500,29665500,168000
96164,chr11,29549500,29641500,92000
96165,chr11,29547500,29664500,117000
96169,chr11,30148500,30218500,70000
96171,chr11,30217500,30599500,382000
96175,chr11,31198500,31564500,366000
96176,chr11,31198500,31588500,390000
96178,chr11,31324500,31565500,241000
96180,chr11,31625500,32054500,429000
96184,chr11,31898500,32056500,158000
96185,chr11,31949500,32082500,133000
96188,chr11,32112500,32273500,161000
96191,chr11,32132500,32291500,159000
96192,chr11,32133500,32538500,405000
96195,chr11,32171500,32217500,46000
96198,chr11,32187500,32272500,85000
96200,chr11,32292500,32436500,144000
96201,chr11,32293500,32582500,289000
96202,chr11,32296500,32402500,106000
96203,chr11,32400500,32583500,183000
96204,chr11,32405500,32482500,77000
96205,chr11,32460500,32538500,78000
96206,chr11,32544500,32659500,115000
96208,chr11,32664500,32907500,243000
96209,chr11,32757500,33047500,290000
96210,chr11,32785500,33096500,311000
96211,chr11,32828500,33097500,269000
96212,chr11,32911500,33048500,137000
96213,chr11,32978500,33096500,118000
96216,chr11,33097500,33152500,55000
96218,chr11,33113500,33463500,350000
96220,chr11,33113500,33152500,39000
96224,chr11,33127500,33525500,398000
96225,chr11,33130500,33595500,465000
96229,chr11,33151500,33463500,312000
96231,chr11,33151500,33563500,412000
96236,chr11,33285500,33564500,279000
96237,chr11,33286500,33503500,217000
96238,chr11,33461500,33563500,102000
96239,chr11,33462500,33498500,36000
96244,chr11,33565500,33671500,106000
96246,chr11,33744500,33867500,123000
96252,chr11,33676500,34024500,348000
96253,chr11,33884500,34023500,139000
96255,chr11,33894500,34163500,269000
96256,chr11,33908500,34162500,254000
96257,chr11,33952500,34023500,71000
96258,chr11,33952500,34162500,210000
96260,chr11,34073500,34288500,215000
96263,chr11,34099500,34162500,63000
96266,chr11,34178500,34687500,509000
96271,chr11,34226500,34287500,61000
96272,chr11,34225500,34685500,460000
96273,chr11,34226500,34705500,479000
96275,chr11,34263500,34704500,441000
96276,chr11,34264500,34596500,332000
96277,chr11,34287500,34705500,418000
96278,chr11,34289500,34685500,396000
96279,chr11,34365500,34704500,339000
96280,chr11,34381500,34688500,307000
96283,chr11,34733500,34995500,262000
96292,chr11,35010500,35557500,547000
96293,chr11,35010500,35584500,574000
96295,chr11,35260500,35297500,37000
96296,chr11,35298500,35557500,259000
96297,chr11,35299500,35341500,42000
96298,chr11,35594500,35892500,298000
96300,chr11,35613500,35891500,278000
96302,chr11,35661500,35871500,210000
96303,chr11,35675500,35892500,217000
96306,chr11,35731500,35872500,141000
96307,chr11,35745500,35891500,146000
96308,chr11,35813500,35890500,77000
96311,chr11,43104500,43238500,134000
96317,chr11,43420500,43476500,56000
96318,chr11,43506500,43572500,66000
96319,chr11,43520500,43571500,51000
96327,chr11,48711500,48744500,33000
96335,chr11,49094500,49134500,40000
96338,chr11,49527500,49849500,322000
96339,chr11,49542500,49760500,218000
96340,chr11,49543500,49736500,193000
96341,chr11,49603500,49736500,133000
96342,chr11,49618500,49715500,97000
96343,chr11,49618500,49760500,142000
96344,chr11,49618500,49851500,233000
96345,chr11,49763500,49852500,89000
96346,chr11,45817500,46107500,290000
96348,chr11,45817500,46166500,349000
96349,chr11,45835500,46146500,311000
96350,chr11,45835500,46166500,331000
96351,chr11,45850500,46106500,256000
96353,chr11,45922500,46019500,97000
96360,chr11,46129500,46321500,192000
96361,chr11,46437500,46518500,81000
96362,chr11,46437500,46540500,103000
96364,chr11,46586500,46634500,48000
96369,chr11,43657500,44222500,565000
96374,chr11,43728500,44102500,374000
96375,chr11,43806500,44221500,415000
96376,chr11,43851500,44223500,372000
96378,chr11,44103500,44221500,118000
96389,chr11,44500500,45036500,536000
96392,chr11,44503500,44696500,193000
96395,chr11,44506500,44755500,249000
96396,chr11,44509500,44637500,128000
96397,chr11,44511500,44575500,64000
96398,chr11,44578500,44636500,58000
96399,chr11,44579500,44656500,77000
96400,chr11,44599500,44654500,55000
96401,chr11,44600500,44637500,37000
96403,chr11,44653500,44755500,102000
96404,chr11,45595500,45684500,89000
96405,chr11,45595500,45774500,179000
96409,chr11,49877500,50005500,128000
96411,chr11,49915500,50022500,107000
96414,chr11,50005500,50255500,250000
96415,chr11,50022500,50124500,102000
96416,chr11,50022500,50252500,230000
96417,chr11,50052500,50255500,203000
96418,chr11,50067500,50099500,32000
96420,chr11,50126500,50252500,126000
96421,chr11,50159500,50256500,97000
96423,chr11,50188500,50274500,86000
96430,chr11,50449500,50580500,131000
96431,chr11,50450500,50659500,209000
96433,chr11,50658500,50944500,286000
96435,chr11,50659500,50923500,264000
96436,chr11,50718500,50822500,104000
96438,chr11,50732500,50778500,46000
96440,chr11,50831500,51025500,194000
96441,chr11,50831500,51104500,273000
96442,chr11,50831500,51179500,348000
96443,chr11,50831500,50923500,92000
96444,chr11,50834500,51056500,222000
96445,chr11,51111500,51153500,42000
96448,chr11,51155500,51475500,320000
96450,chr11,51180500,51338500,158000
96453,chr11,51430500,51572500,142000
96454,chr11,51456500,51572500,116000
96458,chr11,51507500,51676500,169000
96467,chr11,51712500,51745500,33000
96468,chr11,51747500,51858500,111000
96469,chr11,51747500,51892500,145000
96470,chr11,51748500,51989500,241000
96473,chr11,56022500,56198500,176000
96478,chr11,57317500,57358500,41000
96480,chr11,57366500,57518500,152000
96481,chr11,57366500,57614500,248000
96483,chr11,57409500,57692500,283000
96484,chr11,57411500,57667500,256000
96485,chr11,57439500,57518500,79000
96486,chr11,57439500,57597500,158000
96487,chr11,57440500,57638500,198000
96490,chr11,57508500,57668500,160000
96491,chr11,57679500,57712500,33000
96492,chr11,57711500,57809500,98000
96495,chr11,57842500,57989500,147000
96498,chr11,57899500,57994500,95000
96500,chr11,51711500,52235500,524000
96505,chr11,51892500,52122500,230000
96510,chr11,51953500,52110500,157000
96511,chr11,51990500,52122500,132000
96514,chr11,52020500,52235500,215000
96521,chr11,52122500,52174500,52000
96523,chr11,52144500,52235500,91000
96524,chr11,52145500,52188500,43000
96526,chr11,52175500,52232500,57000
96527,chr11,52189500,52234500,45000
96539,chr11,52312500,52409500,97000
96540,chr11,52313500,53037500,724000
96545,chr11,52408500,52924500,516000
96547,chr11,52412500,52522500,110000
96550,chr11,52522500,52652500,130000
96551,chr11,52522500,52922500,400000
96552,chr11,52525500,52625500,100000
96554,chr11,52616500,52923500,307000
96555,chr11,52657500,52922500,265000
96557,chr11,52807500,53145500,338000
96558,chr11,52877500,53145500,268000
96559,chr11,52902500,53145500,243000
96560,chr11,52923500,53145500,222000
96564,chr11,53191500,53321500,130000
96567,chr11,53219500,53293500,74000
96572,chr11,53357500,53597500,240000
96573,chr11,53361500,53519500,158000
96576,chr11,53377500,53474500,97000
96577,chr11,53378500,53517500,139000
96578,chr11,53377500,53627500,250000
96579,chr11,53477500,53517500,40000
96581,chr11,53627500,53740500,113000
96582,chr11,53628500,53764500,136000
96585,chr11,53649500,53740500,91000
96587,chr11,53653500,53693500,40000
96591,chr11,53893500,53945500,52000
96596,chr11,53982500,54148500,166000
96598,chr11,54013500,54146500,133000
96599,chr11,54247500,54369500,122000
96601,chr11,54328500,54413500,85000
96603,chr11,54537500,54753500,216000
96604,chr11,54594500,54767500,173000
96605,chr11,54757500,54847500,90000
96606,chr11,54770500,54930500,160000
96608,chr11,54821500,54930500,109000
96609,chr11,54822500,55050500,228000
96610,chr11,54848500,54925500,77000
96611,chr11,54888500,54977500,89000
96612,chr11,54889500,55277500,388000
96613,chr11,54932500,54977500,45000
96614,chr11,54932500,55276500,344000
96625,chr11,55411500,55664500,253000
96626,chr11,55436500,55882500,446000
96627,chr11,55461500,55680500,219000
96628,chr11,55462500,55882500,420000
96630,chr11,57840500,58031500,191000
96634,chr11,57900500,58060500,160000
96638,chr11,58061500,58220500,159000
96641,chr11,58070500,58241500,171000
96643,chr11,58126500,58242500,116000
96647,chr11,58130500,58221500,91000
96650,chr11,58192500,58531500,339000
96667,chr11,58244500,58478500,234000
96670,chr11,58421500,58471500,50000
96671,chr11,58546500,58633500,87000
96678,chr11,58844500,59054500,210000
96679,chr11,58858500,59188500,330000
96680,chr11,58988500,59102500,114000
96681,chr11,58989500,59043500,54000
96683,chr11,59053500,59095500,42000
96684,chr11,59083500,59118500,35000
96686,chr11,59119500,59397500,278000
96688,chr11,59193500,59460500,267000
96689,chr11,59196500,59396500,200000
96690,chr11,59198500,59340500,142000
96692,chr11,59199500,59257500,58000
96693,chr11,59415500,59505500,90000
96695,chr11,59515500,59669500,154000
96701,chr11,59731500,59937500,206000
96703,chr11,59856500,59967500,111000
96705,chr11,61821500,62139500,318000
96706,chr11,61820500,62172500,352000
96709,chr11,61840500,62019500,179000
96712,chr11,61872500,62169500,297000
96715,chr11,61939500,62017500,78000
96717,chr11,61968500,62140500,172000
96718,chr11,61967500,62171500,204000
96726,chr11,62319500,62495500,176000
96727,chr11,62320500,62387500,67000
96730,chr11,62349500,62385500,36000
96731,chr11,62348500,62402500,54000
96734,chr11,62403500,62494500,91000
96735,chr11,62449500,62491500,42000
96739,chr11,62504500,62584500,80000
96740,chr11,62505500,62539500,34000
96743,chr11,62648500,62770500,122000
96747,chr11,63162500,63346500,184000
96751,chr11,63294500,63708500,414000
96752,chr11,63295500,63684500,389000
96753,chr11,63304500,63346500,42000
96754,chr11,63315500,63659500,344000
96756,chr11,63347500,63424500,77000
96758,chr11,63789500,63845500,56000
96767,chr11,64980500,65019500,39000
96775,chr11,59738500,60066500,328000
96776,chr11,59770500,60184500,414000
96779,chr11,59975500,60230500,255000
96780,chr11,59975500,60183500,208000
96781,chr11,59976500,60086500,110000
96782,chr11,59996500,60030500,34000
96785,chr11,60031500,60066500,35000
96786,chr11,60090500,60198500,108000
96787,chr11,60090500,60303500,213000
96788,chr11,60142500,60198500,56000
96789,chr11,60142500,60303500,161000
96790,chr11,60243500,60305500,62000
96791,chr11,60309500,60428500,119000
96792,chr11,60368500,60427500,59000
96794,chr11,60428500,60668500,240000
96796,chr11,60429500,60590500,161000
96803,chr11,60589500,60770500,181000
96808,chr11,60619500,60667500,48000
96809,chr11,60668500,60769500,101000
96812,chr11,60682500,60983500,301000
96814,chr11,60778500,60982500,204000
96815,chr11,60817500,60982500,165000
96816,chr11,60996500,61036500,40000
96817,chr11,60995500,61083500,88000
96819,chr11,60995500,61237500,242000
96820,chr11,60995500,61278500,283000
96822,chr11,61036500,61395500,359000
96823,chr11,61036500,61301500,265000
96824,chr11,61065500,61300500,235000
96827,chr11,61066500,61384500,318000
96830,chr11,61084500,61279500,195000
96831,chr11,61084500,61300500,216000
96832,chr11,61122500,61300500,178000
96833,chr11,61241500,61278500,37000
96834,chr11,61404500,61605500,201000
96836,chr11,61473500,61509500,36000
96837,chr11,61520500,61631500,111000
96839,chr11,61745500,61820500,75000
96845,chr11,66012500,66762500,750000
96848,chr11,66392500,66762500,370000
96849,chr11,66417500,66790500,373000
96850,chr11,66504500,66762500,258000
96854,chr11,66875500,66911500,36000
96856,chr11,66915500,66991500,76000
96857,chr11,66915500,67238500,323000
96861,chr11,67001500,67348500,347000
96862,chr11,67002500,67265500,263000
96863,chr11,67002500,67566500,564000
96864,chr11,67264500,67322500,58000
96865,chr11,67265500,67567500,302000
96866,chr11,67265500,67539500,274000
96867,chr11,67319500,67566500,247000
96868,chr11,67347500,67539500,192000
96869,chr11,67407500,67566500,159000
96872,chr11,67710500,67814500,104000
96873,chr11,67814500,67856500,42000
96874,chr11,71942500,72097500,155000
96875,chr11,71943500,72035500,92000
96879,chr11,72114500,72231500,117000
96881,chr11,72116500,72156500,40000
96882,chr11,72116500,72426500,310000
96883,chr11,72233500,72320500,87000
96884,chr11,72233500,72426500,193000
96888,chr11,72338500,72455500,117000
96889,chr11,72462500,72685500,223000
96891,chr11,72463500,72704500,241000
96892,chr11,72462500,72816500,354000
96893,chr11,72462500,72874500,412000
96896,chr11,72463500,72614500,151000
96898,chr11,72498500,72686500,188000
96900,chr11,72705500,72875500,170000
96901,chr11,72817500,72874500,57000
96902,chr11,72897500,73022500,125000
96903,chr11,72897500,73097500,200000
96904,chr11,72898500,72930500,32000
96905,chr11,72962500,73097500,135000
96906,chr11,73030500,73091500,61000
96907,chr11,73029500,73172500,143000
96915,chr11,67894500,68121500,227000
96916,chr11,67896500,68278500,382000
96919,chr11,67938500,68298500,360000
96920,chr11,67971500,68122500,151000
96921,chr11,68103500,68298500,195000
96924,chr11,68322500,68449500,127000
96925,chr11,68376500,68480500,104000
96926,chr11,68376500,68697500,321000
96928,chr11,68456500,68765500,309000
96930,chr11,68457500,68698500,241000
96931,chr11,68478500,68615500,137000
96932,chr11,68478500,68697500,219000
96934,chr11,68882500,68922500,40000
96937,chr11,68904500,69013500,109000
96939,chr11,68906500,68952500,46000
96944,chr11,68931500,69013500,82000
96950,chr11,68958500,69041500,83000
96958,chr11,69013500,69305500,292000
96964,chr11,69160500,69263500,103000
96965,chr11,69161500,69404500,243000
96966,chr11,69216500,69258500,42000
96969,chr11,69287500,69471500,184000
96974,chr11,69293500,69372500,79000
96975,chr11,69302500,69494500,192000
96979,chr11,69308500,69437500,129000
96980,chr11,69422500,69466500,44000
96981,chr11,69423500,69608500,185000
96982,chr11,69437500,69505500,68000
96985,chr11,69471500,69606500,135000
96988,chr11,69520500,69608500,88000
96992,chr11,69529500,69568500,39000
96993,chr11,69547500,69607500,60000
96994,chr11,69566500,69633500,67000
96997,chr11,69619500,69823500,204000
96998,chr11,69649500,69811500,162000
97000,chr11,69650500,69728500,78000
97001,chr11,69654500,69767500,113000
97002,chr11,69655500,69694500,39000
97003,chr11,69694500,69727500,33000
97004,chr11,69773500,69840500,67000
97005,chr11,69811500,69887500,76000
97009,chr11,69824500,70000500,176000
97010,chr11,69888500,70129500,241000
97011,chr11,69892500,70104500,212000
97015,chr11,69946500,70000500,54000
97016,chr11,69946500,70103500,157000
97017,chr11,69965500,70001500,36000
97019,chr11,69965500,70069500,104000
97020,chr11,69965500,70103500,138000
97021,chr11,70122500,70225500,103000
97023,chr11,70122500,70200500,78000
97026,chr11,70138500,70199500,61000
97027,chr11,70301500,70544500,243000
97028,chr11,70301500,70560500,259000
97029,chr11,70304500,70350500,46000
97030,chr11,70304500,70667500,363000
97031,chr11,70305500,70497500,192000
97033,chr11,70342500,70545500,203000
97035,chr11,70344500,70398500,54000
97036,chr11,70406500,70667500,261000
97037,chr11,70407500,70496500,89000
97038,chr11,70407500,70515500,108000
97039,chr11,70421500,70496500,75000
97040,chr11,70422500,70646500,224000
97041,chr11,70518500,70668500,150000
97044,chr11,70561500,70646500,85000
97045,chr11,70669500,70707500,38000
97048,chr11,70861500,70910500,49000
97049,chr11,70873500,70910500,37000
97069,chr11,71565500,71929500,364000
97070,chr11,71565500,71738500,173000
97080,chr11,80100500,80269500,169000
97083,chr11,80192500,80269500,77000
97084,chr11,80192500,80367500,175000
97085,chr11,80194500,80243500,49000
97089,chr11,80368500,80670500,302000
97090,chr11,80368500,80708500,340000
97092,chr11,80587500,80708500,121000
97093,chr11,80587500,80764500,177000
97094,chr11,80587500,80808500,221000
97096,chr11,80671500,80709500,38000
97101,chr11,80797500,81254500,457000
97103,chr11,81131500,81353500,222000
97105,chr11,81266500,81367500,101000
97106,chr11,81266500,81473500,207000
97107,chr11,81367500,81425500,58000
97108,chr11,81425500,81504500,79000
97112,chr11,73113500,74262500,1149000
97117,chr11,74269500,74356500,87000
97118,chr11,74293500,74417500,124000
97119,chr11,74540500,74614500,74000
97126,chr11,74661500,74721500,60000
97127,chr11,74684500,74738500,54000
97131,chr11,74721500,74816500,95000
97132,chr11,74722500,74788500,66000
97136,chr11,74788500,75061500,273000
97140,chr11,74816500,75060500,244000
97143,chr11,74837500,75060500,223000
97144,chr11,74873500,75181500,308000
97148,chr11,75070500,75181500,111000
97149,chr11,75070500,75237500,167000
97150,chr11,75071500,75213500,142000
97151,chr11,75085500,75122500,37000
97152,chr11,75083500,75297500,214000
97153,chr11,75084500,75239500,155000
97154,chr11,75084500,75351500,267000
97155,chr11,75196500,75231500,35000
97159,chr11,75404500,75464500,60000
97161,chr11,75522500,75569500,47000
97162,chr11,75544500,75623500,79000
97164,chr11,75570500,75624500,54000
97166,chr11,75605500,75660500,55000
97173,chr11,75686500,75918500,232000
97175,chr11,75700500,75794500,94000
97179,chr11,75861500,76058500,197000
97180,chr11,75978500,76344500,366000
97183,chr11,76108500,76298500,190000
97185,chr11,76144500,76344500,200000
97186,chr11,76144500,76279500,135000
97190,chr11,76347500,76386500,39000
97191,chr11,76398500,76468500,70000
97192,chr11,76397500,76537500,140000
97193,chr11,76415500,76537500,122000
97194,chr11,76416500,76468500,52000
97195,chr11,76431500,76468500,37000
97196,chr11,76545500,76655500,110000
97197,chr11,76546500,76742500,196000
97199,chr11,76546500,76785500,239000
97200,chr11,76567500,76742500,175000
97203,chr11,76568500,76636500,68000
97204,chr11,76680500,76785500,105000
97210,chr11,76887500,77200500,313000
97211,chr11,76990500,77378500,388000
97212,chr11,76991500,77337500,346000
97213,chr11,76991500,77392500,401000
97215,chr11,77024500,77199500,175000
97216,chr11,77025500,77337500,312000
97219,chr11,77106500,77337500,231000
97221,chr11,77382500,77520500,138000
97222,chr11,77382500,77683500,301000
97224,chr11,77384500,77498500,114000
97225,chr11,77383500,77577500,194000
97228,chr11,77398500,77520500,122000
97230,chr11,77405500,77498500,93000
97236,chr11,77612500,77683500,71000
97237,chr11,77628500,77706500,78000
97238,chr11,77628500,77683500,55000
97242,chr11,77654500,77706500,52000
97248,chr11,77950500,78064500,114000
97250,chr11,77951500,78042500,91000
97251,chr11,77993500,78042500,49000
97255,chr11,78080500,78152500,72000
97261,chr11,78249500,78327500,78000
97265,chr11,78408500,78718500,310000
97266,chr11,78426500,78717500,291000
97269,chr11,78449500,78814500,365000
97271,chr11,78451500,78746500,295000
97272,chr11,78451500,78847500,396000
97273,chr11,78477500,78847500,370000
97275,chr11,78729500,78846500,117000
97276,chr11,78747500,78814500,67000
97277,chr11,78760500,78846500,86000
97279,chr11,78857500,79227500,370000
97280,chr11,78859500,78908500,49000
97282,chr11,78921500,79083500,162000
97283,chr11,78939500,79104500,165000
97284,chr11,79115500,79289500,174000
97287,chr11,79145500,79229500,84000
97288,chr11,79297500,79469500,172000
97294,chr11,79548500,79865500,317000
97296,chr11,79583500,79779500,196000
97297,chr11,79601500,79779500,178000
97300,chr11,79884500,79971500,87000
97302,chr11,79891500,79948500,57000
97303,chr11,81831500,82068500,237000
97305,chr11,81874500,82068500,194000
97306,chr11,82126500,82600500,474000
97309,chr11,82127500,82418500,291000
97312,chr11,82503500,82575500,72000
97313,chr11,82637500,82707500,70000
97314,chr11,82654500,82762500,108000
97315,chr11,82654500,82780500,126000
97316,chr11,82671500,82779500,108000
97319,chr11,82762500,82799500,37000
97321,chr11,82806500,82931500,125000
97325,chr11,82881500,82929500,48000
97330,chr11,83165500,83314500,149000
97331,chr11,83193500,83314500,121000
97334,chr11,83334500,83384500,50000
97335,chr11,83448500,83676500,228000
97337,chr11,83676500,83892500,216000
97338,chr11,83676500,83923500,247000
97339,chr11,83693500,83828500,135000
97340,chr11,83706500,83818500,112000
97341,chr11,83723500,83817500,94000
97345,chr11,85737500,86007500,270000
97347,chr11,86092500,86247500,155000
97348,chr11,86092500,86327500,235000
97351,chr11,86093500,86147500,54000
97352,chr11,86147500,86328500,181000
97353,chr11,86147500,86355500,208000
97354,chr11,86148500,86248500,100000
97361,chr11,86459500,86766500,307000
97363,chr11,86575500,86647500,72000
97369,chr11,86629500,86901500,272000
97370,chr11,86649500,86726500,77000
97371,chr11,86648500,86884500,236000
97374,chr11,86678500,86727500,49000
97375,chr11,86728500,86901500,173000
97376,chr11,86729500,86763500,34000
97378,chr11,86797500,86886500,89000
97380,chr11,87105500,87304500,199000
97388,chr11,87342500,87410500,68000
97389,chr11,87342500,87395500,53000
97394,chr11,87859500,87948500,89000
97397,chr11,87877500,87938500,61000
97413,chr11,88143500,88303500,160000
97416,chr11,88303500,88619500,316000
97417,chr11,88303500,88713500,410000
97418,chr11,88320500,88619500,299000
97420,chr11,88320500,88713500,393000
97421,chr11,88389500,88713500,324000
97422,chr11,88404500,88619500,215000
97423,chr11,88474500,88510500,36000
97424,chr11,88510500,88609500,99000
97425,chr11,88515500,88580500,65000
97427,chr11,88620500,88713500,93000
97428,chr11,88739500,88828500,89000
97429,chr11,88754500,88842500,88000
97432,chr11,88881500,88928500,47000
97435,chr11,88885500,88954500,69000
97443,chr11,89029500,89194500,165000
97444,chr11,89056500,89611500,555000
97446,chr11,89134500,89194500,60000
97448,chr11,89437500,89611500,174000
97449,chr11,89437500,89707500,270000
97450,chr11,89880500,89927500,47000
97451,chr11,89880500,89950500,70000
97454,chr11,83959500,84020500,61000
97465,chr11,84155500,84705500,550000
97469,chr11,84321500,84705500,384000
97470,chr11,84320500,84612500,292000
97471,chr11,84320500,84686500,366000
97472,chr11,84391500,84686500,295000
97474,chr11,84404500,84709500,305000
97475,chr11,84416500,84686500,270000
97476,chr11,84416500,84708500,292000
97477,chr11,84510500,84612500,102000
97478,chr11,84537500,84685500,148000
97479,chr11,84642500,84685500,43000
97480,chr11,84709500,84807500,98000
97488,chr11,85031500,85125500,94000
97489,chr11,85031500,85201500,170000
97491,chr11,85059500,85225500,166000
97492,chr11,85060500,85152500,92000
97493,chr11,85061500,85373500,312000
97497,chr11,85126500,85202500,76000
97500,chr11,85202500,85243500,41000
97502,chr11,85273500,85733500,460000
97503,chr11,85408500,85596500,188000
97504,chr11,85409500,85732500,323000
97505,chr11,85597500,85732500,135000
97506,chr11,85739500,85881500,142000
97511,chr11,85755500,85863500,108000
97512,chr11,85755500,85880500,125000
97513,chr11,92925500,92986500,61000
97514,chr11,93363500,93703500,340000
97517,chr11,93442500,93745500,303000
97521,chr11,93860500,93913500,53000
97522,chr11,93927500,93978500,51000
97526,chr11,89927500,90027500,100000
97527,chr11,89956500,90026500,70000
97529,chr11,90140500,90281500,141000
97531,chr11,90529500,90576500,47000
97535,chr11,93859500,94102500,243000
97537,chr11,93860500,94168500,308000
97541,chr11,93978500,94169500,191000
97543,chr11,94023500,94103500,80000
97546,chr11,94052500,94101500,49000
97547,chr11,94169500,94377500,208000
97549,chr11,94198500,94377500,179000
97551,chr11,94295500,94377500,82000
97552,chr11,94526500,94560500,34000
97553,chr11,94621500,94677500,56000
97554,chr11,94622500,94828500,206000
97556,chr11,94676500,94828500,152000
97557,chr11,94723500,94827500,104000
97558,chr11,94759500,94936500,177000
97559,chr11,94830500,94998500,168000
97561,chr11,94831500,94892500,61000
97563,chr11,94869500,95142500,273000
97565,chr11,94912500,95142500,230000
97566,chr11,94914500,94998500,84000
97568,chr11,94937500,95141500,204000
97571,chr11,95007500,95187500,180000
97572,chr11,95009500,95104500,95000
97573,chr11,95009500,95122500,113000
97578,chr11,95173500,95413500,240000
97581,chr11,95202500,95406500,204000
97584,chr11,95288500,95323500,35000
97586,chr11,95314500,95412500,98000
97587,chr11,95424500,95567500,143000
97591,chr11,95718500,95924500,206000
97592,chr11,95718500,95982500,264000
97594,chr11,95719500,95831500,112000
97595,chr11,95866500,95922500,56000
97599,chr11,95985500,96024500,39000
97601,chr11,96036500,96089500,53000
97603,chr11,96066500,96162500,96000
97604,chr11,96066500,96175500,109000
97605,chr11,96067500,96221500,154000
97610,chr11,96169500,96426500,257000
97612,chr11,96170500,96576500,406000
97613,chr11,96169500,96627500,458000
97614,chr11,96170500,96601500,431000
97617,chr11,96191500,96244500,53000
97620,chr11,96194500,96427500,233000
97626,chr11,96209500,96243500,34000
97627,chr11,96301500,96752500,451000
97628,chr11,96425500,96752500,327000
97629,chr11,96444500,96752500,308000
97630,chr11,96513500,96752500,239000
97631,chr11,96672500,96751500,79000
97635,chr11,96757500,96917500,160000
97636,chr11,96758500,96800500,42000
97637,chr11,96758500,96828500,70000
97638,chr11,96758500,96936500,178000
97639,chr11,96758500,96974500,216000
97640,chr11,96758500,97038500,280000
97642,chr11,96806500,96916500,110000
97643,chr11,96807500,96853500,46000
97644,chr11,96807500,96936500,129000
97645,chr11,96809500,96841500,32000
97646,chr11,96873500,96915500,42000
97647,chr11,96873500,96936500,63000
97648,chr11,96874500,96973500,99000
97649,chr11,96992500,97037500,45000
97652,chr11,97090500,97218500,128000
97654,chr11,97171500,97206500,35000
97658,chr11,97249500,97360500,111000
97659,chr11,97299500,97512500,213000
97661,chr11,97323500,97359500,36000
97663,chr11,97380500,97448500,68000
97664,chr11,97380500,97467500,87000
97665,chr11,97380500,97535500,155000
97666,chr11,97399500,97513500,114000
97667,chr11,97423500,97514500,91000
97668,chr11,97519500,97552500,33000
97671,chr11,97534500,97603500,69000
97672,chr11,97552500,97690500,138000
97673,chr11,97553500,97590500,37000
97677,chr11,97591500,97878500,287000
97680,chr11,97635500,97774500,139000
97682,chr11,97654500,97877500,223000
97684,chr11,97671500,97918500,247000
97687,chr11,97684500,97789500,105000
97688,chr11,97774500,97878500,104000
97689,chr11,97791500,97936500,145000
97691,chr11,97790500,97892500,102000
97692,chr11,97828500,97877500,49000
97694,chr11,101810500,102030500,220000
97695,chr11,101877500,102030500,153000
97696,chr11,101993500,102029500,36000
97701,chr11,102189500,102325500,136000
97705,chr11,102333500,102544500,211000
97706,chr11,102377500,102543500,166000
97708,chr11,102630500,102883500,253000
97709,chr11,102664500,102755500,91000
97710,chr11,102664500,102883500,219000
97712,chr11,102666500,102710500,44000
97715,chr11,102791500,103050500,259000
97717,chr11,102993500,103216500,223000
97720,chr11,103007500,103050500,43000
97721,chr11,103124500,103216500,92000
97724,chr11,103224500,103355500,131000
97726,chr11,103250500,103355500,105000
97727,chr11,103250500,103566500,316000
97728,chr11,103253500,103295500,42000
97730,chr11,103312500,103354500,42000
97731,chr11,103530500,103566500,36000
97732,chr11,103664500,103701500,37000
97733,chr11,103654500,104062500,408000
97734,chr11,103664500,104024500,360000
97735,chr11,103844500,104122500,278000
97737,chr11,103878500,104086500,208000
97738,chr11,103879500,104122500,243000
97739,chr11,103880500,104170500,290000
97740,chr11,104023500,104123500,100000
97741,chr11,104180500,104333500,153000
97743,chr11,104206500,104341500,135000
97744,chr11,104206500,104351500,145000
97747,chr11,104480500,104551500,71000
97748,chr11,104481500,104598500,117000
97749,chr11,104481500,104657500,176000
97750,chr11,104481500,104871500,390000
97753,chr11,104657500,104847500,190000
97754,chr11,104658500,104871500,213000
97755,chr11,104659500,104929500,270000
97756,chr11,104912500,105015500,103000
97760,chr11,105183500,105481500,298000
97764,chr11,105238500,105482500,244000
97766,chr11,105253500,105802500,549000
97773,chr11,105835500,105975500,140000
97775,chr11,105856500,105966500,110000
97782,chr11,99304500,100058500,754000
97784,chr11,99354500,100092500,738000
97785,chr11,99355500,100173500,818000
97787,chr11,99896500,100060500,164000
97788,chr11,99950500,100173500,223000
97789,chr11,100060500,100173500,113000
97790,chr11,100091500,100172500,81000
97791,chr11,100111500,100172500,61000
97792,chr11,100111500,100187500,76000
97801,chr11,100317500,100381500,64000
97802,chr11,100403500,100446500,43000
97803,chr11,100418500,100628500,210000
97806,chr11,100512500,100628500,116000
97809,chr11,100518500,100849500,331000
97810,chr11,100537500,100585500,48000
97812,chr11,100628500,100900500,272000
97814,chr11,100634500,100850500,216000
97815,chr11,100652500,100849500,197000
97816,chr11,100653500,100958500,305000
97819,chr11,100784500,100848500,64000
97824,chr11,101021500,101070500,49000
97826,chr11,101102500,101193500,91000
97827,chr11,101103500,101139500,36000
97828,chr11,101206500,101442500,236000
97829,chr11,101238500,101286500,48000
97839,chr11,101653500,101861500,208000
97840,chr11,101732500,101796500,64000
97841,chr11,101877500,101931500,54000
97846,chr11,97922500,98040500,118000
97848,chr11,98045500,98080500,35000
97849,chr11,98051500,98114500,63000
97853,chr11,98155500,98330500,175000
97854,chr11,98156500,98458500,302000
97855,chr11,98156500,98526500,370000
97857,chr11,98218500,98436500,218000
97858,chr11,98233500,98348500,115000
97859,chr11,98234500,98564500,330000
97860,chr11,98446500,98546500,100000
97861,chr11,98445500,98563500,118000
97862,chr11,98497500,98564500,67000
97863,chr11,98590500,98677500,87000
97866,chr11,98625500,98800500,175000
97868,chr11,98750500,98800500,50000
97871,chr11,98813500,99014500,201000
97872,chr11,98813500,99040500,227000
97874,chr11,98867500,99014500,147000
97875,chr11,98869500,99039500,170000
97881,chr11,99080500,99184500,104000
97882,chr11,99080500,99256500,176000
97883,chr11,99141500,99184500,43000
97884,chr11,99202500,99353500,151000
97885,chr11,99202500,99255500,53000
97886,chr11,99270500,99897500,627000
97887,chr11,99270500,99465500,195000
97888,chr11,99304500,99353500,49000
97889,chr11,99356500,99856500,500000
97890,chr11,99356500,99464500,108000
97892,chr11,99356500,99950500,594000
97894,chr11,99438500,99896500,458000
97895,chr11,99439500,99760500,321000
97896,chr11,99439500,99856500,417000
97897,chr11,99464500,99896500,432000
97902,chr11,112498500,112670500,172000
97904,chr11,112674500,112730500,56000
97905,chr11,112674500,112850500,176000
97907,chr11,112701500,113055500,354000
97910,chr11,113066500,113537500,471000
97912,chr11,113068500,113217500,149000
97914,chr11,113188500,113241500,53000
97916,chr11,113188500,113537500,349000
97917,chr11,113292500,113519500,227000
97918,chr11,113389500,113504500,115000
97919,chr11,113540500,113754500,214000
97920,chr11,113541500,113574500,33000
97924,chr11,113575500,113642500,67000
97929,chr11,113641500,113699500,58000
97931,chr11,113757500,113938500,181000
97934,chr11,109981500,110161500,180000
97936,chr11,110260500,110299500,39000
97941,chr11,110428500,111337500,909000
97948,chr11,110788500,110932500,144000
97952,chr11,105818500,106136500,318000
97954,chr11,105975500,106107500,132000
97956,chr11,106084500,106163500,79000
97959,chr11,106107500,106162500,55000
97960,chr11,106148500,106282500,134000
97962,chr11,106165500,106378500,213000
97965,chr11,106193500,106256500,63000
97966,chr11,106193500,106282500,89000
97967,chr11,106220500,106282500,62000
97968,chr11,106308500,106661500,353000
97969,chr11,106309500,106633500,324000
97971,chr11,106382500,106518500,136000
97973,chr11,106392500,106614500,222000
97975,chr11,106404500,106633500,229000
97976,chr11,106429500,106518500,89000
97977,chr11,106570500,106632500,62000
97986,chr11,106890500,107023500,133000
97989,chr11,106997500,107042500,45000
97993,chr11,107025500,107363500,338000
97994,chr11,107054500,107364500,310000
97998,chr11,107166500,107273500,107000
97999,chr11,107190500,107363500,173000
98000,chr11,107213500,107361500,148000
98002,chr11,107402500,107437500,35000
98003,chr11,107402500,107575500,173000
98006,chr11,107699500,107873500,174000
98007,chr11,107700500,107743500,43000
98008,chr11,107754500,107873500,119000
98009,chr11,107791500,107885500,94000
98017,chr11,107918500,108269500,351000
98018,chr11,107916500,108338500,422000
98019,chr11,107919500,108309500,390000
98029,chr11,108339500,108814500,475000
98030,chr11,108339500,109066500,727000
98040,chr11,108745500,109014500,269000
98045,chr11,108816500,109015500,199000
98046,chr11,108816500,109084500,268000
98047,chr11,109135500,109511500,376000
98049,chr11,109190500,109315500,125000
98050,chr11,109189500,109476500,287000
98051,chr11,109208500,109313500,105000
98052,chr11,109208500,109332500,124000
98053,chr11,109222500,109332500,110000
98059,chr11,109316500,109502500,186000
98060,chr11,109317500,109364500,47000
98061,chr11,109364500,109502500,138000
98062,chr11,109364500,109541500,177000
98063,chr11,109502500,109541500,39000
98065,chr11,109542500,109751500,209000
98066,chr11,109846500,109981500,135000
98071,chr11,113755500,114309500,554000
98072,chr11,113756500,114249500,493000
98073,chr11,113757500,114293500,536000
98076,chr11,113962500,114174500,212000
98077,chr11,113962500,114249500,287000
98078,chr11,114096500,114174500,78000
98079,chr11,114096500,114249500,153000
98080,chr11,114252500,114526500,274000
98083,chr11,114341500,114527500,186000
98084,chr11,114414500,114527500,113000
98085,chr11,114414500,114467500,53000
98086,chr11,114414500,114508500,94000
98088,chr11,114540500,114803500,263000
98089,chr11,114703500,114768500,65000
98090,chr11,114749500,114802500,53000
98096,chr11,115051500,115160500,109000
98097,chr11,115052500,115364500,312000
98098,chr11,115116500,115159500,43000
98099,chr11,115213500,115245500,32000
98100,chr11,115249500,115364500,115000
98101,chr11,115249500,115429500,180000
98103,chr11,115374500,115607500,233000
98108,chr11,115477500,115745500,268000
98112,chr11,115523500,115704500,181000
98113,chr11,115525500,115752500,227000
98114,chr11,115537500,115607500,70000
98115,chr11,115544500,115801500,257000
98116,chr11,115599500,115705500,106000
98117,chr11,115613500,115751500,138000
98118,chr11,115613500,115770500,157000
98119,chr11,115613500,115811500,198000
98121,chr11,115707500,115750500,43000
98122,chr11,115750500,115909500,159000
98123,chr11,115789500,115908500,119000
98124,chr11,115811500,115908500,97000
98125,chr11,115811500,115889500,78000
98126,chr11,115830500,115908500,78000
98127,chr11,115921500,115977500,56000
98131,chr11,116030500,116110500,80000
98133,chr11,116032500,116355500,323000
98134,chr11,116117500,116158500,41000
98135,chr11,116117500,116337500,220000
98136,chr11,116209500,116354500,145000
98137,chr11,116243500,116336500,93000
98139,chr11,116392500,116424500,32000
98140,chr11,116391500,116519500,128000
98141,chr11,116445500,116519500,74000
98144,chr11,116533500,116628500,95000
98146,chr11,116584500,116699500,115000
98152,chr11,116731500,116947500,216000
98154,chr11,116775500,116886500,111000
98155,chr11,116776500,116910500,134000
98156,chr11,116775500,117067500,292000
98157,chr11,116776500,116932500,156000
98158,chr11,116808500,116933500,125000
98160,chr11,116809500,116886500,77000
98161,chr11,116972500,117004500,32000
98164,chr11,117158500,117249500,91000
98165,chr11,117258500,117715500,457000
98166,chr11,117260500,117677500,417000
98168,chr11,117275500,117681500,406000
98169,chr11,117277500,117738500,461000
98171,chr11,117305500,117545500,240000
98174,chr11,117600500,117714500,114000
98175,chr11,117651500,117715500,64000
98177,chr11,117764500,117803500,39000
98178,chr11,117779500,117866500,87000
98179,chr11,117803500,117911500,108000
98180,chr11,117804500,117860500,56000
98181,chr11,117804500,117993500,189000
98184,chr11,117974500,118111500,137000
98185,chr11,117975500,118161500,186000
98186,chr11,117995500,118110500,115000
98190,chr11,118314500,118631500,317000
98191,chr11,118351500,118630500,279000
98192,chr11,118380500,118631500,251000
98196,chr11,118461500,118799500,338000
98197,chr11,118464500,118531500,67000
98198,chr11,118525500,118630500,105000
98199,chr11,118800500,118927500,127000
98202,chr11,118800500,118976500,176000
98206,chr11,118942500,119081500,139000
98207,chr11,118944500,119129500,185000
98210,chr11,119161500,119381500,220000
98211,chr11,119162500,119294500,132000
98213,chr11,119190500,119382500,192000
98217,chr11,119196500,119295500,99000
98218,chr11,119230500,119381500,151000
98220,chr11,119255500,119294500,39000
98222,chr11,119296500,119795500,499000
98225,chr11,119382500,119831500,449000
98226,chr11,119437500,119797500,360000
98227,chr11,119492500,119794500,302000
98228,chr11,119802500,119990500,188000
98229,chr11,119826500,119882500,56000
98230,chr11,119904500,119991500,87000
98237,chr11,119800500,120099500,299000
98238,chr11,119802500,120197500,395000
98239,chr11,119833500,120079500,246000
98240,chr11,119833500,120123500,290000
98241,chr11,119903500,120099500,196000
98242,chr11,119904500,120198500,294000
98243,chr11,119921500,120099500,178000
98244,chr11,119921500,120198500,277000
98245,chr11,119958500,120198500,240000
98246,chr11,120002500,120053500,51000
98248,chr11,120079500,120197500,118000
98249,chr11,120100500,120198500,98000
98250,chr11,120126500,120239500,113000
98252,chr11,120240500,120375500,135000
98261,chr11,120380500,120470500,90000
98263,chr11,120387500,120427500,40000
98264,chr11,120406500,120468500,62000
98265,chr11,120406500,120504500,98000
98266,chr11,120406500,120666500,260000
98268,chr11,120471500,120503500,32000
98269,chr11,120471500,120603500,132000
98270,chr11,120471500,120673500,202000
98272,chr11,120472500,120687500,215000
98273,chr11,120523500,120714500,191000
98276,chr11,120611500,120689500,78000
98277,chr11,120612500,121017500,405000
98280,chr11,120690500,120931500,241000
98281,chr11,120715500,120840500,125000
98293,chr11,121348500,121697500,349000
98294,chr11,121366500,121571500,205000
98296,chr11,121521500,121736500,215000
98297,chr11,121544500,121698500,154000
98298,chr11,121543500,121737500,194000
98300,chr11,121564500,121737500,173000
98301,chr11,121570500,121699500,129000
98336,chr12,3286500,3411500,125000
98338,chr12,3286500,3359500,73000
98339,chr12,3302500,3440500,138000
98340,chr12,3312500,3357500,45000
98341,chr12,3359500,3415500,56000
98342,chr12,3359500,3439500,80000
98343,chr12,3359500,3476500,117000
98344,chr12,3622500,3857500,235000
98345,chr12,3655500,3857500,202000
98346,chr12,3712500,3921500,209000
98347,chr12,3858500,3922500,64000
98348,chr12,3857500,3941500,84000
98349,chr12,8041500,8337500,296000
98350,chr12,8110500,8337500,227000
98356,chr12,8403500,8553500,150000
98357,chr12,8552500,8597500,45000
98359,chr12,8691500,8723500,32000
98360,chr12,8724500,8821500,97000
98365,chr12,8749500,9051500,302000
98369,chr12,8813500,9051500,238000
98370,chr12,8970500,9080500,110000
98371,chr12,8972500,9023500,51000
98374,chr12,3857500,4088500,231000
98375,chr12,3925500,4130500,205000
98376,chr12,4009500,4131500,122000
98381,chr12,4181500,4599500,418000
98382,chr12,4182500,4409500,227000
98383,chr12,4182500,4442500,260000
98385,chr12,4214500,4444500,230000
98387,chr12,4261500,4443500,182000
98388,chr12,4284500,4526500,242000
98389,chr12,4284500,4407500,123000
98390,chr12,4408500,4441500,33000
98391,chr12,4408500,4526500,118000
98392,chr12,4511500,4598500,87000
98394,chr12,4642500,4867500,225000
98396,chr12,4643500,4818500,175000
98397,chr12,4643500,4891500,248000
98399,chr12,4821500,4865500,44000
98401,chr12,4907500,4967500,60000
98405,chr12,5192500,5503500,311000
98406,chr12,5241500,5424500,183000
98410,chr12,10648500,11198500,550000
98413,chr12,11103500,11199500,96000
98415,chr12,15586500,16556500,970000
98416,chr12,15585500,16583500,998000
98422,chr12,16618500,16767500,149000
98423,chr12,16619500,16855500,236000
98424,chr12,16692500,16804500,112000
98425,chr12,16692500,16855500,163000
98426,chr12,16768500,17085500,317000
98427,chr12,16768500,16804500,36000
98428,chr12,16768500,16958500,190000
98429,chr12,16859500,16958500,99000
98430,chr12,16902500,16944500,42000
98431,chr12,16944500,17049500,105000
98434,chr12,17069500,17306500,237000
98435,chr12,17106500,17305500,199000
98436,chr12,17469500,17598500,129000
98441,chr12,12225500,12447500,222000
98443,chr12,12227500,12312500,85000
98444,chr12,12228500,12326500,98000
98445,chr12,12313500,12364500,51000
98446,chr12,12373500,12462500,89000
98452,chr12,12630500,13260500,630000
98453,chr12,12672500,12830500,158000
98455,chr12,12673500,13134500,461000
98456,chr12,12732500,12990500,258000
98457,chr12,12758500,12991500,233000
98459,chr12,12834500,13037500,203000
98460,chr12,12835500,12924500,89000
98463,chr12,12854500,12988500,134000
98466,chr12,12924500,12989500,65000
98468,chr12,12994500,13036500,42000
98469,chr12,13060500,13265500,205000
98477,chr12,21160500,21277500,117000
98478,chr12,21160500,21332500,172000
98480,chr12,21161500,21368500,207000
98493,chr12,24622500,24701500,79000
98494,chr12,24622500,24756500,134000
98496,chr12,24701500,24757500,56000
98498,chr12,24703500,25024500,321000
98499,chr12,24758500,24881500,123000
98501,chr12,24759500,25025500,266000
98503,chr12,24762500,25044500,282000
98506,chr12,24790500,25000500,210000
98509,chr12,24832500,24944500,112000
98510,chr12,24880500,25024500,144000
98511,chr12,25141500,25230500,89000
98512,chr12,25141500,25432500,291000
98513,chr12,25144500,25490500,346000
98521,chr12,25654500,25712500,58000
98527,chr12,28700500,28801500,101000
98529,chr12,28725500,28800500,75000
98531,chr12,29726500,29905500,179000
98536,chr12,25141500,26327500,1186000
98537,chr12,25143500,26361500,1218000
98547,chr12,27112500,27190500,78000
98548,chr12,27112500,27391500,279000
98549,chr12,27393500,27439500,46000
98550,chr12,29957500,30090500,133000
98551,chr12,29977500,30090500,113000
98560,chr12,30635500,30961500,326000
98564,chr12,31274500,31314500,40000
98565,chr12,31557500,31799500,242000
98566,chr12,31556500,31976500,420000
98567,chr12,31559500,31945500,386000
98568,chr12,31670500,31976500,306000
98571,chr12,32670500,32947500,277000
98573,chr12,32778500,32876500,98000
98576,chr12,32961500,33076500,115000
98578,chr12,33180500,33320500,140000
98579,chr12,33386500,33429500,43000
98580,chr12,33531500,33673500,142000
98581,chr12,35947500,36045500,98000
98587,chr12,38780500,38828500,48000
98594,chr12,35582500,35881500,299000
98599,chr12,39714500,40124500,410000
98600,chr12,39715500,40067500,352000
98601,chr12,39791500,40047500,256000
98602,chr12,39939500,40048500,109000
98603,chr12,39938500,40087500,149000
98604,chr12,40048500,40086500,38000
98605,chr12,40091500,40214500,123000
98609,chr12,40273500,40496500,223000
98610,chr12,40276500,40731500,455000
98611,chr12,40307500,40865500,558000
98618,chr12,44316500,44375500,59000
98620,chr12,44523500,44594500,71000
98622,chr12,44895500,45234500,339000
98629,chr12,51870500,51930500,60000
98630,chr12,51874500,52050500,176000
98631,chr12,51875500,52018500,143000
98639,chr12,52057500,52684500,627000
98642,chr12,52085500,52685500,600000
98645,chr12,52428500,52650500,222000
98646,chr12,52429500,52550500,121000
98651,chr12,53108500,53294500,186000
98655,chr12,55935500,56103500,168000
98657,chr12,56105500,56587500,482000
98659,chr12,56106500,56287500,181000
98660,chr12,56289500,56587500,298000
98661,chr12,56344500,56581500,237000
98662,chr12,56345500,56392500,47000
98665,chr12,56590500,56637500,47000
98666,chr12,56590500,56683500,93000
98670,chr12,56727500,57277500,550000
98671,chr12,56728500,57063500,335000
98673,chr12,56742500,57145500,403000
98675,chr12,57500500,57561500,61000
98679,chr12,54111500,54536500,425000
98680,chr12,54143500,54575500,432000
98681,chr12,54145500,54592500,447000
98684,chr12,54272500,54359500,87000
98685,chr12,54704500,54739500,35000
98689,chr12,54805500,54871500,66000
98694,chr12,54909500,55032500,123000
98702,chr12,55362500,55673500,311000
98704,chr12,55400500,55612500,212000
98705,chr12,55402500,55545500,143000
98706,chr12,55422500,55546500,124000
98712,chr12,55565500,55611500,46000
98713,chr12,55621500,55672500,51000
98714,chr12,64965500,65011500,46000
98715,chr12,65013500,65121500,108000
98718,chr12,65014500,65159500,145000
98719,chr12,65121500,65160500,39000
98720,chr12,65121500,65218500,97000
98723,chr12,58261500,58314500,53000
98725,chr12,58525500,58630500,105000
98727,chr12,59059500,59178500,119000
98731,chr12,68911500,69135500,224000
98737,chr12,69230500,69407500,177000
98738,chr12,69258500,69344500,86000
98739,chr12,69257500,69406500,149000
98740,chr12,69275500,69344500,69000
98743,chr12,69380500,69622500,242000
98745,chr12,69407500,69728500,321000
98748,chr12,69779500,69940500,161000
98749,chr12,69780500,69986500,206000
98750,chr12,69804500,69986500,182000
98751,chr12,69806500,69939500,133000
98752,chr12,69780500,70108500,328000
98754,chr12,69971500,70109500,138000
98755,chr12,69971500,70191500,220000
98756,chr12,70009500,70109500,100000
98758,chr12,70009500,70281500,272000
98759,chr12,70032500,70191500,159000
98760,chr12,70034500,70159500,125000
98761,chr12,70130500,70192500,62000
98763,chr12,70393500,70498500,105000
98768,chr12,70542500,70699500,157000
98769,chr12,70546500,70720500,174000
98770,chr12,70558500,70958500,400000
98772,chr12,70595500,70957500,362000
98773,chr12,70674500,70959500,285000
98774,chr12,70759500,70955500,196000
98775,chr12,70760500,70820500,60000
98776,chr12,70759500,70872500,113000
98777,chr12,70775500,70957500,182000
98778,chr12,70823500,70871500,48000
98782,chr12,71022500,71183500,161000
98784,chr12,71062500,71183500,121000
98793,chr12,71248500,71625500,377000
98794,chr12,71245500,71753500,508000
98795,chr12,71269500,71755500,486000
98796,chr12,71358500,71624500,266000
98797,chr12,71624500,71753500,129000
98798,chr12,71815500,72046500,231000
98799,chr12,71815500,72059500,244000
98800,chr12,71815500,72116500,301000
98801,chr12,71815500,72291500,476000
98802,chr12,71877500,72095500,218000
98803,chr12,71878500,72057500,179000
98804,chr12,72057500,72130500,73000
98807,chr12,72151500,72291500,140000
98809,chr12,72582500,72697500,115000
98812,chr12,72696500,72735500,39000
98815,chr12,72734500,72780500,46000
98816,chr12,72735500,72807500,72000
98818,chr12,72785500,73020500,235000
98820,chr12,72816500,73024500,208000
98821,chr12,72881500,73022500,141000
98822,chr12,72894500,73021500,127000
98826,chr12,73025500,73564500,539000
98828,chr12,73051500,73594500,543000
98830,chr12,73068500,73166500,98000
98831,chr12,73068500,73564500,496000
98833,chr12,73088500,73593500,505000
98835,chr12,73091500,73333500,242000
98840,chr12,73159500,73496500,337000
98841,chr12,73179500,73498500,319000
98842,chr12,73203500,73496500,293000
98843,chr12,73266500,73497500,231000
98844,chr12,73334500,73563500,229000
98846,chr12,73752500,73953500,201000
98848,chr12,75833500,76062500,229000
98851,chr12,76039500,76178500,139000
98852,chr12,76039500,76235500,196000
98853,chr12,76039500,76388500,349000
98854,chr12,76180500,76237500,57000
98855,chr12,76247500,76336500,89000
98856,chr12,76302500,76416500,114000
98857,chr12,76314500,76387500,73000
98859,chr12,76417500,76450500,33000
98860,chr12,76417500,76580500,163000
98861,chr12,76421500,76520500,99000
98862,chr12,76451500,76580500,129000
98864,chr12,76580500,76757500,177000
98865,chr12,76580500,76868500,288000
98866,chr12,76639500,76877500,238000
98867,chr12,76882500,77058500,176000
98868,chr12,76883500,76977500,94000
98870,chr12,76885500,76963500,78000
98874,chr12,77078500,77309500,231000
98876,chr12,77078500,77615500,537000
98879,chr12,77097500,77615500,518000
98880,chr12,77101500,77714500,613000
98882,chr12,77288500,77615500,327000
98889,chr12,78965500,79308500,343000
98891,chr12,78966500,79092500,126000
98895,chr12,79219500,79343500,124000
98898,chr12,79404500,79991500,587000
98900,chr12,79407500,79806500,399000
98904,chr12,79660500,79899500,239000
98905,chr12,79659500,79935500,276000
98907,chr12,73752500,74036500,284000
98908,chr12,73955500,74011500,56000
98912,chr12,74367500,75222500,855000
98920,chr12,75511500,75676500,165000
98921,chr12,75643500,75716500,73000
98923,chr12,75726500,75819500,93000
98924,chr12,75745500,75820500,75000
98925,chr12,75765500,75817500,52000
98926,chr12,75843500,75965500,122000
98928,chr12,79405500,80156500,751000
98931,chr12,79659500,80156500,497000
98934,chr12,79898500,80159500,261000
98935,chr12,79968500,80179500,211000
98936,chr12,79993500,80155500,162000
98938,chr12,80057500,80158500,101000
98940,chr12,80160500,80196500,36000
98943,chr12,80202500,80508500,306000
98945,chr12,80202500,80629500,427000
98947,chr12,80204500,80454500,250000
98949,chr12,80205500,80655500,450000
98951,chr12,80245500,80436500,191000
98952,chr12,80272500,80304500,32000
98954,chr12,80482500,80566500,84000
98955,chr12,80482500,80689500,207000
98956,chr12,80509500,80690500,181000
98957,chr12,80542500,80686500,144000
98958,chr12,80542500,80655500,113000
98959,chr12,80566500,80673500,107000
98960,chr12,80567500,80689500,122000
98961,chr12,80566500,80805500,239000
98967,chr12,80837500,80992500,155000
98974,chr12,81031500,81246500,215000
98978,chr12,81071500,81228500,157000
98979,chr12,81208500,81449500,241000
98980,chr12,81230500,81448500,218000
98982,chr12,81531500,81579500,48000
98984,chr12,81579500,81641500,62000
98985,chr12,81642500,81830500,188000
98986,chr12,81843500,81987500,144000
98999,chr12,89640500,89675500,35000
99001,chr12,83799500,84110500,311000
99002,chr12,83995500,84108500,113000
99003,chr12,84018500,84108500,90000
99004,chr12,84072500,84139500,67000
99005,chr12,84208500,84323500,115000
99006,chr12,84210500,84273500,63000
99008,chr12,84589500,84636500,47000
99009,chr12,84636500,84923500,287000
99010,chr12,84701500,84802500,101000
99012,chr12,84831500,85034500,203000
99013,chr12,84922500,85189500,267000
99016,chr12,85190500,85351500,161000
99018,chr12,85216500,85352500,136000
99020,chr12,85339500,85538500,199000
99022,chr12,85421500,85501500,80000
99029,chr12,85543500,85775500,232000
99030,chr12,85554500,85728500,174000
99031,chr12,85578500,85694500,116000
99033,chr12,85578500,85709500,131000
99035,chr12,85870500,86127500,257000
99037,chr12,85894500,86157500,263000
99038,chr12,85913500,86126500,213000
99045,chr12,86071500,86126500,55000
99047,chr12,86179500,86480500,301000
99048,chr12,86346500,86661500,315000
99049,chr12,86391500,86662500,271000
99050,chr12,86449500,86661500,212000
99051,chr12,86479500,86661500,182000
99057,chr12,86689500,87099500,410000
99058,chr12,86761500,87064500,303000
99059,chr12,86762500,87045500,283000
99060,chr12,86762500,87099500,337000
99061,chr12,86763500,87023500,260000
99062,chr12,86814500,87100500,286000
99063,chr12,86815500,87045500,230000
99064,chr12,86818500,86953500,135000
99065,chr12,86817500,86970500,153000
99066,chr12,86817500,86991500,174000
99067,chr12,86841500,87022500,181000
99068,chr12,86843500,86952500,109000
99069,chr12,86843500,86991500,148000
99071,chr12,86871500,86930500,59000
99072,chr12,86917500,86952500,35000
99073,chr12,86917500,86991500,74000
99074,chr12,86931500,86992500,61000
99075,chr12,86952500,86991500,39000
99076,chr12,87294500,87382500,88000
99085,chr12,82136500,82339500,203000
99086,chr12,82136500,82502500,366000
99093,chr12,82567500,83065500,498000
99094,chr12,82568500,82994500,426000
99096,chr12,82634500,83064500,430000
99097,chr12,83118500,83547500,429000
99099,chr12,83158500,83490500,332000
99100,chr12,83162500,83471500,309000
99102,chr12,83566500,83734500,168000
99106,chr12,83735500,83816500,81000
99107,chr12,83761500,83817500,56000
99108,chr12,83761500,83980500,219000
99109,chr12,83797500,83981500,184000
99117,chr12,91350500,91555500,205000
99120,chr12,91367500,91782500,415000
99121,chr12,91388500,91766500,378000
99123,chr12,91556500,91651500,95000
99125,chr12,91556500,91814500,258000
99127,chr12,91591500,91783500,192000
99128,chr12,91607500,91756500,149000
99129,chr12,91607500,91782500,175000
99130,chr12,91845500,91979500,134000
99131,chr12,98225500,98592500,367000
99133,chr12,98641500,98683500,42000
99134,chr12,98641500,98712500,71000
99141,chr12,99530500,99850500,320000
99142,chr12,99851500,100075500,224000
99143,chr12,99900500,100072500,172000
99144,chr12,99919500,100072500,153000
99150,chr12,100131500,100387500,256000
99151,chr12,100133500,100305500,172000
99154,chr12,100134500,100166500,32000
99155,chr12,100150500,100260500,110000
99156,chr12,100150500,100305500,155000
99157,chr12,100150500,100447500,297000
99159,chr12,100166500,100487500,321000
99161,chr12,100167500,100305500,138000
99162,chr12,100168500,100387500,219000
99164,chr12,100500500,100691500,191000
99165,chr12,100545500,100891500,346000
99166,chr12,100572500,100808500,236000
99167,chr12,100605500,100806500,201000
99170,chr12,100902500,100996500,94000
99171,chr12,100921500,100996500,75000
99187,chr12,101089500,101780500,691000
99193,chr12,101782500,101905500,123000
99197,chr12,104228500,104384500,156000
99200,chr12,104407500,104778500,371000
99201,chr12,104427500,104512500,85000
99204,chr12,104441500,104728500,287000
99205,chr12,104709500,104903500,194000
99206,chr12,104730500,104867500,137000
99208,chr12,104918500,105070500,152000
99209,chr12,104918500,105140500,222000
99210,chr12,104919500,104951500,32000
99214,chr12,104993500,105155500,162000
99215,chr12,104993500,105394500,401000
99216,chr12,104994500,105141500,147000
99217,chr12,104998500,105189500,191000
99218,chr12,104999500,105303500,304000
99219,chr12,105017500,105070500,53000
99220,chr12,105017500,105096500,79000
99221,chr12,105017500,105155500,138000
99222,chr12,105018500,105224500,206000
99224,chr12,105040500,105095500,55000
99229,chr12,105141500,105392500,251000
99230,chr12,105155500,105392500,237000
99231,chr12,105190500,105225500,35000
99232,chr12,105189500,105303500,114000
99233,chr12,105233500,105289500,56000
99234,chr12,105253500,105451500,198000
99235,chr12,105399500,105449500,50000
99236,chr12,105464500,105551500,87000
99237,chr12,105464500,105577500,113000
99239,chr12,105552500,105690500,138000
99242,chr12,105604500,105691500,87000
99246,chr12,105651500,105751500,100000
99254,chr12,105805500,105839500,34000
99255,chr12,105821500,105929500,108000
99256,chr12,105840500,105929500,89000
99258,chr12,101906500,102353500,447000
99260,chr12,101929500,102353500,424000
99263,chr12,101942500,102434500,492000
99264,chr12,101959500,102147500,188000
99267,chr12,102020500,102352500,332000
99268,chr12,102021500,102149500,128000
99269,chr12,102021500,102312500,291000
99270,chr12,102115500,102313500,198000
99271,chr12,102114500,102352500,238000
99272,chr12,102148500,102313500,165000
99274,chr12,102149500,102351500,202000
99275,chr12,102313500,102428500,115000
99277,chr12,102358500,102700500,342000
99280,chr12,102436500,102723500,287000
99282,chr12,102436500,102709500,273000
99286,chr12,102451500,102685500,234000
99287,chr12,102451500,102699500,248000
99288,chr12,102467500,102686500,219000
99290,chr12,102467500,102722500,255000
99291,chr12,102489500,102700500,211000
99292,chr12,102490500,102541500,51000
99293,chr12,102490500,102685500,195000
99295,chr12,102545500,102699500,154000
99296,chr12,102607500,102667500,60000
99298,chr12,102648500,102684500,36000
99301,chr12,102671500,102724500,53000
99302,chr12,102720500,103030500,310000
99303,chr12,102725500,102843500,118000
99307,chr12,102852500,103030500,178000
99309,chr12,102927500,103031500,104000
99310,chr12,103109500,103289500,180000
99311,chr12,103109500,103314500,205000
99312,chr12,103208500,103291500,83000
99313,chr12,103292500,103334500,42000
99314,chr12,103356500,103390500,34000
99315,chr12,103391500,103498500,107000
99317,chr12,103461500,103608500,147000
99325,chr12,105803500,106023500,220000
99326,chr12,105949500,106022500,73000
99327,chr12,105977500,106140500,163000
99328,chr12,106098500,106344500,246000
99329,chr12,106106500,106140500,34000
99332,chr12,107653500,107963500,310000
99333,chr12,107882500,107945500,63000
99335,chr12,107973500,108087500,114000
99336,chr12,108008500,108127500,119000
99337,chr12,108145500,108241500,96000
99338,chr12,108145500,108300500,155000
99339,chr12,108242500,108300500,58000
99340,chr12,108242500,108520500,278000
99342,chr12,108274500,108460500,186000
99344,chr12,108298500,108460500,162000
99345,chr12,108300500,108520500,220000
99347,chr12,108389500,108456500,67000
99348,chr12,108521500,108759500,238000
99350,chr12,108623500,108722500,99000
99351,chr12,108654500,108723500,69000
99354,chr12,108760500,108859500,99000
99355,chr12,108761500,108802500,41000
99358,chr12,108903500,109279500,376000
99359,chr12,108920500,109279500,359000
99360,chr12,108988500,109280500,292000
99361,chr12,109010500,109280500,270000
99364,chr12,109466500,109507500,41000
99365,chr12,109579500,109716500,137000
99371,chr12,109920500,110339500,419000
99372,chr12,109960500,110364500,404000
99376,chr12,109997500,110340500,343000
99377,chr12,109997500,110364500,367000
99379,chr12,110212500,110364500,152000
99380,chr12,110246500,110316500,70000
99385,chr12,110384500,110849500,465000
99387,chr12,110385500,110567500,182000
99388,chr12,110385500,110828500,443000
99389,chr12,110386500,110455500,69000
99390,chr12,110404500,110641500,237000
99391,chr12,110412500,110704500,292000
99394,chr12,110413500,110810500,397000
99395,chr12,110422500,110490500,68000
99396,chr12,110420500,110641500,221000
99397,chr12,110421500,110456500,35000
99399,chr12,110564500,110641500,77000
99400,chr12,110564500,110693500,129000
99403,chr12,110598500,110657500,59000
99407,chr12,110642500,110809500,167000
99409,chr12,110751500,110808500,57000
99410,chr12,110855500,111005500,150000
99412,chr12,110944500,111005500,61000
99413,chr12,110944500,111131500,187000
99415,chr12,111005500,111131500,126000
99417,chr12,111131500,111343500,212000
99418,chr12,111132500,111240500,108000
99419,chr12,111241500,111450500,209000
99420,chr12,111343500,111504500,161000
99423,chr12,111392500,111425500,33000
99424,chr12,111392500,111447500,55000
99425,chr12,111392500,111470500,78000
99427,chr12,111505500,111637500,132000
99428,chr12,111620500,111663500,43000
99429,chr12,111619500,111699500,80000
99430,chr12,111620500,111817500,197000
99432,chr12,111635500,111817500,182000
99433,chr12,111689500,111817500,128000
99434,chr12,111689500,111842500,153000
99435,chr12,111705500,111844500,139000
99436,chr12,111705500,111967500,262000
99437,chr12,111746500,111817500,71000
99438,chr12,111747500,111966500,219000
99451,chr12,112044500,112106500,62000
99453,chr12,112111500,112274500,163000
99457,chr12,112111500,112417500,306000
99458,chr12,112111500,112478500,367000
99460,chr12,112112500,112586500,474000
99464,chr12,112275500,112508500,233000
99465,chr12,112378500,112508500,130000
99466,chr12,112440500,112509500,69000
99467,chr12,112518500,112572500,54000
99468,chr12,112519500,112590500,71000
99470,chr12,112620500,112673500,53000
99471,chr12,112620500,112707500,87000
99473,chr12,112641500,112688500,47000
99474,chr12,112688500,112792500,104000
99475,chr12,112688500,112893500,205000
99476,chr12,112713500,112837500,124000
99477,chr12,112763500,112837500,74000
99478,chr12,112764500,112807500,43000
99481,chr12,112792500,112964500,172000
99484,chr12,112841500,112891500,50000
99485,chr12,112892500,112977500,85000
99486,chr12,112892500,113062500,170000
99487,chr12,112892500,113119500,227000
99489,chr12,112965500,113064500,99000
99490,chr12,112964500,113104500,140000
99491,chr12,112978500,113061500,83000
99493,chr12,113109500,113150500,41000
99496,chr12,113184500,113542500,358000
99514,chr12,116013500,116166500,153000
99518,chr12,116998500,117267500,269000
99519,chr12,116999500,117093500,94000
99520,chr12,117095500,117291500,196000
99521,chr12,117096500,117266500,170000
99522,chr12,117096500,117316500,220000
99535,chr12,117367500,117497500,130000
99537,chr12,117367500,117731500,364000
99539,chr12,117390500,117486500,96000
99540,chr12,117390500,117547500,157000
99541,chr12,117391500,117730500,339000
99542,chr12,117412500,117497500,85000
99543,chr12,117412500,117649500,237000
99544,chr12,117414500,117729500,315000
99545,chr12,117497500,117647500,150000
99546,chr12,117534500,117729500,195000
99555,chr12,118163500,118262500,99000
99587,chr13,4160500,4331500,171000
99590,chr13,5507500,5552500,45000
99592,chr13,5853500,5910500,57000
99593,chr13,6343500,6521500,178000
99594,chr13,6599500,6697500,98000
99599,chr13,6668500,6738500,70000
99600,chr13,8794500,8831500,37000
99601,chr13,8921500,9045500,124000
99606,chr13,9232500,9517500,285000
99607,chr13,9233500,9875500,642000
99608,chr13,9246500,9686500,440000
99610,chr13,9327500,9359500,32000
99615,chr13,14129500,14237500,108000
99624,chr13,14845500,15934500,1089000
99625,chr13,15570500,15638500,68000
99628,chr13,11945500,12121500,176000
99629,chr13,11947500,12191500,244000
99631,chr13,12191500,12273500,82000
99632,chr13,12192500,12410500,218000
99633,chr13,12355500,12408500,53000
99634,chr13,12411500,12475500,64000
99642,chr13,17943500,17976500,33000
99644,chr13,10965500,11224500,259000
99649,chr13,11081500,11113500,32000
99651,chr13,17979500,18118500,139000
99655,chr13,18031500,18118500,87000
99659,chr13,18661500,18760500,99000
99664,chr13,19577500,19812500,235000
99669,chr13,22039500,22178500,139000
99674,chr13,22066500,22214500,148000
99687,chr13,22158500,22212500,54000
99697,chr13,23470500,23584500,114000
99709,chr13,23621500,23689500,68000
99710,chr13,23633500,23685500,52000
99716,chr13,23718500,23758500,40000
99723,chr13,23770500,23804500,34000
99724,chr13,23768500,23881500,113000
99726,chr13,23815500,23880500,65000
99727,chr13,23868500,23922500,54000
99728,chr13,23883500,23934500,51000
99732,chr13,19883500,20456500,573000
99735,chr13,19883500,20476500,593000
99738,chr13,20223500,20476500,253000
99739,chr13,20224500,20275500,51000
99740,chr13,20301500,20367500,66000
99745,chr13,20483500,21121500,638000
99746,chr13,20483500,21218500,735000
99748,chr13,20496500,20656500,160000
99751,chr13,20784500,21121500,337000
99753,chr13,21002500,21122500,120000
99754,chr13,21125500,21326500,201000
99756,chr13,21354500,21407500,53000
99759,chr13,21355500,21461500,106000
99761,chr13,21462500,21508500,46000
99763,chr13,21546500,21691500,145000
99764,chr13,21547500,21586500,39000
99765,chr13,21546500,21638500,92000
99768,chr13,21587500,21690500,103000
99771,chr13,21902500,21970500,68000
99772,chr13,21903500,21936500,33000
99779,chr13,23976500,24502500,526000
99782,chr13,24017500,24502500,485000
99786,chr13,24123500,24447500,324000
99787,chr13,24126500,24378500,252000
99788,chr13,24127500,24503500,376000
99789,chr13,24177500,24464500,287000
99793,chr13,24600500,24897500,297000
99794,chr13,24665500,24897500,232000
99796,chr13,24683500,24871500,188000
99797,chr13,24703500,24800500,97000
99798,chr13,24703500,24871500,168000
99799,chr13,24722500,24781500,59000
99805,chr13,25122500,25299500,177000
99807,chr13,25208500,25299500,91000
99808,chr13,25208500,25328500,120000
99810,chr13,25240500,25298500,58000
99813,chr13,30041500,30137500,96000
99815,chr13,30169500,30252500,83000
99816,chr13,30277500,30409500,132000
99824,chr13,31178500,31802500,624000
99825,chr13,31265500,31816500,551000
99827,chr13,31266500,31743500,477000
99830,chr13,31372500,31802500,430000
99831,chr13,31391500,31801500,410000
99832,chr13,31537500,31802500,265000
99839,chr13,32071500,32140500,69000
99842,chr13,32497500,32595500,98000
99844,chr13,33087500,33149500,62000
99848,chr13,33743500,34004500,261000
99849,chr13,34141500,34179500,38000
99850,chr13,34230500,34368500,138000
99851,chr13,34262500,34314500,52000
99853,chr13,34294500,34336500,42000
99855,chr13,34371500,34788500,417000
99858,chr13,34827500,34911500,84000
99860,chr13,34925500,35048500,123000
99861,chr13,34926500,34978500,52000
99862,chr13,34979500,35048500,69000
99874,chr13,35957500,36131500,174000
99881,chr13,37619500,37961500,342000
99883,chr13,37637500,37961500,324000
99884,chr13,37638500,37699500,61000
99888,chr13,37618500,38128500,510000
99890,chr13,37619500,38010500,391000
99891,chr13,37619500,38150500,531000
99893,chr13,37634500,38177500,543000
99894,chr13,37637500,38150500,513000
99895,chr13,37638500,38010500,372000
99896,chr13,37637500,38039500,402000
99897,chr13,37638500,38128500,490000
99900,chr13,37651500,38149500,498000
99901,chr13,37665500,38148500,483000
99902,chr13,37704500,38150500,446000
99903,chr13,37704500,38128500,424000
99904,chr13,37728500,38147500,419000
99905,chr13,37961500,38038500,77000
99907,chr13,38033500,38149500,116000
99908,chr13,38154500,38209500,55000
99912,chr13,38178500,38220500,42000
99920,chr13,38248500,38420500,172000
99922,chr13,38249500,38389500,140000
99924,chr13,38336500,38388500,52000
99926,chr13,38529500,38711500,182000
99927,chr13,38711500,38843500,132000
99928,chr13,38712500,38819500,107000
99932,chr13,38874500,38949500,75000
99935,chr13,39609500,40903500,1294000
99940,chr13,40048500,40901500,853000
99942,chr13,40076500,40902500,826000
99944,chr13,40771500,40901500,130000
99946,chr13,40772500,40887500,115000
99947,chr13,40802500,40885500,83000
99950,chr13,40939500,40974500,35000
99951,chr13,40997500,41202500,205000
99952,chr13,41000500,41153500,153000
99953,chr13,40997500,41313500,316000
99955,chr13,41005500,41040500,35000
99956,chr13,41005500,41070500,65000
99958,chr13,41022500,41070500,48000
99959,chr13,41022500,41097500,75000
99961,chr13,41040500,41154500,114000
99967,chr13,41239500,41311500,72000
99969,chr13,41299500,41374500,75000
99972,chr13,41403500,41759500,356000
99973,chr13,41406500,41726500,320000
99976,chr13,41437500,41725500,288000
99977,chr13,41455500,41787500,332000
99978,chr13,41727500,41788500,61000
99980,chr13,44018500,44362500,344000
99981,chr13,44018500,44459500,441000
99987,chr13,44444500,45106500,662000
99988,chr13,44444500,45130500,686000
99989,chr13,44712500,44884500,172000
99990,chr13,44735500,44886500,151000
99991,chr13,44788500,44887500,99000
99993,chr13,44958500,45132500,174000
99996,chr13,45159500,45630500,471000
100000,chr13,45318500,45596500,278000
100001,chr13,45394500,45595500,201000
100002,chr13,45400500,45458500,58000
100003,chr13,45692500,45725500,33000
100004,chr13,45692500,45791500,99000
100009,chr13,41863500,42205500,342000
100011,chr13,41899500,42299500,400000
100013,chr13,42328500,42452500,124000
100014,chr13,42329500,42627500,298000
100016,chr13,42351500,42627500,276000
100017,chr13,42350500,42742500,392000
100018,chr13,42352500,42454500,102000
100019,chr13,42455500,42626500,171000
100020,chr13,42742500,42944500,202000
100021,chr13,42743500,42976500,233000
100022,chr13,42763500,42945500,182000
100023,chr13,42972500,43247500,275000
100028,chr13,43336500,43458500,122000
100029,chr13,43353500,43474500,121000
100032,chr13,43552500,43634500,82000
100033,chr13,43634500,43713500,79000
100035,chr13,43714500,43769500,55000
100036,chr13,43719500,43893500,174000
100037,chr13,43732500,43879500,147000
100038,chr13,43732500,43892500,160000
100039,chr13,43749500,43892500,143000
100043,chr13,45837500,46084500,247000
100044,chr13,45849500,46084500,235000
100045,chr13,46118500,46167500,49000
100046,chr13,46438500,46800500,362000
100048,chr13,46465500,46795500,330000
100050,chr13,46572500,46817500,245000
100051,chr13,46666500,46818500,152000
100057,chr13,46834500,46867500,33000
100066,chr13,46963500,47196500,233000
100067,chr13,46986500,47442500,456000
100068,chr13,47006500,47170500,164000
100069,chr13,47082500,47130500,48000
100070,chr13,47082500,47196500,114000
100071,chr13,47233500,47380500,147000
100074,chr13,47276500,47441500,165000
100076,chr13,47456500,47694500,238000
100077,chr13,47502500,47691500,189000
100080,chr13,47796500,48070500,274000
100081,chr13,47795500,48617500,822000
100085,chr13,47820500,48617500,797000
100090,chr13,48169500,48390500,221000
100094,chr13,48391500,48617500,226000
100101,chr13,48699500,48816500,117000
100103,chr13,48725500,48794500,69000
100104,chr13,48807500,49271500,464000
100105,chr13,48808500,49152500,344000
100106,chr13,48808500,49175500,367000
100107,chr13,48818500,49300500,482000
100109,chr13,48827500,49151500,324000
100110,chr13,48883500,49151500,268000
100111,chr13,48885500,49176500,291000
100112,chr13,48886500,48954500,68000
100113,chr13,48960500,49174500,214000
100114,chr13,49007500,49150500,143000
100115,chr13,49024500,49300500,276000
100116,chr13,49122500,49167500,45000
100117,chr13,49121500,49341500,220000
100118,chr13,49175500,49325500,150000
100120,chr13,49370500,49574500,204000
100121,chr13,49444500,49534500,90000
100122,chr13,49602500,49727500,125000
100133,chr13,51103500,51368500,265000
100134,chr13,51103500,51578500,475000
100137,chr13,51345500,51571500,226000
100138,chr13,51365500,51570500,205000
100139,chr13,51457500,51570500,113000
100140,chr13,51722500,51771500,49000
100142,chr13,51806500,51882500,76000
100143,chr13,51806500,51948500,142000
100147,chr13,51809500,51841500,32000
100148,chr13,51814500,51971500,157000
100149,chr13,51858500,51970500,112000
100156,chr13,51994500,52291500,297000
100158,chr13,51995500,52405500,410000
100160,chr13,51996500,52176500,180000
100161,chr13,52000500,52216500,216000
100166,chr13,52131500,52377500,246000
100169,chr13,52408500,52614500,206000
100170,chr13,52408500,52630500,222000
100171,chr13,52408500,52648500,240000
100172,chr13,52408500,52689500,281000
100173,chr13,52408500,52780500,372000
100174,chr13,52408500,52806500,398000
100176,chr13,52408500,52823500,415000
100178,chr13,52429500,52611500,182000
100179,chr13,52430500,52647500,217000
100180,chr13,52429500,52688500,259000
100181,chr13,52429500,52719500,290000
100182,chr13,52429500,52780500,351000
100184,chr13,52729500,52777500,48000
100187,chr13,52812500,53172500,360000
100189,chr13,52831500,53138500,307000
100190,chr13,52866500,53171500,305000
100191,chr13,52866500,53250500,384000
100192,chr13,52866500,52986500,120000
100194,chr13,53004500,53136500,132000
100195,chr13,53064500,53134500,70000
100196,chr13,53138500,53250500,112000
100197,chr13,53174500,53250500,76000
100198,chr13,53173500,53510500,337000
100201,chr13,53273500,53440500,167000
100203,chr13,53274500,53388500,114000
100206,chr13,53334500,53438500,104000
100207,chr13,53347500,53437500,90000
100209,chr13,53389500,53438500,49000
100210,chr13,53461500,53579500,118000
100211,chr13,53462500,53510500,48000
100212,chr13,53548500,53918500,370000
100215,chr13,53597500,53821500,224000
100216,chr13,53616500,53842500,226000
100217,chr13,53616500,53918500,302000
100218,chr13,53617500,53747500,130000
100221,chr13,53932500,54266500,334000
100225,chr13,53966500,54209500,243000
100228,chr13,54268500,54303500,35000
100229,chr13,54268500,54381500,113000
100230,chr13,54268500,54475500,207000
100231,chr13,54327500,54524500,197000
100232,chr13,54328500,54396500,68000
100233,chr13,54402500,54473500,71000
100234,chr13,54520500,54595500,75000
100235,chr13,54617500,54834500,217000
100236,chr13,54651500,54834500,183000
100237,chr13,54714500,54768500,54000
100239,chr13,54738500,54834500,96000
100240,chr13,54771500,54834500,63000
100249,chr13,54864500,54944500,80000
100250,chr13,54864500,55205500,341000
100253,chr13,54906500,55248500,342000
100255,chr13,54938500,55249500,311000
100256,chr13,54948500,55071500,123000
100257,chr13,54947500,55113500,166000
100259,chr13,55250500,55357500,107000
100260,chr13,55282500,55326500,44000
100267,chr13,55476500,55540500,64000
100269,chr13,55553500,55684500,131000
100270,chr13,55566500,55618500,52000
100272,chr13,55625500,55663500,38000
100273,chr13,55625500,55682500,57000
100274,chr13,55749500,55788500,39000
100276,chr13,55816500,55991500,175000
100278,chr13,55861500,56110500,249000
100283,chr13,56117500,56299500,182000
100284,chr13,56316500,56576500,260000
100285,chr13,56346500,56391500,45000
100290,chr13,56427500,56621500,194000
100292,chr13,56623500,56883500,260000
100295,chr13,56624500,56789500,165000
100298,chr13,56649500,56907500,258000
100299,chr13,56669500,56850500,181000
100300,chr13,56708500,56789500,81000
100301,chr13,56850500,56901500,51000
100303,chr13,56954500,57172500,218000
100304,chr13,56955500,57102500,147000
100307,chr13,57429500,57623500,194000
100310,chr13,57626500,57993500,367000
100311,chr13,57870500,57993500,123000
100319,chr13,63816500,64185500,369000
100320,chr13,63843500,64242500,399000
100321,chr13,63866500,64182500,316000
100323,chr13,63963500,64117500,154000
100324,chr13,64000500,64184500,184000
100325,chr13,64074500,64183500,109000
100326,chr13,64186500,64240500,54000
100333,chr13,64329500,64396500,67000
100334,chr13,64353500,64454500,101000
100337,chr13,64423500,64580500,157000
100338,chr13,64465500,64513500,48000
100343,chr13,65324500,65434500,110000
100344,chr13,65389500,65426500,37000
100349,chr13,62934500,63003500,69000
100350,chr13,63067500,63504500,437000
100351,chr13,63194500,63505500,311000
100354,chr13,63579500,63714500,135000
100356,chr13,63660500,63710500,50000
100357,chr13,63677500,63712500,35000
100359,chr13,63715500,63963500,248000
100360,chr13,63719500,63867500,148000
100362,chr13,59988500,60324500,336000
100366,chr13,60035500,60461500,426000
100367,chr13,60036500,60481500,445000
100369,chr13,60037500,60575500,538000
100374,chr13,60303500,60616500,313000
100376,chr13,60701500,60888500,187000
100378,chr13,61289500,61325500,36000
100380,chr13,57624500,58056500,432000
100382,chr13,57915500,58056500,141000
100383,chr13,58127500,58194500,67000
100385,chr13,58160500,58193500,33000
100386,chr13,58180500,58263500,83000
100389,chr13,58276500,58363500,87000
100390,chr13,58276500,58422500,146000
100393,chr13,58307500,58381500,74000
100394,chr13,58307500,58435500,128000
100395,chr13,58307500,58691500,384000
100397,chr13,58336500,58380500,44000
100400,chr13,58401500,58534500,133000
100401,chr13,58401500,58691500,290000
100402,chr13,58401500,58704500,303000
100403,chr13,58422500,58507500,85000
100404,chr13,58459500,58534500,75000
100405,chr13,58507500,58549500,42000
100408,chr13,58510500,58690500,180000
100413,chr13,58739500,58781500,42000
100418,chr13,58786500,59513500,727000
100420,chr13,58952500,59513500,561000
100422,chr13,58953500,59285500,332000
100423,chr13,58953500,59329500,376000
100424,chr13,58996500,59165500,169000
100426,chr13,58996500,59359500,363000
100429,chr13,59582500,59876500,294000
100430,chr13,59663500,59876500,213000
100431,chr13,59679500,59876500,197000
100433,chr13,59705500,59918500,213000
100434,chr13,59733500,59970500,237000
100436,chr13,59735500,59804500,69000
100437,chr13,59757500,59877500,120000
100438,chr13,59783500,59876500,93000
100440,chr13,59823500,59875500,52000
100441,chr13,59838500,59876500,38000
100442,chr13,59918500,59969500,51000
100454,chr13,68745500,69609500,864000
100459,chr13,69149500,69634500,485000
100465,chr13,69657500,69803500,146000
100466,chr13,69682500,69760500,78000
100469,chr13,69683500,69852500,169000
100471,chr13,69702500,69759500,57000
100477,chr13,69887500,69957500,70000
100479,chr13,67209500,67256500,47000
100481,chr13,67256500,67452500,196000
100488,chr13,67479500,67602500,123000
100489,chr13,67508500,67600500,92000
100492,chr13,67599500,67632500,33000
100517,chr13,70273500,70336500,63000
100520,chr13,70791500,71112500,321000
100521,chr13,71112500,71150500,38000
100527,chr13,73336500,73458500,122000
100528,chr13,73412500,73476500,64000
100530,chr13,73478500,73615500,137000
100531,chr13,73495500,73752500,257000
100532,chr13,73532500,73653500,121000
100533,chr13,73573500,73861500,288000
100534,chr13,73662500,73795500,133000
100535,chr13,73661500,73862500,201000
100537,chr13,73795500,73861500,66000
100543,chr13,78131500,78349500,218000
100544,chr13,78312500,78344500,32000
100565,chr13,81011500,81303500,292000
100566,chr13,81029500,81518500,489000
100567,chr13,81031500,81573500,542000
100570,chr13,81035500,81070500,35000
100572,chr13,81588500,81789500,201000
100574,chr13,81790500,81908500,118000
100578,chr13,81859500,81931500,72000
100581,chr13,73912500,74085500,173000
100583,chr13,74075500,74458500,383000
100584,chr13,74086500,74157500,71000
100586,chr13,74157500,74210500,53000
100589,chr13,74490500,74584500,94000
100591,chr13,74547500,74610500,63000
100600,chr13,74788500,74943500,155000
100606,chr13,75374500,75992500,618000
100608,chr13,75376500,75915500,539000
100611,chr13,75857500,75913500,56000
100624,chr13,90989500,91034500,45000
100625,chr13,91018500,91071500,53000
100627,chr13,91115500,91607500,492000
100629,chr13,91115500,91784500,669000
100630,chr13,91116500,91241500,125000
100632,chr13,91372500,91518500,146000
100633,chr13,91612500,91784500,172000
100634,chr13,91957500,92006500,49000
100636,chr13,92056500,92491500,435000
100637,chr13,92056500,92649500,593000
100640,chr13,92491500,92562500,71000
100641,chr13,92491500,92666500,175000
100642,chr13,92563500,92620500,57000
100643,chr13,92621500,92666500,45000
100644,chr13,93123500,93280500,157000
100645,chr13,93184500,93379500,195000
100650,chr13,93538500,93857500,319000
100652,chr13,93930500,94197500,267000
100654,chr13,93965500,94255500,290000
100655,chr13,93966500,94196500,230000
100656,chr13,93991500,94196500,205000
100657,chr13,93991500,94254500,263000
100658,chr13,94163500,94195500,32000
100659,chr13,94197500,94343500,146000
100660,chr13,94198500,94311500,113000
100661,chr13,94225500,94342500,117000
100662,chr13,94422500,94495500,73000
100670,chr13,94733500,94843500,110000
100672,chr13,94784500,94841500,57000
100674,chr13,94980500,95076500,96000
100675,chr13,95113500,95484500,371000
100677,chr13,95203500,95423500,220000
100678,chr13,95205500,95483500,278000
100679,chr13,95386500,95483500,97000
100680,chr13,95437500,95482500,45000
100681,chr13,95463500,95510500,47000
100685,chr13,95699500,96108500,409000
100686,chr13,95754500,96028500,274000
100687,chr13,95876500,96087500,211000
100688,chr13,95914500,96028500,114000
100689,chr13,96136500,96510500,374000
100693,chr13,96167500,96525500,358000
100697,chr13,96543500,96730500,187000
100698,chr13,96679500,96807500,128000
100702,chr13,97206500,97273500,67000
100710,chr13,97373500,97657500,284000
100711,chr13,97374500,97724500,350000
100713,chr13,97378500,97571500,193000
100715,chr13,97420500,97570500,150000
100716,chr13,97492500,97623500,131000
100717,chr13,97638500,97723500,85000
100718,chr13,97641500,97743500,102000
100719,chr13,97660500,97743500,83000
100722,chr13,103910500,104246500,336000
100723,chr13,103939500,104185500,246000
100743,chr13,97638500,98073500,435000
100744,chr13,97659500,98074500,415000
100745,chr13,97725500,98074500,349000
100747,chr13,98076500,98376500,300000
100748,chr13,98077500,98176500,99000
100749,chr13,98167500,98343500,176000
100750,chr13,98168500,98359500,191000
100753,chr13,98434500,98697500,263000
100754,chr13,98434500,98725500,291000
100755,chr13,98435500,98635500,200000
100756,chr13,98453500,98490500,37000
100759,chr13,98490500,98724500,234000
100760,chr13,98490500,98527500,37000
100761,chr13,98490500,98709500,219000
100763,chr13,98528500,98639500,111000
100764,chr13,98640500,98724500,84000
100765,chr13,98738500,98863500,125000
100769,chr13,98994500,99471500,477000
100770,chr13,99004500,99230500,226000
100773,chr13,99028500,99061500,33000
100774,chr13,99027500,99229500,202000
100775,chr13,99063500,99111500,48000
100778,chr13,99074500,99139500,65000
100779,chr13,99073500,99197500,124000
100781,chr13,99113500,99153500,40000
100782,chr13,99113500,99174500,61000
100783,chr13,99113500,99227500,114000
100784,chr13,99154500,99228500,74000
100785,chr13,99491500,99651500,160000
100787,chr13,99512500,99975500,463000
100794,chr13,101869500,102801500,932000
100795,chr13,102814500,103044500,230000
100796,chr13,102815500,103062500,247000
100797,chr13,102976500,103032500,56000
100798,chr13,103119500,103245500,126000
100801,chr13,103310500,103555500,245000
100803,chr13,103332500,103780500,448000
100806,chr13,99996500,100120500,124000
100813,chr13,100247500,100750500,503000
100814,chr13,100248500,100592500,344000
100824,chr13,100629500,100688500,59000
100826,chr13,100923500,100968500,45000
100830,chr13,101904500,101937500,33000
100834,chr13,107107500,107238500,131000
100835,chr13,107251500,107319500,68000
100838,chr13,107596500,107911500,315000
100843,chr13,107737500,108027500,290000
100844,chr13,107811500,108025500,214000
100846,chr13,107967500,108026500,59000
100847,chr13,108295500,108350500,55000
100849,chr13,108327500,108466500,139000
100850,chr13,108351500,108453500,102000
100851,chr13,108504500,109348500,844000
100857,chr13,109480500,109654500,174000
100858,chr13,109694500,109873500,179000
100862,chr13,109764500,109910500,146000
100863,chr13,109780500,109821500,41000
100864,chr13,109916500,109959500,43000
100865,chr13,109915500,109975500,60000
100869,chr13,109912500,110042500,130000
100871,chr13,109913500,110176500,263000
100873,chr13,110059500,110176500,117000
100880,chr13,111558500,111879500,321000
100884,chr13,111601500,111907500,306000
100885,chr13,111617500,111879500,262000
100887,chr13,111627500,111822500,195000
100893,chr13,111688500,111823500,135000
100895,chr13,111712500,111823500,111000
100900,chr13,111907500,112398500,491000
100901,chr13,111924500,112349500,425000
100907,chr13,112408500,112646500,238000
100909,chr13,112445500,112666500,221000
100911,chr13,112445500,112646500,201000
100912,chr13,112491500,112599500,108000
100914,chr13,112551500,112599500,48000
100916,chr13,112606500,112642500,36000
100921,chr13,112810500,113131500,321000
100923,chr13,112811500,113017500,206000
100927,chr13,112937500,113064500,127000
100928,chr13,112937500,113123500,186000
100929,chr13,113046500,113173500,127000
100930,chr13,113063500,113123500,60000
100932,chr13,113458500,113755500,297000
100933,chr13,113458500,113777500,319000
100936,chr13,113566500,113754500,188000
100937,chr13,113830500,113930500,100000
100940,chr13,113932500,113995500,63000
100944,chr13,120151500,120252500,101000
100948,chr13,118539500,119515500,976000
100949,chr13,118540500,119500500,960000
100951,chr13,117337500,117447500,110000
100952,chr13,117338500,117426500,88000
100955,chr13,113829500,114001500,172000
100956,chr13,113913500,114000500,87000
100958,chr13,114013500,114212500,199000
100959,chr13,114014500,114419500,405000
100961,chr13,114015500,114448500,433000
100962,chr13,114017500,114163500,146000
100965,chr13,114266500,114596500,330000
100966,chr13,114415500,114595500,180000
100967,chr13,114434500,114594500,160000
100970,chr13,114596500,114929500,333000
100972,chr13,114968500,115067500,99000
100975,chr14,4139500,4230500,91000
100978,chr14,4302500,5066500,764000
100980,chr14,4543500,4809500,266000
100981,chr14,4564500,4810500,246000
100988,chr14,7564500,7605500,41000
100990,chr14,8370500,8486500,116000
100991,chr14,8551500,9138500,587000
100992,chr14,8553500,8674500,121000
100994,chr14,8568500,9113500,545000
100998,chr14,9271500,9362500,91000
101002,chr14,14123500,14249500,126000
101003,chr14,14123500,14169500,46000
101004,chr14,14153500,14250500,97000
101005,chr14,14154500,14377500,223000
101006,chr14,14214500,14376500,162000
101007,chr14,14253500,14468500,215000
101008,chr14,14255500,14293500,38000
101009,chr14,14294500,14413500,119000
101010,chr14,14294500,14516500,222000
101012,chr14,14424500,14471500,47000
101018,chr14,13150500,13227500,77000
101019,chr14,9938500,10072500,134000
101020,chr14,9938500,10125500,187000
101021,chr14,9938500,10149500,211000
101022,chr14,10128500,10184500,56000
101023,chr14,10132500,10260500,128000
101024,chr14,10329500,10890500,561000
101025,chr14,10330500,10913500,583000
101027,chr14,10359500,10913500,554000
101031,chr14,19755500,19888500,133000
101036,chr14,19805500,19847500,42000
101039,chr14,19753500,20145500,392000
101043,chr14,19826500,20118500,292000
101045,chr14,19871500,20117500,246000
101049,chr14,19910500,20038500,128000
101051,chr14,19991500,20116500,125000
101061,chr14,20164500,20284500,120000
101063,chr14,20398500,20438500,40000
101064,chr14,20440500,20691500,251000
101065,chr14,20443500,20596500,153000
101067,chr14,20530500,20711500,181000
101068,chr14,20530500,20595500,65000
101069,chr14,20530500,20690500,160000
101070,chr14,20596500,20691500,95000
101071,chr14,20596500,20711500,115000
101072,chr14,20596500,20724500,128000
101073,chr14,20626500,20722500,96000
101074,chr14,20626500,20849500,223000
101075,chr14,20691500,20723500,32000
101078,chr14,20753500,20844500,91000
101080,chr14,20773500,20923500,150000
101081,chr14,20786500,20843500,57000
101082,chr14,20816500,20849500,33000
101083,chr14,20844500,20979500,135000
101084,chr14,20844500,21101500,257000
101085,chr14,20854500,21042500,188000
101086,chr14,20854500,21068500,214000
101087,chr14,20979500,21102500,123000
101092,chr14,21102500,21799500,697000
101096,chr14,21170500,21792500,622000
101097,chr14,21171500,21901500,730000
101098,chr14,21186500,21864500,678000
101102,chr14,21267500,21431500,164000
101103,chr14,21304500,21793500,489000
101105,chr14,21481500,21792500,311000
101106,chr14,21536500,21570500,34000
101110,chr14,21801500,21881500,80000
101111,chr14,21863500,21901500,38000
101117,chr14,22019500,22628500,609000
101120,chr14,22035500,22858500,823000
101122,chr14,22036500,22334500,298000
101132,chr14,23096500,23451500,355000
101134,chr14,23316500,23450500,134000
101135,chr14,23633500,23730500,97000
101136,chr14,24118500,24182500,64000
101137,chr14,24182500,24324500,142000
101148,chr14,25378500,25607500,229000
101149,chr14,25609500,25662500,53000
101153,chr14,25833500,25884500,51000
101155,chr14,25906500,25979500,73000
101159,chr14,29750500,30181500,431000
101160,chr14,29830500,30239500,409000
101164,chr14,29859500,30094500,235000
101165,chr14,29950500,30177500,227000
101167,chr14,30254500,30297500,43000
101168,chr14,30264500,30422500,158000
101169,chr14,30271500,30437500,166000
101170,chr14,30312500,30604500,292000
101171,chr14,30348500,30437500,89000
101172,chr14,30437500,30673500,236000
101173,chr14,30589500,30666500,77000
101175,chr14,30673500,30739500,66000
101176,chr14,30674500,30721500,47000
101177,chr14,30673500,30851500,178000
101178,chr14,30723500,30851500,128000
101179,chr14,30741500,30927500,186000
101182,chr14,30852500,30928500,76000
101183,chr14,30852500,30973500,121000
101184,chr14,30852500,31058500,206000
101185,chr14,30859500,30895500,36000
101186,chr14,30928500,30973500,45000
101187,chr14,30993500,31046500,53000
101190,chr14,31108500,31158500,50000
101192,chr14,31241500,31326500,85000
101195,chr14,31378500,31675500,297000
101196,chr14,31379500,31779500,400000
101197,chr14,31516500,31779500,263000
101199,chr14,31552500,31620500,68000
101201,chr14,31677500,31778500,101000
101203,chr14,31808500,31881500,73000
101209,chr14,25907500,26098500,191000
101212,chr14,26026500,26180500,154000
101213,chr14,26026500,26097500,71000
101214,chr14,26026500,26216500,190000
101215,chr14,26098500,26180500,82000
101216,chr14,26211500,26299500,88000
101217,chr14,26211500,26361500,150000
101218,chr14,26212500,26324500,112000
101219,chr14,26255500,26391500,136000
101220,chr14,26256500,26300500,44000
101222,chr14,26390500,26692500,302000
101229,chr14,26507500,26695500,188000
101230,chr14,26710500,26744500,34000
101231,chr14,26711500,26819500,108000
101234,chr14,26908500,27194500,286000
101236,chr14,26910500,27163500,253000
101237,chr14,26912500,26968500,56000
101239,chr14,26974500,27162500,188000
101240,chr14,27060500,27135500,75000
101241,chr14,27060500,27162500,102000
101242,chr14,27283500,27465500,182000
101246,chr14,27344500,27461500,117000
101247,chr14,27345500,27394500,49000
101258,chr14,29419500,29662500,243000
101262,chr14,31990500,32194500,204000
101263,chr14,32042500,32234500,192000
101267,chr14,32255500,32682500,427000
101268,chr14,32292500,32754500,462000
101271,chr14,32333500,32522500,189000
101272,chr14,32351500,32682500,331000
101274,chr14,32936500,33042500,106000
101278,chr14,32937500,32969500,32000
101280,chr14,33042500,33168500,126000
101284,chr14,33417500,33635500,218000
101285,chr14,33417500,33656500,239000
101287,chr14,33681500,33795500,114000
101288,chr14,33681500,33827500,146000
101291,chr14,33803500,33930500,127000
101292,chr14,33828500,33957500,129000
101293,chr14,40587500,40692500,105000
101294,chr14,40614500,40689500,75000
101295,chr14,40700500,40755500,55000
101296,chr14,40850500,40884500,34000
101298,chr14,36588500,36674500,86000
101299,chr14,36589500,36659500,70000
101300,chr14,36820500,36854500,34000
101301,chr14,33802500,34292500,490000
101302,chr14,33804500,34086500,282000
101303,chr14,33828500,34123500,295000
101304,chr14,33910500,34123500,213000
101305,chr14,33912500,34086500,174000
101306,chr14,33955500,34124500,169000
101311,chr14,34123500,34292500,169000
101313,chr14,34156500,34291500,135000
101314,chr14,34180500,34292500,112000
101315,chr14,34181500,34271500,90000
101316,chr14,34184500,34222500,38000
101317,chr14,34224500,34270500,46000
101318,chr14,34271500,34494500,223000
101319,chr14,34337500,34540500,203000
101321,chr14,34338500,34474500,136000
101322,chr14,34339500,34457500,118000
101323,chr14,34340500,34395500,55000
101324,chr14,34340500,34442500,102000
101326,chr14,34396500,34491500,95000
101336,chr14,34545500,34879500,334000
101337,chr14,34546500,34832500,286000
101344,chr14,45565500,45786500,221000
101349,chr14,45626500,45685500,59000
101351,chr14,45630500,45733500,103000
101352,chr14,45637500,45784500,147000
101353,chr14,45661500,45707500,46000
101357,chr14,45767500,45895500,128000
101358,chr14,45789500,45839500,50000
101359,chr14,45788500,45928500,140000
101360,chr14,45805500,45838500,33000
101362,chr14,45804500,46010500,206000
101363,chr14,45895500,46009500,114000
101368,chr14,46230500,46941500,711000
101379,chr14,47026500,47120500,94000
101382,chr14,47059500,47121500,62000
101390,chr14,47516500,47769500,253000
101392,chr14,47536500,47655500,119000
101397,chr14,47572500,47791500,219000
101399,chr14,47591500,47633500,42000
101400,chr14,47591500,47771500,180000
101402,chr14,47657500,47808500,151000
101403,chr14,47657500,47771500,114000
101404,chr14,47658500,47709500,51000
101405,chr14,47710500,47769500,59000
101413,chr14,47988500,48408500,420000
101415,chr14,48020500,48091500,71000
101417,chr14,48607500,48759500,152000
101423,chr14,48762500,49016500,254000
101424,chr14,48819500,49126500,307000
101425,chr14,48857500,49128500,271000
101427,chr14,48891500,48990500,99000
101428,chr14,48892500,48946500,54000
101429,chr14,48906500,49016500,110000
101437,chr14,52140500,52284500,144000
101438,chr14,52140500,52317500,177000
101439,chr14,52140500,52575500,435000
101442,chr14,52258500,52341500,83000
101443,chr14,52283500,52316500,33000
101446,chr14,52360500,52432500,72000
101448,chr14,52398500,52450500,52000
101449,chr14,52434500,52494500,60000
101452,chr14,52533500,52576500,43000
101462,chr14,51039500,51301500,262000
101464,chr14,51041500,51327500,286000
101466,chr14,51061500,51299500,238000
101469,chr14,51168500,51327500,159000
101470,chr14,51264500,51300500,36000
101472,chr14,51341500,51478500,137000
101479,chr14,54044500,54297500,253000
101483,chr14,54329500,54390500,61000
101484,chr14,54466500,54598500,132000
101485,chr14,54466500,54814500,348000
101487,chr14,54465500,54939500,474000
101488,chr14,54466500,54566500,100000
101489,chr14,54466500,54652500,186000
101490,chr14,54468500,54701500,233000
101493,chr14,54652500,54813500,161000
101499,chr14,54792500,54832500,40000
101500,chr14,54792500,54878500,86000
101502,chr14,54889500,54923500,34000
101505,chr14,54950500,55098500,148000
101506,chr14,54951500,55072500,121000
101507,chr14,54951500,55250500,299000
101509,chr14,55080500,55176500,96000
101510,chr14,55081500,55336500,255000
101511,chr14,55102500,55250500,148000
101512,chr14,55114500,55252500,138000
101516,chr14,55138500,55176500,38000
101520,chr14,55264500,55316500,52000
101528,chr14,55357500,55795500,438000
101529,chr14,55357500,55695500,338000
101530,chr14,55358500,55399500,41000
101531,chr14,55359500,55676500,317000
101532,chr14,55385500,55677500,292000
101533,chr14,55386500,55452500,66000
101535,chr14,55387500,55766500,379000
101537,chr14,55401500,55674500,273000
101539,chr14,55452500,55676500,224000
101541,chr14,55509500,55696500,187000
101542,chr14,55735500,55794500,59000
101545,chr14,55798500,55983500,185000
101546,chr14,55909500,56137500,228000
101547,chr14,55919500,56156500,237000
101549,chr14,56005500,56155500,150000
101553,chr14,56112500,56155500,43000
101556,chr14,56365500,56541500,176000
101557,chr14,56613500,56705500,92000
101561,chr14,56640500,57016500,376000
101567,chr14,56810500,56905500,95000
101570,chr14,56906500,57015500,109000
101574,chr14,57016500,57048500,32000
101575,chr14,57016500,57124500,108000
101578,chr14,57071500,57122500,51000
101579,chr14,57125500,57296500,171000
101583,chr14,57330500,57600500,270000
101584,chr14,57329500,57646500,317000
101585,chr14,57330500,57582500,252000
101587,chr14,57345500,57552500,207000
101588,chr14,57346500,57583500,237000
101589,chr14,57346500,57599500,253000
101590,chr14,57346500,57644500,298000
101591,chr14,57388500,57599500,211000
101592,chr14,57610500,57645500,35000
101593,chr14,57770500,57857500,87000
101594,chr14,57771500,57807500,36000
101597,chr14,63783500,64052500,269000
101600,chr14,64108500,64307500,199000
101601,chr14,64128500,64308500,180000
101602,chr14,64129500,64285500,156000
101603,chr14,64178500,64285500,107000
101604,chr14,64364500,64691500,327000
101605,chr14,64364500,64776500,412000
101607,chr14,64439500,64777500,338000
101608,chr14,64441500,64759500,318000
101609,chr14,64546500,64776500,230000
101610,chr14,64547500,64691500,144000
101611,chr14,64618500,64691500,73000
101613,chr14,64678500,64827500,149000
101616,chr14,64862500,65263500,401000
101618,chr14,64863500,65101500,238000
101619,chr14,64864500,64962500,98000
101620,chr14,64866500,64935500,69000
101624,chr14,65187500,65387500,200000
101625,chr14,65334500,65500500,166000
101626,chr14,65336500,65386500,50000
101627,chr14,65501500,65595500,94000
101628,chr14,65502500,65581500,79000
101629,chr14,65565500,65747500,182000
101630,chr14,65566500,65836500,270000
101632,chr14,65581500,65619500,38000
101634,chr14,65620500,65830500,210000
101635,chr14,65654500,65747500,93000
101636,chr14,65654500,65811500,157000
101637,chr14,65654500,65835500,181000
101644,chr14,59888500,60252500,364000
101647,chr14,60045500,60167500,122000
101648,chr14,60115500,60180500,65000
101649,chr14,60181500,60252500,71000
101654,chr14,60503500,60616500,113000
101655,chr14,60559500,60688500,129000
101660,chr14,60932500,61008500,76000
101663,chr14,61009500,61531500,522000
101664,chr14,61009500,61350500,341000
101670,chr14,61080500,61323500,243000
101672,chr14,61131500,61323500,192000
101673,chr14,61220500,61283500,63000
101674,chr14,61350500,61531500,181000
101675,chr14,61380500,61532500,152000
101676,chr14,61410500,61532500,122000
101678,chr14,61568500,61768500,200000
101679,chr14,61597500,61793500,196000
101680,chr14,61597500,61677500,80000
101681,chr14,61677500,61793500,116000
101682,chr14,61794500,61836500,42000
101685,chr14,61839500,61883500,44000
101690,chr14,61885500,61921500,36000
101691,chr14,61887500,61974500,87000
101694,chr14,61925500,61973500,48000
101697,chr14,57965500,58091500,126000
101698,chr14,57983500,58035500,52000
101699,chr14,57983500,58128500,145000
101700,chr14,57983500,58148500,165000
101702,chr14,58046500,58147500,101000
101703,chr14,58046500,58113500,67000
101704,chr14,58064500,58127500,63000
101707,chr14,58087500,58147500,60000
101712,chr14,58236500,58310500,74000
101722,chr14,59604500,59793500,189000
101723,chr14,59627500,59826500,199000
101724,chr14,59705500,59828500,123000
101725,chr14,59705500,59840500,135000
101733,chr14,61808500,62464500,656000
101734,chr14,61809500,62571500,762000
101737,chr14,61837500,62276500,439000
101740,chr14,61924500,62033500,109000
101745,chr14,61973500,62275500,302000
101746,chr14,62139500,62489500,350000
101749,chr14,62279500,62489500,210000
101750,chr14,62279500,62695500,416000
101752,chr14,62490500,62571500,81000
101755,chr14,62730500,63176500,446000
101757,chr14,62818500,63074500,256000
101760,chr14,63216500,63608500,392000
101761,chr14,63288500,63609500,321000
101763,chr14,63313500,63410500,97000
101765,chr14,63360500,63430500,70000
101771,chr14,63595500,63772500,177000
101774,chr14,63781500,63844500,63000
101775,chr14,63844500,63918500,74000
101777,chr14,69971500,70071500,100000
101778,chr14,70092500,70436500,344000
101779,chr14,70092500,70539500,447000
101780,chr14,70099500,70258500,159000
101782,chr14,70099500,70314500,215000
101784,chr14,70231500,70312500,81000
101785,chr14,70258500,70333500,75000
101789,chr14,70385500,70540500,155000
101790,chr14,70431500,70540500,109000
101791,chr14,70432500,70649500,217000
101792,chr14,70650500,70776500,126000
101793,chr14,70759500,70881500,122000
101794,chr14,70786500,71006500,220000
101798,chr14,70859500,71004500,145000
101799,chr14,70897500,71004500,107000
101800,chr14,70920500,71007500,87000
101807,chr14,72947500,73084500,137000
101808,chr14,72947500,73220500,273000
101809,chr14,73343500,73518500,175000
101810,chr14,73343500,73540500,197000
101812,chr14,73345500,73472500,127000
101813,chr14,73381500,73473500,92000
101814,chr14,73380500,73563500,183000
101815,chr14,73562500,73747500,185000
101816,chr14,73622500,73711500,89000
101820,chr14,67953500,68127500,174000
101821,chr14,67998500,68125500,127000
101822,chr14,68045500,68182500,137000
101823,chr14,68045500,68172500,127000
101825,chr14,68102500,68171500,69000
101827,chr14,68127500,68170500,43000
101830,chr14,68230500,68371500,141000
101831,chr14,68288500,68320500,32000
101833,chr14,68306500,68388500,82000
101834,chr14,68321500,68362500,41000
101843,chr14,65834500,66205500,371000
101845,chr14,65904500,66016500,112000
101848,chr14,66083500,66205500,122000
101849,chr14,66109500,66225500,116000
101850,chr14,66339500,66520500,181000
101851,chr14,66386500,66519500,133000
101854,chr14,66563500,67029500,466000
101855,chr14,66596500,67027500,431000
101856,chr14,66616500,67000500,384000
101857,chr14,66628500,66999500,371000
101858,chr14,66628500,67022500,394000
101860,chr14,66676500,67020500,344000
101864,chr14,66874500,67023500,149000
101865,chr14,67029500,67191500,162000
101866,chr14,67106500,67148500,42000
101867,chr14,67106500,67246500,140000
101868,chr14,67214500,67426500,212000
101869,chr14,67246500,67308500,62000
101873,chr14,67283500,67424500,141000
101875,chr14,67309500,67426500,117000
101877,chr14,67448500,67858500,410000
101878,chr14,67449500,67837500,388000
101881,chr14,67487500,67858500,371000
101882,chr14,67486500,67836500,350000
101883,chr14,67486500,67912500,426000
101884,chr14,67605500,67786500,181000
101885,chr14,67607500,67857500,250000
101886,chr14,67684500,67858500,174000
101887,chr14,67685500,67786500,101000
101895,chr14,74971500,75185500,214000
101897,chr14,74977500,75228500,251000
101899,chr14,75025500,75188500,163000
101901,chr14,75302500,75368500,66000
101903,chr14,75433500,75686500,253000
101905,chr14,75466500,75878500,412000
101908,chr14,75547500,75877500,330000
101909,chr14,75887500,75959500,72000
101910,chr14,75906500,75959500,53000
101919,chr14,78294500,78525500,231000
101931,chr14,78865500,79343500,478000
101932,chr14,78866500,79374500,508000
101935,chr14,78922500,78959500,37000
101936,chr14,78972500,79010500,38000
101943,chr14,79629500,79823500,194000
101944,chr14,79629500,79718500,89000
101954,chr14,79750500,79975500,225000
101959,chr14,75887500,76001500,114000
101962,chr14,76005500,76066500,61000
101971,chr14,76137500,76314500,177000
101972,chr14,76319500,76389500,70000
101973,chr14,76319500,76709500,390000
101976,chr14,76358500,76710500,352000
101978,chr14,76373500,76710500,337000
101980,chr14,76389500,76652500,263000
101982,chr14,76390500,76482500,92000
101984,chr14,76415500,76709500,294000
101986,chr14,76432500,76502500,70000
101988,chr14,76457500,76709500,252000
101990,chr14,76504500,76651500,147000
101996,chr14,76717500,77209500,492000
101998,chr14,76717500,77113500,396000
102000,chr14,76719500,77052500,333000
102003,chr14,76738500,77143500,405000
102004,chr14,76739500,77246500,507000
102005,chr14,76740500,77029500,289000
102008,chr14,76741500,77004500,263000
102014,chr14,76751500,76793500,42000
102018,chr14,76767500,76977500,210000
102020,chr14,76794500,76977500,183000
102021,chr14,77379500,77610500,231000
102022,chr14,77379500,77678500,299000
102024,chr14,77393500,77754500,361000
102028,chr14,87282500,87324500,42000
102032,chr14,93065500,93099500,34000
102036,chr14,99284500,99335500,51000
102040,chr14,99380500,99875500,495000
102042,chr14,99577500,99747500,170000
102043,chr14,99356500,100131500,775000
102047,chr14,100449500,100521500,72000
102049,chr14,101755500,101890500,135000
102052,chr14,102183500,102748500,565000
102053,chr14,103220500,103307500,87000
102055,chr14,103250500,103289500,39000
102056,chr14,103249500,103326500,77000
102057,chr14,103250500,103707500,457000
102058,chr14,103249500,103775500,526000
102059,chr14,103250500,103369500,119000
102063,chr14,103788500,103956500,168000
102072,chr14,105468500,105532500,64000
102076,chr14,105636500,106112500,476000
102078,chr14,105739500,106135500,396000
102080,chr14,106097500,106159500,62000
102081,chr14,106098500,106134500,36000
102085,chr14,115278500,115329500,51000
102090,chr14,118328500,118368500,40000
102091,chr14,118373500,118414500,41000
102092,chr14,118373500,118471500,98000
102096,chr14,118415500,118472500,57000
102097,chr14,118444500,118713500,269000
102098,chr14,118444500,118828500,384000
102101,chr14,118460500,118654500,194000
102103,chr14,118473500,118674500,201000
102105,chr14,118550500,119053500,503000
102106,chr14,118553500,118653500,100000
102107,chr14,118714500,119052500,338000
102108,chr14,118871500,119005500,134000
102113,chr14,119057500,119224500,167000
102115,chr14,119148500,119224500,76000
102116,chr14,119148500,119265500,117000
102117,chr14,119161500,119245500,84000
102118,chr14,119177500,119215500,38000
102120,chr14,119337500,119375500,38000
102127,chr14,120314500,120601500,287000
102128,chr14,120314500,120636500,322000
102129,chr14,120375500,120670500,295000
102130,chr14,120501500,120601500,100000
102131,chr14,120501500,120635500,134000
102133,chr14,120514500,120599500,85000
102137,chr14,121070500,121188500,118000
102138,chr14,121069500,121272500,203000
102139,chr14,121069500,121427500,358000
102140,chr14,121069500,121457500,388000
102143,chr14,121115500,121148500,33000
102147,chr14,121186500,121663500,477000
102148,chr14,121187500,121688500,501000
102149,chr14,121208500,121664500,456000
102150,chr14,121209500,121428500,219000
102151,chr14,121209500,121458500,249000
102154,chr14,121272500,121457500,185000
102155,chr14,121272500,121687500,415000
102157,chr14,121456500,121664500,208000
102158,chr14,121497500,121689500,192000
102159,chr14,121497500,121664500,167000
102160,chr14,121516500,121664500,148000
102161,chr14,121743500,121784500,41000
102162,chr14,121825500,121990500,165000
102163,chr14,121838500,121989500,151000
102164,chr14,121872500,121989500,117000
102170,chr14,121826500,122014500,188000
102171,chr14,121826500,122041500,215000
102172,chr14,121856500,122014500,158000
102173,chr14,121969500,122035500,66000
102174,chr14,122035500,122115500,80000
102177,chr14,122301500,123113500,812000
102178,chr14,122302500,123136500,834000
102179,chr14,122343500,122418500,75000
102186,chr14,122429500,122487500,58000
102187,chr14,122460500,122876500,416000
102188,chr14,122461500,122815500,354000
102189,chr14,122461500,123113500,652000
102190,chr14,122461500,123136500,675000
102191,chr14,122462500,122689500,227000
102193,chr14,122488500,122816500,328000
102194,chr14,122488500,123113500,625000
102196,chr14,122494500,122654500,160000
102201,chr14,122655500,122688500,33000
102203,chr14,122729500,122769500,40000
102204,chr14,123150500,123220500,70000
102210,chr15,5173500,5214500,41000
102213,chr15,8003500,8126500,123000
102217,chr15,8412500,8620500,208000
102218,chr15,8657500,8835500,178000
102219,chr15,8796500,8915500,119000
102220,chr15,9071500,9140500,69000
102225,chr15,5222500,6239500,1017000
102228,chr15,6022500,6060500,38000
102229,chr15,6022500,6074500,52000
102231,chr15,6656500,6737500,81000
102234,chr15,6738500,6775500,37000
102236,chr15,6869500,6913500,44000
102237,chr15,6870500,7294500,424000
102238,chr15,6913500,7255500,342000
102239,chr15,6913500,7293500,380000
102241,chr15,6937500,7294500,357000
102242,chr15,6940500,7213500,273000
102243,chr15,6940500,7146500,206000
102244,chr15,7293500,7472500,179000
102252,chr15,11972500,12114500,142000
102253,chr15,11972500,12267500,295000
102254,chr15,11992500,12085500,93000
102255,chr15,11995500,12117500,122000
102257,chr15,12038500,12117500,79000
102258,chr15,12117500,12204500,87000
102259,chr15,12160500,12266500,106000
102261,chr15,12198500,12374500,176000
102262,chr15,12197500,12248500,51000
102265,chr15,12373500,12550500,177000
102266,chr15,12586500,12740500,154000
102271,chr15,10471500,10686500,215000
102274,chr15,10487500,10872500,385000
102275,chr15,10498500,10979500,481000
102276,chr15,10501500,10709500,208000
102278,chr15,10602500,10708500,106000
102279,chr15,10601500,10870500,269000
102283,chr15,10921500,11407500,486000
102284,chr15,10922500,10980500,58000
102285,chr15,10982500,11400500,418000
102286,chr15,11009500,11406500,397000
102287,chr15,11009500,11380500,371000
102288,chr15,11038500,11406500,368000
102290,chr15,11410500,11891500,481000
102295,chr15,11461500,11905500,444000
102297,chr15,11565500,11965500,400000
102301,chr15,11754500,11908500,154000
102304,chr15,25144500,25415500,271000
102305,chr15,25332500,25411500,79000
102306,chr15,25364500,25412500,48000
102308,chr15,25429500,25732500,303000
102310,chr15,25441500,25733500,292000
102311,chr15,25604500,25716500,112000
102313,chr15,25805500,25987500,182000
102314,chr15,27660500,28182500,522000
102315,chr15,27887500,28182500,295000
102317,chr15,27921500,28025500,104000
102320,chr15,27998500,28072500,74000
102321,chr15,28025500,28070500,45000
102322,chr15,28027500,28181500,154000
102323,chr15,28188500,28314500,126000
102326,chr15,25985500,26309500,324000
102328,chr15,26018500,26327500,309000
102336,chr15,27631500,27681500,50000
102337,chr15,27648500,27905500,257000
102340,chr15,30427500,30741500,314000
102343,chr15,31479500,31587500,108000
102344,chr15,31494500,31586500,92000
102345,chr15,31531500,31586500,55000
102346,chr15,31531500,31601500,70000
102350,chr15,34295500,34428500,133000
102356,chr15,35295500,35371500,76000
102360,chr15,39724500,40007500,283000
102371,chr15,41056500,41521500,465000
102372,chr15,41055500,41653500,598000
102375,chr15,41057500,41191500,134000
102379,chr15,41189500,41521500,332000
102380,chr15,41190500,41286500,96000
102381,chr15,41191500,41310500,119000
102387,chr15,41311500,41521500,210000
102388,chr15,41311500,41582500,271000
102390,chr15,41682500,41814500,132000
102391,chr15,41731500,41813500,82000
102395,chr15,35916500,36148500,232000
102396,chr15,36165500,36263500,98000
102398,chr15,36164500,36541500,377000
102399,chr15,36165500,36283500,118000
102400,chr15,36166500,36518500,352000
102404,chr15,36363500,36518500,155000
102405,chr15,36501500,36707500,206000
102406,chr15,36518500,36579500,61000
102407,chr15,36579500,36707500,128000
102410,chr15,36609500,36727500,118000
102412,chr15,36611500,36650500,39000
102413,chr15,36659500,36706500,47000
102415,chr15,36728500,36793500,65000
102416,chr15,36728500,37008500,280000
102418,chr15,36793500,37008500,215000
102419,chr15,36938500,37007500,69000
102423,chr15,37285500,37329500,44000
102428,chr15,37357500,37907500,550000
102435,chr15,37481500,37910500,429000
102438,chr15,37961500,38247500,286000
102441,chr15,37973500,38038500,65000
102442,chr15,37977500,38077500,100000
102448,chr15,38028500,38247500,219000
102453,chr15,38078500,38199500,121000
102455,chr15,38124500,38247500,123000
102457,chr15,38299500,38518500,219000
102458,chr15,38298500,38473500,175000
102460,chr15,38300500,38455500,155000
102465,chr15,38387500,38457500,70000
102466,chr15,38406500,38473500,67000
102470,chr15,38518500,38683500,165000
102471,chr15,38519500,38645500,126000
102472,chr15,38519500,38662500,143000
102475,chr15,38696500,38749500,53000
102476,chr15,38697500,38866500,169000
102477,chr15,38698500,38976500,278000
102480,chr15,38802500,38942500,140000
102481,chr15,38869500,38941500,72000
102482,chr15,38976500,39061500,85000
102485,chr15,39226500,39680500,454000
102488,chr15,39481500,39680500,199000
102490,chr15,39510500,39593500,83000
102491,chr15,39510500,39644500,134000
102492,chr15,39539500,39703500,164000
102493,chr15,39552500,39587500,35000
102494,chr15,39597500,39680500,83000
102495,chr15,39645500,39677500,32000
102499,chr15,39807500,39882500,75000
102500,chr15,39807500,39900500,93000
102502,chr15,48789500,49133500,344000
102509,chr15,43034500,43395500,361000
102515,chr15,51541500,51762500,221000
102516,chr15,51632500,51734500,102000
102517,chr15,51633500,51762500,129000
102523,chr15,57463500,57773500,310000
102525,chr15,57510500,57834500,324000
102526,chr15,57557500,57774500,217000
102527,chr15,57557500,57839500,282000
102528,chr15,57558500,57625500,67000
102529,chr15,57558500,57722500,164000
102530,chr15,57558500,57755500,197000
102531,chr15,57755500,57897500,142000
102532,chr15,57776500,57838500,62000
102533,chr15,57775500,57897500,122000
102534,chr15,57897500,57939500,42000
102535,chr15,57959500,57992500,33000
102539,chr15,54609500,54872500,263000
102540,chr15,54644500,54844500,200000
102544,chr15,54973500,55131500,158000
102551,chr15,51632500,52024500,392000
102553,chr15,51830500,52017500,187000
102555,chr15,53029500,53208500,179000
102556,chr15,53175500,53207500,32000
102559,chr15,57940500,58287500,347000
102561,chr15,58001500,58285500,284000
102565,chr15,58031500,58219500,188000
102566,chr15,58031500,58282500,251000
102569,chr15,58287500,58760500,473000
102573,chr15,58465500,58741500,276000
102574,chr15,58695500,58743500,48000
102575,chr15,58695500,58760500,65000
102576,chr15,58760500,59186500,426000
102577,chr15,58762500,58803500,41000
102579,chr15,58819500,59176500,357000
102580,chr15,58820500,59076500,256000
102581,chr15,58846500,59076500,230000
102583,chr15,58957500,59076500,119000
102585,chr15,59246500,59520500,274000
102589,chr15,59263500,59479500,216000
102594,chr15,65621500,65658500,37000
102601,chr15,61860500,61937500,77000
102602,chr15,61883500,61964500,81000
102606,chr15,71342500,71762500,420000
102614,chr15,66045500,66156500,111000
102616,chr15,66169500,66314500,145000
102617,chr15,66549500,66737500,188000
102618,chr15,66840500,66943500,103000
102619,chr15,66840500,66971500,131000
102620,chr15,66841500,66892500,51000
102628,chr15,72078500,72894500,816000
102630,chr15,72389500,72915500,526000
102632,chr15,72421500,72894500,473000
102633,chr15,72421500,72916500,495000
102636,chr15,72899500,73059500,160000
102638,chr15,72941500,73057500,116000
102641,chr15,73183500,73344500,161000
102642,chr15,73183500,73448500,265000
102647,chr15,73451500,73587500,136000
102648,chr15,73514500,73588500,74000
102649,chr15,73592500,73628500,36000
102650,chr15,73705500,73852500,147000
102651,chr15,73705500,73869500,164000
102655,chr15,73662500,74388500,726000
102656,chr15,73704500,74026500,322000
102657,chr15,73704500,74408500,704000
102658,chr15,73706500,74359500,653000
102659,chr15,73707500,74434500,727000
102661,chr15,73737500,74408500,671000
102664,chr15,73795500,74386500,591000
102665,chr15,73795500,74406500,611000
102666,chr15,73869500,74051500,182000
102667,chr15,73869500,74026500,157000
102668,chr15,73870500,74362500,492000
102669,chr15,73869500,74407500,538000
102671,chr15,74390500,74435500,45000
102672,chr15,74390500,74544500,154000
102674,chr15,74460500,74593500,133000
102676,chr15,74512500,74620500,108000
102685,chr15,74768500,74960500,192000
102686,chr15,74767500,75013500,246000
102687,chr15,74769500,74863500,94000
102689,chr15,74768500,74990500,222000
102690,chr15,74768500,75058500,290000
102691,chr15,74795500,74863500,68000
102696,chr15,75342500,75551500,209000
102698,chr15,75421500,75532500,111000
102700,chr15,75551500,75755500,204000
102702,chr15,75585500,75783500,198000
102703,chr15,75599500,75707500,108000
102704,chr15,75600500,75756500,156000
102705,chr15,75621500,75714500,93000
102706,chr15,75715500,75753500,38000
102708,chr15,79972500,80015500,43000
102711,chr15,79996500,80109500,113000
102712,chr15,79997500,80144500,147000
102713,chr15,80058500,80101500,43000
102714,chr15,80100500,80145500,45000
102719,chr15,80151500,80375500,224000
102720,chr15,80152500,80518500,366000
102723,chr15,80173500,80588500,415000
102730,chr15,80590500,80933500,343000
102731,chr15,80592500,80736500,144000
102732,chr15,80595500,80861500,266000
102733,chr15,80595500,80683500,88000
102735,chr15,80891500,81083500,192000
102736,chr15,80911500,80947500,36000
102742,chr15,81260500,81508500,248000
102747,chr15,81332500,81490500,158000
102748,chr15,81333500,81554500,221000
102749,chr15,81345500,81491500,146000
102750,chr15,81345500,81553500,208000
102751,chr15,81347500,81578500,231000
102753,chr15,81360500,81552500,192000
102754,chr15,81363500,81470500,107000
102755,chr15,81364500,81579500,215000
102760,chr15,81392500,81490500,98000
102761,chr15,81397500,81548500,151000
102764,chr15,81582500,81626500,44000
102767,chr15,81841500,81873500,32000
102769,chr15,81843500,81899500,56000
102770,chr15,81949500,81991500,42000
102771,chr15,75886500,76040500,154000
102774,chr15,76082500,76115500,33000
102779,chr15,76302500,76417500,115000
102785,chr15,76419500,76810500,391000
102790,chr15,76436500,76587500,151000
102791,chr15,76435500,76757500,322000
102792,chr15,76437500,76488500,51000
102794,chr15,76542500,76763500,221000
102795,chr15,76542500,76786500,244000
102798,chr15,76555500,76787500,232000
102799,chr15,76584500,76789500,205000
102800,chr15,76607500,76791500,184000
102801,chr15,76607500,76810500,203000
102802,chr15,76607500,76702500,95000
102803,chr15,76607500,76756500,149000
102805,chr15,76629500,76713500,84000
102806,chr15,76629500,76756500,127000
102807,chr15,76629500,76810500,181000
102809,chr15,76811500,77252500,441000
102810,chr15,76813500,76887500,74000
102812,chr15,76840500,76887500,47000
102813,chr15,76840500,76912500,72000
102818,chr15,76871500,77251500,380000
102819,chr15,76938500,77251500,313000
102820,chr15,76941500,77222500,281000
102823,chr15,77036500,77251500,215000
102824,chr15,77109500,77222500,113000
102825,chr15,77141500,77242500,101000
102828,chr15,77192500,77244500,52000
102831,chr15,77407500,77513500,106000
102833,chr15,77644500,77802500,158000
102838,chr15,77727500,77792500,65000
102842,chr15,77813500,77854500,41000
102844,chr15,77855500,78058500,203000
102845,chr15,77855500,78290500,435000
102847,chr15,77866500,78252500,386000
102848,chr15,77866500,78037500,171000
102849,chr15,77866500,78089500,223000
102850,chr15,77867500,78003500,136000
102851,chr15,77868500,78224500,356000
102853,chr15,78061500,78415500,354000
102855,chr15,78140500,78416500,276000
102856,chr15,78141500,78205500,64000
102857,chr15,78142500,78252500,110000
102859,chr15,78171500,78230500,59000
102861,chr15,78239500,78417500,178000
102862,chr15,78239500,78431500,192000
102863,chr15,78332500,78431500,99000
102864,chr15,78331500,78628500,297000
102865,chr15,78332500,78466500,134000
102866,chr15,78398500,78431500,33000
102867,chr15,78398500,78466500,68000
102868,chr15,78398500,78628500,230000
102870,chr15,78473500,78603500,130000
102871,chr15,78472500,78733500,261000
102872,chr15,78473500,78753500,280000
102873,chr15,78472500,78629500,157000
102874,chr15,78473500,78659500,186000
102876,chr15,78508500,78708500,200000
102877,chr15,78508500,78754500,246000
102878,chr15,78508500,78604500,96000
102881,chr15,78710500,78796500,86000
102882,chr15,78711500,78754500,43000
102883,chr15,78761500,78818500,57000
102886,chr15,78762500,78796500,34000
102887,chr15,78799500,78924500,125000
102890,chr15,78922500,78956500,34000
102892,chr15,78972500,79031500,59000
102895,chr15,79109500,79164500,55000
102896,chr15,79110500,79264500,154000
102897,chr15,79110500,79490500,380000
102902,chr15,79127500,79164500,37000
102903,chr15,79127500,79265500,138000
102904,chr15,79127500,79352500,225000
102905,chr15,79127500,79535500,408000
102910,chr15,79265500,79351500,86000
102911,chr15,79287500,79389500,102000
102912,chr15,79357500,79492500,135000
102915,chr15,79490500,79535500,45000
102920,chr15,79607500,79950500,343000
102923,chr15,79715500,79794500,79000
102924,chr15,79716500,79767500,51000
102925,chr15,79716500,79819500,103000
102926,chr15,79764500,79818500,54000
102928,chr15,79775500,79950500,175000
102930,chr15,79816500,79897500,81000
102932,chr15,79831500,79898500,67000
102933,chr15,79831500,79915500,84000
102940,chr15,81951500,82155500,204000
102942,chr15,82064500,82120500,56000
102945,chr15,82150500,82687500,537000
102951,chr15,82178500,82687500,509000
102953,chr15,82179500,82979500,800000
102957,chr15,82225500,82929500,704000
102959,chr15,82238500,82690500,452000
102960,chr15,82239500,82301500,62000
102961,chr15,82240500,82941500,701000
102962,chr15,82239500,82955500,716000
102964,chr15,82261500,82678500,417000
102975,chr15,82690500,82941500,251000
102976,chr15,82690500,82954500,264000
102979,chr15,82784500,82847500,63000
102980,chr15,82807500,82921500,114000
102982,chr15,83040500,83199500,159000
102983,chr15,83093500,83216500,123000
102984,chr15,83094500,83403500,309000
102985,chr15,83094500,83182500,88000
102986,chr15,83094500,83198500,104000
102987,chr15,83127500,83182500,55000
102988,chr15,83232500,83384500,152000
102989,chr15,83254500,83402500,148000
102990,chr15,83254500,83366500,112000
102992,chr15,83491500,83642500,151000
102993,chr15,83516500,83955500,439000
102994,chr15,83517500,83611500,94000
102995,chr15,83549500,83611500,62000
102996,chr15,83549500,83642500,93000
102997,chr15,83644500,83956500,312000
102998,chr15,83702500,83937500,235000
102999,chr15,83741500,83956500,215000
103000,chr15,87825500,88132500,307000
103001,chr15,88204500,88439500,235000
103002,chr15,88203500,88503500,300000
103006,chr15,88594500,88634500,40000
103010,chr15,88635500,88746500,111000
103011,chr15,88636500,88703500,67000
103013,chr15,88703500,89064500,361000
103014,chr15,88712500,89010500,298000
103015,chr15,88712500,88838500,126000
103016,chr15,88712500,88882500,170000
103017,chr15,88713500,88779500,66000
103020,chr15,88749500,89063500,314000
103021,chr15,88761500,88805500,44000
103022,chr15,88960500,89095500,135000
103023,chr15,89007500,89239500,232000
103024,chr15,89064500,89240500,176000
103025,chr15,89240500,89313500,73000
103026,chr15,89259500,89312500,53000
103027,chr15,89379500,89414500,35000
103028,chr15,89382500,89442500,60000
103034,chr15,83940500,84514500,574000
103035,chr15,83958500,84499500,541000
103036,chr15,84018500,84076500,58000
103037,chr15,84019500,84515500,496000
103038,chr15,84019500,84053500,34000
103040,chr15,84075500,84117500,42000
103041,chr15,84074500,84548500,474000
103043,chr15,84096500,84499500,403000
103045,chr15,84144500,84499500,355000
103046,chr15,84144500,84514500,370000
103047,chr15,84168500,84499500,331000
103048,chr15,84232500,84514500,282000
103050,chr15,84421500,84499500,78000
103053,chr15,84564500,84808500,244000
103055,chr15,84738500,84872500,134000
103057,chr15,84739500,84920500,181000
103059,chr15,84872500,84921500,49000
103060,chr15,84886500,84927500,41000
103061,chr15,84995500,85140500,145000
103065,chr15,85035500,85179500,144000
103067,chr15,85179500,85467500,288000
103071,chr15,85482500,85594500,112000
103072,chr15,85510500,85555500,45000
103075,chr15,85555500,85943500,388000
103076,chr15,85600500,85725500,125000
103078,chr15,85619500,85918500,299000
103080,chr15,85748500,85918500,170000
103083,chr15,85780500,85923500,143000
103084,chr15,85736500,86021500,285000
103088,chr15,85938500,86020500,82000
103090,chr15,85970500,86018500,48000
103091,chr15,86025500,86089500,64000
103095,chr15,89490500,90109500,619000
103101,chr15,91784500,91826500,42000
103104,chr15,92163500,92332500,169000
103105,chr15,92243500,92293500,50000
103111,chr15,92972500,93114500,142000
103112,chr15,93173500,93296500,123000
103114,chr15,93234500,93296500,62000
103115,chr15,93295500,93417500,122000
103116,chr15,93320500,93473500,153000
103117,chr15,93355500,93473500,118000
103119,chr15,93401500,93473500,72000
103120,chr15,93417500,93493500,76000
103127,chr15,94456500,94519500,63000
103128,chr15,94483500,94558500,75000
103129,chr15,94500500,94558500,58000
103135,chr15,95687500,95750500,63000
103138,chr15,95993500,96296500,303000
103139,chr15,96030500,96184500,154000
103140,chr15,96078500,96184500,106000
103142,chr15,96142500,96183500,41000
103144,chr15,96358500,96539500,181000
103147,chr15,96375500,96563500,188000
103151,chr15,96405500,96835500,430000
103154,chr15,96419500,96564500,145000
103156,chr15,96440500,96849500,409000
103159,chr15,96514500,96563500,49000
103161,chr15,96746500,97033500,287000
103165,chr15,96867500,97033500,166000
103166,chr15,96868500,97084500,216000
103167,chr15,96868500,96966500,98000
103169,chr15,97049500,97085500,36000
103170,chr15,97093500,97397500,304000
103171,chr15,97094500,97433500,339000
103172,chr15,97093500,97479500,386000
103174,chr15,97094500,97131500,37000
103175,chr15,97094500,97511500,417000
103177,chr15,97134500,97365500,231000
103178,chr15,97135500,97395500,260000
103179,chr15,97145500,97491500,346000
103181,chr15,97151500,97364500,213000
103184,chr15,97152500,97433500,281000
103185,chr15,97224500,97330500,106000
103186,chr15,97225500,97396500,171000
103187,chr15,97225500,97479500,254000
103188,chr15,97564500,97748500,184000
103189,chr15,97565500,97850500,285000
103191,chr15,97649500,97748500,99000
103194,chr15,97682500,97861500,179000
103195,chr15,97750500,97849500,99000
103201,chr15,99921500,100024500,103000
103203,chr15,99936500,100126500,190000
103204,chr15,99936500,100221500,285000
103206,chr15,100127500,100220500,93000
103210,chr15,100160500,100219500,59000
103215,chr15,100369500,100534500,165000
103216,chr15,100393500,100511500,118000
103217,chr15,100435500,100581500,146000
103218,chr15,100512500,100581500,69000
103220,chr15,100728500,100894500,166000
103221,chr15,100728500,101014500,286000
103222,chr15,100745500,100939500,194000
103223,chr15,100763500,100894500,131000
103224,chr15,100764500,100939500,175000
103229,chr15,101119500,101213500,94000
103230,chr15,101120500,101181500,61000
103232,chr15,101139500,101180500,41000
103233,chr15,101139500,101212500,73000
103239,chr15,101225500,101680500,455000
103240,chr15,101239500,101285500,46000
103241,chr15,101237500,101376500,139000
103242,chr15,101238500,101427500,189000
103243,chr15,101238500,101974500,736000
103245,chr15,101352500,101883500,531000
103247,chr15,101448500,101880500,432000
103249,chr15,101743500,101880500,137000
103251,chr15,97900500,98066500,166000
103252,chr15,97987500,98071500,84000
103254,chr15,98080500,98401500,321000
103255,chr15,98080500,98306500,226000
103256,chr15,98408500,98476500,68000
103257,chr15,98408500,98683500,275000
103258,chr15,98426500,98460500,34000
103261,chr15,98477500,98555500,78000
103262,chr15,98477500,98584500,107000
103264,chr15,98506500,98689500,183000
103266,chr15,98532500,98675500,143000
103267,chr15,98531500,98703500,172000
103270,chr15,98563500,98699500,136000
103271,chr15,98607500,98700500,93000
103274,chr15,98675500,98793500,118000
103275,chr15,98689500,98793500,104000
103277,chr15,98704500,98793500,89000
103286,chr15,98742500,98810500,68000
103288,chr15,98790500,98892500,102000
103291,chr15,98901500,98996500,95000
103292,chr15,98923500,98995500,72000
103293,chr15,98947500,99096500,149000
103294,chr15,98947500,99276500,329000
103295,chr15,98947500,99314500,367000
103296,chr15,98950500,98994500,44000
103297,chr15,98948500,99163500,215000
103298,chr15,98994500,99122500,128000
103299,chr15,99000500,99164500,164000
103300,chr15,99113500,99163500,50000
103302,chr15,99224500,99314500,90000
103303,chr15,99283500,99368500,85000
103305,chr15,99318500,99599500,281000
103307,chr15,99370500,99601500,231000
103310,chr15,99395500,99587500,192000
103311,chr15,99395500,99492500,97000
103312,chr15,99395500,99675500,280000
103313,chr15,99494500,99586500,92000
103314,chr15,99494500,99622500,128000
103315,chr15,99494500,99694500,200000
103317,chr15,99530500,99565500,35000
103318,chr15,99581500,99675500,94000
103324,chr15,99676500,99803500,127000
103326,chr15,99737500,99802500,65000
103327,chr15,99762500,99801500,39000
103330,chr15,101896500,102017500,121000
103338,chr15,102011500,102155500,144000
103339,chr15,102020500,102053500,33000
103340,chr15,102065500,102132500,67000
103341,chr15,102086500,102183500,97000
103342,chr15,102147500,102183500,36000
103346,chr15,102250500,102433500,183000
103348,chr15,102262500,102366500,104000
103351,chr15,102289500,102433500,144000
103352,chr15,102292500,102330500,38000
103355,chr15,102314500,102426500,112000
103359,chr15,102340500,102397500,57000
103360,chr15,102373500,102433500,60000
103362,chr15,102426500,102580500,154000
103365,chr15,102521500,102573500,52000
103366,chr15,102605500,102877500,272000
103367,chr15,102630500,103071500,441000
103368,chr15,102650500,103091500,441000
103371,chr15,102669500,102809500,140000
103372,chr15,102669500,102851500,182000
103373,chr15,102829500,102864500,35000
103374,chr15,102830500,102885500,55000
103376,chr15,102845500,102885500,40000
103378,chr15,102864500,102920500,56000
103380,chr15,102864500,102905500,41000
103381,chr15,102874500,103040500,166000
103382,chr15,102874500,103216500,342000
103384,chr15,102895500,103216500,321000
103385,chr15,102896500,103039500,143000
103386,chr15,102896500,103084500,188000
103389,chr15,103158500,103250500,92000
103392,chr15,103256500,103296500,40000
103397,chr16,3561500,3664500,103000
103398,chr16,3562500,3726500,164000
103399,chr16,3895500,4031500,136000
103400,chr16,4031500,4237500,206000
103403,chr16,4032500,4088500,56000
103405,chr16,4237500,4359500,122000
103406,chr16,4293500,4359500,66000
103407,chr16,4369500,4425500,56000
103408,chr16,4376500,4499500,123000
103410,chr16,4385500,4425500,40000
103412,chr16,4449500,4731500,282000
103413,chr16,4486500,4962500,476000
103414,chr16,4501500,4781500,280000
103416,chr16,4524500,4962500,438000
103419,chr16,4607500,4697500,90000
103422,chr16,4697500,4782500,85000
103424,chr16,4757500,4867500,110000
103425,chr16,4757500,4963500,206000
103427,chr16,4782500,4867500,85000
103428,chr16,4797500,5013500,216000
103431,chr16,4877500,5012500,135000
103432,chr16,4966500,5284500,318000
103434,chr16,5020500,5224500,204000
103438,chr16,5074500,5169500,95000
103439,chr16,5124500,5354500,230000
103440,chr16,5290500,5492500,202000
103442,chr16,5700500,5836500,136000
103443,chr16,5700500,5749500,49000
103451,chr16,8400500,8492500,92000
103456,chr16,8504500,8586500,82000
103461,chr16,8589500,8687500,98000
103464,chr16,8826500,9554500,728000
103465,chr16,8828500,9167500,339000
103468,chr16,8925500,9082500,157000
103469,chr16,8951500,9083500,132000
103470,chr16,9084500,9169500,85000
103472,chr16,9554500,9812500,258000
103473,chr16,13639500,14013500,374000
103474,chr16,13721500,14013500,292000
103476,chr16,14016500,14311500,295000
103477,chr16,14056500,14129500,73000
103478,chr16,14130500,14310500,180000
103479,chr16,14135500,14178500,43000
103481,chr16,14519500,15112500,593000
103484,chr16,14520500,14924500,404000
103494,chr16,15411500,15454500,43000
103495,chr16,15680500,15965500,285000
103498,chr16,15727500,15922500,195000
103502,chr16,15776500,15905500,129000
103503,chr16,15775500,15922500,147000
103507,chr16,12470500,12756500,286000
103508,chr16,12471500,12575500,104000
103510,chr16,12898500,13257500,359000
103511,chr16,12934500,13168500,234000
103512,chr16,12934500,13228500,294000
103513,chr16,12935500,13257500,322000
103515,chr16,12936500,13075500,139000
103516,chr16,12935500,13349500,414000
103517,chr16,12936500,12976500,40000
103519,chr16,12978500,13074500,96000
103520,chr16,12977500,13349500,372000
103521,chr16,13074500,13255500,181000
103522,chr16,13487500,13636500,149000
103523,chr16,13488500,13570500,82000
103526,chr16,13518500,13622500,104000
103531,chr16,13720500,13978500,258000
103536,chr16,13795500,13839500,44000
103544,chr16,16123500,16174500,51000
103548,chr16,16162500,16402500,240000
103549,chr16,16175500,16342500,167000
103552,chr16,16415500,16667500,252000
103553,chr16,16417500,16686500,269000
103554,chr16,16671500,16729500,58000
103556,chr16,16687500,16801500,114000
103560,chr16,16895500,17092500,197000
103561,chr16,16895500,17111500,216000
103562,chr16,16927500,17094500,167000
103565,chr16,16965500,17093500,128000
103566,chr16,17023500,17110500,87000
103570,chr16,17221500,17277500,56000
103571,chr16,17220500,17402500,182000
103573,chr16,17222500,17349500,127000
103576,chr16,17375500,17465500,90000
103578,chr16,17548500,17666500,118000
103579,chr16,17562500,17630500,68000
103580,chr16,17576500,17623500,47000
103581,chr16,17633500,17866500,233000
103582,chr16,17745500,17884500,139000
103585,chr16,17870500,17990500,120000
103586,chr16,17926500,17990500,64000
103587,chr16,9891500,10027500,136000
103588,chr16,9891500,10091500,200000
103593,chr16,9906500,10340500,434000
103603,chr16,10231500,10360500,129000
103605,chr16,10266500,10337500,71000
103606,chr16,10286500,10360500,74000
103607,chr16,10362500,10603500,241000
103611,chr16,10386500,10685500,299000
103612,chr16,10458500,10562500,104000
103613,chr16,10458500,10684500,226000
103614,chr16,10603500,10653500,50000
103615,chr16,10722500,10851500,129000
103616,chr16,10769500,10852500,83000
103617,chr16,10788500,10851500,63000
103619,chr16,10808500,10852500,44000
103620,chr16,10854500,11115500,261000
103621,chr16,10883500,10951500,68000
103623,chr16,10973500,11115500,142000
103625,chr16,10994500,11071500,77000
103626,chr16,11012500,11046500,34000
103627,chr16,11020500,11113500,93000
103628,chr16,11026500,11235500,209000
103629,chr16,11021500,11071500,50000
103632,chr16,11057500,11115500,58000
103633,chr16,11070500,11236500,166000
103634,chr16,11071500,11114500,43000
103635,chr16,11071500,11139500,68000
103636,chr16,11099500,11236500,137000
103638,chr16,11122500,11236500,114000
103639,chr16,11142500,11176500,34000
103642,chr16,11287500,11780500,493000
103643,chr16,11515500,11758500,243000
103644,chr16,11727500,11801500,74000
103649,chr16,18164500,18317500,153000
103650,chr16,18165500,18211500,46000
103652,chr16,18262500,18314500,52000
103653,chr16,18263500,18409500,146000
103654,chr16,18263500,18339500,76000
103655,chr16,18289500,18436500,147000
103656,chr16,18317500,18437500,120000
103659,chr16,18405500,18441500,36000
103663,chr16,18630500,18695500,65000
103665,chr16,19543500,19726500,183000
103667,chr16,19726500,19914500,188000
103668,chr16,19917500,19959500,42000
103672,chr16,20032500,20299500,267000
103673,chr16,20123500,20299500,176000
103674,chr16,20141500,20303500,162000
103675,chr16,20244500,20298500,54000
103678,chr16,20317500,20535500,218000
103681,chr16,20325500,20477500,152000
103682,chr16,20355500,20492500,137000
103685,chr16,20439500,20534500,95000
103689,chr16,20492500,20534500,42000
103695,chr16,20543500,20581500,38000
103697,chr16,20543500,20984500,441000
103699,chr16,20543500,21011500,468000
103707,chr16,20589500,20985500,396000
103710,chr16,20623500,20984500,361000
103711,chr16,20623500,21010500,387000
103721,chr16,20893500,21009500,116000
103722,chr16,20895500,20984500,89000
103723,chr16,21020500,21231500,211000
103727,chr16,21025500,21152500,127000
103729,chr16,21029500,21064500,35000
103730,chr16,21065500,21211500,146000
103732,chr16,21140500,21210500,70000
103734,chr16,21308500,21585500,277000
103735,chr16,21358500,21586500,228000
103736,chr16,21358500,21634500,276000
103737,chr16,21435500,21585500,150000
103738,chr16,21589500,21633500,44000
103739,chr16,21589500,21820500,231000
103741,chr16,23784500,24884500,1100000
103743,chr16,23803500,25082500,1279000
103744,chr16,23803500,24651500,848000
103745,chr16,23805500,24859500,1054000
103749,chr16,24169500,24884500,715000
103751,chr16,24213500,24269500,56000
103753,chr16,24639500,24883500,244000
103755,chr16,24695500,24857500,162000
103771,chr16,22129500,22396500,267000
103775,chr16,22165500,22394500,229000
103778,chr16,22173500,22371500,198000
103780,chr16,22194500,22325500,131000
103786,chr16,22677500,22946500,269000
103788,chr16,22772500,22864500,92000
103796,chr16,23265500,23744500,479000
103800,chr16,23452500,23717500,265000
103802,chr16,23808500,23993500,185000
103810,chr16,28411500,29395500,984000
103812,chr16,28657500,29394500,737000
103813,chr16,29254500,29380500,126000
103817,chr16,29501500,29884500,383000
103818,chr16,29593500,29885500,292000
103819,chr16,29633500,29885500,252000
103820,chr16,29701500,29882500,181000
103821,chr16,29764500,29885500,121000
103822,chr16,29827500,29883500,56000
103823,chr16,25802500,26017500,215000
103831,chr16,29448500,30055500,607000
103833,chr16,29501500,30024500,523000
103835,chr16,29550500,30007500,457000
103837,chr16,29550500,30028500,478000
103839,chr16,29603500,30031500,428000
103841,chr16,29604500,30054500,450000
103843,chr16,29666500,30054500,388000
103844,chr16,29886500,30026500,140000
103845,chr16,29888500,30006500,118000
103846,chr16,30071500,30350500,279000
103847,chr16,30102500,30331500,229000
103850,chr16,30193500,30290500,97000
103851,chr16,30193500,30322500,129000
103856,chr16,30390500,30890500,500000
103858,chr16,30416500,30640500,224000
103861,chr16,30418500,30824500,406000
103862,chr16,30419500,30461500,42000
103865,chr16,30460500,30639500,179000
103866,chr16,30461500,30758500,297000
103867,chr16,30462500,30512500,50000
103872,chr16,30796500,30890500,94000
103877,chr16,31019500,31093500,74000
103882,chr16,31248500,31482500,234000
103883,chr16,31277500,31524500,247000
103884,chr16,31277500,31543500,266000
103885,chr16,31277500,31571500,294000
103886,chr16,31276500,31704500,428000
103889,chr16,31280500,31326500,46000
103891,chr16,31326500,31482500,156000
103892,chr16,31483500,31752500,269000
103895,chr16,31811500,31928500,117000
103899,chr16,31918500,32065500,147000
103900,chr16,31933500,32064500,131000
103908,chr16,32130500,32319500,189000
103909,chr16,32248500,32319500,71000
103910,chr16,32326500,32455500,129000
103911,chr16,32329500,32475500,146000
103913,chr16,32369500,32426500,57000
103917,chr16,32516500,32632500,116000
103918,chr16,32516500,32708500,192000
103919,chr16,32633500,32843500,210000
103922,chr16,32634500,32734500,100000
103924,chr16,32698500,32877500,179000
103928,chr16,33127500,33379500,252000
103929,chr16,33128500,33630500,502000
103931,chr16,33158500,33200500,42000
103932,chr16,33421500,33617500,196000
103933,chr16,33565500,33630500,65000
103936,chr16,33619500,33935500,316000
103937,chr16,33650500,33915500,265000
103939,chr16,33772500,33808500,36000
103940,chr16,33786500,33934500,148000
103947,chr16,35892500,36290500,398000
103957,chr16,36433500,36528500,95000
103958,chr16,36649500,36694500,45000
103962,chr16,37205500,37503500,298000
103963,chr16,37359500,37502500,143000
103964,chr16,37360500,37472500,112000
103969,chr16,37507500,37599500,92000
103971,chr16,37813500,37908500,95000
103972,chr16,37910500,37987500,77000
103974,chr16,33946500,34142500,196000
103982,chr16,34487500,34520500,33000
103983,chr16,34487500,34532500,45000
103984,chr16,34488500,34644500,156000
103986,chr16,34740500,34787500,47000
103987,chr16,34843500,34976500,133000
103990,chr16,34877500,35180500,303000
103991,chr16,34931500,34976500,45000
103992,chr16,34931500,35122500,191000
103994,chr16,34975500,35183500,208000
103995,chr16,34975500,35362500,387000
103997,chr16,35140500,35320500,180000
103998,chr16,35242500,35448500,206000
103999,chr16,35359500,35537500,178000
104000,chr16,35362500,35408500,46000
104004,chr16,35660500,35733500,73000
104005,chr16,35660500,35761500,101000
104006,chr16,35692500,35804500,112000
104007,chr16,35694500,35760500,66000
104008,chr16,35693500,35788500,95000
104009,chr16,35695500,35733500,38000
104010,chr16,35803500,35891500,88000
104015,chr16,37740500,38076500,336000
104017,chr16,37814500,38018500,204000
104018,chr16,37937500,38016500,79000
104021,chr16,38127500,38303500,176000
104022,chr16,38164500,38379500,215000
104023,chr16,38165500,38326500,161000
104037,chr16,38438500,38633500,195000
104038,chr16,38452500,38677500,225000
104039,chr16,38453500,38872500,419000
104042,chr16,48187500,48496500,309000
104051,chr16,49349500,49712500,363000
104054,chr16,49768500,49892500,124000
104055,chr16,41991500,42735500,744000
104057,chr16,42011500,42734500,723000
104058,chr16,42011500,42989500,978000
104062,chr16,42096500,42696500,600000
104066,chr16,43394500,43621500,227000
104067,chr16,43426500,43620500,194000
104068,chr16,43545500,43622500,77000
104069,chr16,43573500,43621500,48000
104070,chr16,43710500,43800500,90000
104073,chr16,43960500,43993500,33000
104074,chr16,44063500,44212500,149000
104075,chr16,44063500,44116500,53000
104076,chr16,44063500,44151500,88000
104077,chr16,44063500,44300500,237000
104082,chr16,44407500,44513500,106000
104085,chr16,44546500,44845500,299000
104086,chr16,44546500,44910500,364000
104087,chr16,44547500,44601500,54000
104088,chr16,44547500,44943500,396000
104091,chr16,44588500,44844500,256000
104092,chr16,44588500,44910500,322000
104094,chr16,44601500,44911500,310000
104096,chr16,45016500,45079500,63000
104102,chr16,45402500,45450500,48000
104103,chr16,45403500,45497500,94000
104104,chr16,45506500,45607500,101000
104105,chr16,45531500,45787500,256000
104106,chr16,45564500,45664500,100000
104110,chr16,45638500,45789500,151000
104112,chr16,45812500,45920500,108000
104113,chr16,55323500,55673500,350000
104120,chr16,50022500,50556500,534000
104122,chr16,50075500,50557500,482000
104123,chr16,50075500,50576500,501000
104124,chr16,50195500,50577500,382000
104125,chr16,50219500,50555500,336000
104126,chr16,50252500,50302500,50000
104128,chr16,50303500,50348500,45000
104134,chr16,56621500,56739500,118000
104135,chr16,56937500,57218500,281000
104136,chr16,56938500,56997500,59000
104137,chr16,56942500,57051500,109000
104143,chr16,57065500,57112500,47000
104144,chr16,57064500,57397500,333000
104149,chr16,64576500,64720500,144000
104155,chr16,65168500,65294500,126000
104163,chr16,58228500,58343500,115000
104167,chr16,59241500,59467500,226000
104169,chr16,59269500,59437500,168000
104170,chr16,59293500,59459500,166000
104173,chr16,72411500,72776500,365000
104174,chr16,72445500,72776500,331000
104175,chr16,72446500,72761500,315000
104176,chr16,72459500,72499500,40000
104177,chr16,72489500,72775500,286000
104179,chr16,72896500,72952500,56000
104180,chr16,75140500,75178500,38000
104187,chr16,76117500,76167500,50000
104195,chr16,78099500,78172500,73000
104198,chr16,84265500,84356500,91000
104200,chr16,84531500,84632500,101000
104201,chr16,84533500,84570500,37000
104202,chr16,84532500,84613500,81000
104203,chr16,84533500,84675500,142000
104204,chr16,84533500,84591500,58000
104206,chr16,84569500,84632500,63000
104212,chr16,87152500,87293500,141000
104221,chr16,87306500,87572500,266000
104224,chr16,87422500,87495500,73000
104225,chr16,87422500,87543500,121000
104226,chr16,88168500,88340500,172000
104234,chr16,88508500,88619500,111000
104235,chr16,88508500,88648500,140000
104236,chr16,89571500,89693500,122000
104237,chr16,89571500,89964500,393000
104238,chr16,89642500,89983500,341000
104239,chr16,89698500,89964500,266000
104240,chr16,89738500,89982500,244000
104242,chr16,89940500,90016500,76000
104243,chr16,90017500,90095500,78000
104244,chr16,90018500,90080500,62000
104253,chr16,90118500,90450500,332000
104254,chr16,90119500,90475500,356000
104257,chr16,90152500,90505500,353000
104258,chr16,90177500,90450500,273000
104261,chr16,90177500,90491500,314000
104262,chr16,90178500,90266500,88000
104263,chr16,90181500,90523500,342000
104264,chr16,90182500,90319500,137000
104266,chr16,90184500,90234500,50000
104268,chr16,90475500,90843500,368000
104269,chr16,90476500,90870500,394000
104270,chr16,90607500,90731500,124000
104271,chr16,90623500,90781500,158000
104272,chr16,90624500,90870500,246000
104273,chr16,90731500,90808500,77000
104274,chr16,90750500,90870500,120000
104275,chr16,90808500,90840500,32000
104281,chr16,90820500,90870500,50000
104287,chr16,90957500,91111500,154000
104288,chr16,91019500,91130500,111000
104289,chr16,91155500,91323500,168000
104291,chr16,91156500,91379500,223000
104293,chr16,91310500,91395500,85000
104298,chr16,91444500,91525500,81000
104303,chr16,91459500,91720500,261000
104307,chr16,91492500,91682500,190000
104308,chr16,91522500,91682500,160000
104309,chr16,91523500,91729500,206000
104310,chr16,91732500,91854500,122000
104311,chr16,91733500,91900500,167000
104312,chr16,91734500,91932500,198000
104313,chr16,91733500,91956500,223000
104317,chr16,91732500,92253500,521000
104319,chr16,91751500,92084500,333000
104320,chr16,91752500,92133500,381000
104321,chr16,91966500,92083500,117000
104322,chr16,92111500,92242500,131000
104323,chr16,92111500,92284500,173000
104324,chr16,92112500,92255500,143000
104325,chr16,92138500,92284500,146000
104327,chr16,92181500,92282500,101000
104330,chr16,92317500,93340500,1023000
104331,chr16,92341500,93251500,910000
104334,chr16,92363500,92494500,131000
104335,chr16,92363500,93373500,1010000
104336,chr16,92495500,92955500,460000
104341,chr16,93091500,93252500,161000
104342,chr16,93091500,93339500,248000
104343,chr16,93255500,93372500,117000
104344,chr16,93308500,93373500,65000
104346,chr16,93402500,93508500,106000
104348,chr16,93482500,93712500,230000
104350,chr16,93483500,93582500,99000
104352,chr16,93486500,93543500,57000
104364,chr16,93715500,93819500,104000
104365,chr16,93715500,93883500,168000
104366,chr16,93734500,93883500,149000
104367,chr16,93735500,93865500,130000
104369,chr16,93886500,93926500,40000
104370,chr16,96031500,96270500,239000
104377,chr16,96654500,96818500,164000
104378,chr16,96654500,97073500,419000
104379,chr16,96699500,96818500,119000
104380,chr16,96698500,97074500,376000
104381,chr16,96970500,97073500,103000
104382,chr16,97115500,97245500,130000
104384,chr16,97245500,97316500,71000
104385,chr16,97411500,97565500,154000
104386,chr16,97564500,97652500,88000
104389,chr16,97653500,97723500,70000
104390,chr16,97654500,97796500,142000
104391,chr16,97764500,97797500,33000
104400,chr16,93701500,94059500,358000
104401,chr16,93714500,94058500,344000
104402,chr16,93734500,94125500,391000
104403,chr16,93735500,94059500,324000
104406,chr16,93838500,94029500,191000
104407,chr16,93876500,94059500,183000
104411,chr16,94114500,94171500,57000
104413,chr16,94172500,94327500,155000
104415,chr16,94220500,94514500,294000
104416,chr16,94259500,94419500,160000
104417,chr16,94274500,94513500,239000
104420,chr16,94387500,94419500,32000
104421,chr16,94514500,94587500,73000
104422,chr16,94561500,94656500,95000
104424,chr16,94617500,94666500,49000
104425,chr16,94667500,94797500,130000
104426,chr16,95152500,95371500,219000
104428,chr16,95267500,95392500,125000
104430,chr16,95346500,95760500,414000
104431,chr16,95386500,95756500,370000
104432,chr16,95416500,95746500,330000
104434,chr16,95460500,95697500,237000
104435,chr16,95503500,95569500,66000
104436,chr16,95568500,95762500,194000
104438,chr16,95792500,95928500,136000
104441,chr16,95799500,95838500,39000
104447,chr16,95883500,95928500,45000
104448,chr16,95916500,95952500,36000
104451,chr17,3152500,3275500,123000
104452,chr17,3304500,3497500,193000
104453,chr17,3324500,3559500,235000
104454,chr17,3324500,3496500,172000
104455,chr17,3500500,3583500,83000
104458,chr17,3653500,3912500,259000
104459,chr17,5845500,6069500,224000
104460,chr17,5991500,6030500,39000
104465,chr17,7050500,7095500,45000
104469,chr17,4959500,4997500,38000
104470,chr17,4997500,5044500,47000
104471,chr17,5103500,5140500,37000
104472,chr17,5114500,5258500,144000
104473,chr17,5116500,5239500,123000
104474,chr17,5251500,5366500,115000
104475,chr17,5479500,5585500,106000
104476,chr17,5479500,5801500,322000
104478,chr17,5491500,5782500,291000
104479,chr17,5492500,5801500,309000
104480,chr17,5845500,5974500,129000
104481,chr17,7711500,8082500,371000
104482,chr17,7780500,8041500,261000
104483,chr17,7875500,8042500,167000
104484,chr17,7875500,8081500,206000
104489,chr17,8483500,8524500,41000
104491,chr17,8502500,8590500,88000
104492,chr17,8503500,8650500,147000
104494,chr17,8530500,8590500,60000
104495,chr17,8534500,8641500,107000
104496,chr17,8607500,8680500,73000
104497,chr17,8608500,8640500,32000
104498,chr17,8651500,8745500,94000
104500,chr17,8799500,9156500,357000
104501,chr17,8832500,9206500,374000
104503,chr17,8858500,9026500,168000
104504,chr17,8858500,9155500,297000
104505,chr17,8965500,9155500,190000
104507,chr17,9250500,9386500,136000
104510,chr17,9388500,9557500,169000
104524,chr17,9821500,9973500,152000
104532,chr17,10535500,10749500,214000
104533,chr17,10537500,10585500,48000
104535,chr17,10554500,10651500,97000
104536,chr17,10554500,10719500,165000
104538,chr17,10585500,10651500,66000
104542,chr17,15925500,16045500,120000
104544,chr17,16051500,16211500,160000
104553,chr17,17615500,17787500,172000
104554,chr17,17614500,17804500,190000
104555,chr17,17628500,17833500,205000
104556,chr17,17668500,17711500,43000
104557,chr17,17787500,17865500,78000
104559,chr17,12256500,12640500,384000
104562,chr17,12259500,12468500,209000
104564,chr17,12445500,12589500,144000
104566,chr17,12635500,12673500,38000
104567,chr17,12754500,12878500,124000
104568,chr17,12880500,13028500,148000
104569,chr17,13100500,13213500,113000
104587,chr17,13902500,14051500,149000
104591,chr17,14332500,14442500,110000
104595,chr17,14388500,14421500,33000
104596,chr17,14452500,14741500,289000
104597,chr17,14453500,14508500,55000
104598,chr17,14509500,15125500,616000
104599,chr17,14524500,14739500,215000
104600,chr17,14744500,15125500,381000
104602,chr17,14765500,15100500,335000
104609,chr17,15284500,15689500,405000
104610,chr17,15427500,15599500,172000
104611,chr17,15428500,15467500,39000
104613,chr17,15598500,15662500,64000
104614,chr17,15599500,15688500,89000
104616,chr17,15700500,15743500,43000
104620,chr17,15719500,15784500,65000
104626,chr17,15747500,15925500,178000
104627,chr17,15750500,15785500,35000
104629,chr17,15784500,15925500,141000
104633,chr17,15857500,15900500,43000
104635,chr17,15927500,15967500,40000
104637,chr17,15934500,15984500,50000
104654,chr17,22572500,22629500,57000
104662,chr17,23767500,23820500,53000
104663,chr17,23790500,23827500,37000
104664,chr17,23789500,23848500,59000
104666,chr17,21166500,21229500,63000
104671,chr17,21492500,21668500,176000
104672,chr17,21492500,21754500,262000
104673,chr17,21644500,21754500,110000
104676,chr17,18007500,18115500,108000
104677,chr17,18065500,18116500,51000
104679,chr17,23968500,24067500,99000
104680,chr17,23993500,24025500,32000
104682,chr17,24093500,24179500,86000
104687,chr17,24351500,24468500,117000
104689,chr17,24371500,24462500,91000
104691,chr17,24388500,24633500,245000
104700,chr17,24748500,24940500,192000
104701,chr17,24750500,24914500,164000
104702,chr17,24759500,24886500,127000
104708,chr17,24965500,25100500,135000
104710,chr17,24992500,25036500,44000
104714,chr17,25179500,25233500,54000
104715,chr17,25234500,25404500,170000
104718,chr17,25342500,25582500,240000
104719,chr17,25404500,25492500,88000
104720,chr17,25406500,25459500,53000
104721,chr17,25406500,25441500,35000
104722,chr17,25441500,25492500,51000
104725,chr17,25507500,25582500,75000
104726,chr17,25508500,25727500,219000
104727,chr17,25553500,25726500,173000
104728,chr17,25617500,25726500,109000
104730,chr17,25870500,25917500,47000
104731,chr17,25950500,25992500,42000
104732,chr17,29822500,30007500,185000
104733,chr17,29948500,30102500,154000
104734,chr17,29982500,30102500,120000
104736,chr17,30015500,30076500,61000
104737,chr17,30113500,30427500,314000
104738,chr17,30114500,30325500,211000
104739,chr17,30125500,30746500,621000
104740,chr17,30129500,30673500,544000
104741,chr17,30194500,30674500,480000
104744,chr17,30233500,30673500,440000
104751,chr17,30779500,30866500,87000
104753,chr17,30966500,31208500,242000
104754,chr17,31037500,31169500,132000
104755,chr17,31037500,31208500,171000
104756,chr17,31063500,31169500,106000
104757,chr17,31230500,31710500,480000
104758,chr17,31277500,31333500,56000
104759,chr17,31340500,31548500,208000
104760,chr17,31341500,31406500,65000
104761,chr17,31341500,31462500,121000
104762,chr17,31341500,31710500,369000
104763,chr17,31357500,31461500,104000
104764,chr17,31357500,31525500,168000
104767,chr17,31596500,31883500,287000
104768,chr17,31597500,31648500,51000
104769,chr17,31597500,31686500,89000
104770,chr17,31687500,31883500,196000
104771,chr17,31712500,31884500,172000
104774,chr17,31739500,31783500,44000
104775,chr17,31747500,31881500,134000
104776,chr17,31748500,31804500,56000
104778,chr17,31748500,31864500,116000
104780,chr17,31750500,31782500,32000
104781,chr17,31784500,31855500,71000
104782,chr17,31784500,31877500,93000
104783,chr17,31825500,31883500,58000
104784,chr17,31911500,31970500,59000
104786,chr17,27775500,28040500,265000
104790,chr17,27871500,28298500,427000
104791,chr17,27923500,28298500,375000
104792,chr17,28039500,28127500,88000
104795,chr17,28059500,28126500,67000
104796,chr17,28075500,28298500,223000
104798,chr17,28208500,28382500,174000
104799,chr17,28209500,28297500,88000
104800,chr17,28303500,28382500,79000
104801,chr17,28303500,28434500,131000
104802,chr17,28325500,28382500,57000
104803,chr17,28424500,28528500,104000
104804,chr17,28444500,28547500,103000
104805,chr17,28445500,28479500,34000
104806,chr17,28445500,28741500,296000
104807,chr17,28494500,28527500,33000
104808,chr17,28552500,28747500,195000
104810,chr17,28592500,28771500,179000
104811,chr17,28605500,28747500,142000
104812,chr17,28626500,28747500,121000
104813,chr17,28674500,28747500,73000
104814,chr17,28812500,28867500,55000
104817,chr17,28910500,29147500,237000
104819,chr17,28981500,29145500,164000
104820,chr17,28995500,29144500,149000
104821,chr17,29099500,29145500,46000
104828,chr17,29237500,29465500,228000
104829,chr17,29238500,29389500,151000
104830,chr17,29252500,29483500,231000
104836,chr17,29299500,29483500,184000
104838,chr17,29315500,29389500,74000
104840,chr17,29483500,29710500,227000
104841,chr17,29519500,29733500,214000
104842,chr17,29616500,29732500,116000
104843,chr17,29616500,29711500,95000
104848,chr17,29656500,29711500,55000
104849,chr17,29671500,29709500,38000
104852,chr17,29748500,29974500,226000
104857,chr17,31870500,32273500,403000
104860,chr17,31903500,32322500,419000
104862,chr17,32029500,32073500,44000
104865,chr17,32294500,32713500,419000
104866,chr17,32345500,32429500,84000
104867,chr17,32384500,32611500,227000
104868,chr17,32419500,32530500,111000
104870,chr17,32441500,32531500,90000
104871,chr17,32502500,32539500,37000
104872,chr17,32568500,32665500,97000
104873,chr17,32569500,32607500,38000
104874,chr17,32668500,32713500,45000
104875,chr17,32747500,33210500,463000
104876,chr17,32748500,32899500,151000
104877,chr17,32748500,33169500,421000
104893,chr17,32855500,32899500,44000
104894,chr17,32855500,33086500,231000
104895,chr17,32855500,33169500,314000
104896,chr17,32856500,32969500,113000
104897,chr17,32947500,33210500,263000
104898,chr17,32948500,33086500,138000
104899,chr17,32948500,33170500,222000
104900,chr17,33007500,33211500,204000
104901,chr17,33008500,33169500,161000
104902,chr17,33076500,33170500,94000
104904,chr17,33095500,33167500,72000
104906,chr17,33124500,33167500,43000
104907,chr17,33123500,33211500,88000
104912,chr17,33658500,33712500,54000
104913,chr17,33658500,33757500,99000
104915,chr17,33938500,33978500,40000
104921,chr17,25920500,26020500,100000
104922,chr17,25951500,26019500,68000
104924,chr17,26012500,26049500,37000
104925,chr17,26230500,26310500,80000
104926,chr17,26260500,26310500,50000
104927,chr17,26318500,26452500,134000
104928,chr17,26339500,26452500,113000
104935,chr17,26495500,26671500,176000
104936,chr17,26496500,26640500,144000
104938,chr17,26533500,26671500,138000
104942,chr17,26683500,26897500,214000
104943,chr17,26683500,26936500,253000
104944,chr17,26685500,26818500,133000
104945,chr17,26725500,26934500,209000
104946,chr17,26727500,26781500,54000
104947,chr17,26727500,26817500,90000
104948,chr17,26728500,26767500,39000
104950,chr17,26880500,27105500,225000
104951,chr17,26917500,27105500,188000
104952,chr17,26936500,27105500,169000
104953,chr17,27115500,27219500,104000
104955,chr17,27222500,27326500,104000
104956,chr17,27222500,27342500,120000
104957,chr17,27223500,27305500,82000
104959,chr17,27252500,27341500,89000
104960,chr17,27252500,27739500,487000
104966,chr17,27354500,27739500,385000
104967,chr17,27384500,27613500,229000
104968,chr17,27384500,27739500,355000
104972,chr17,27432500,27738500,306000
104973,chr17,27432500,27612500,180000
104974,chr17,27456500,27637500,181000
104975,chr17,27476500,27740500,264000
104976,chr17,27518500,27739500,221000
104977,chr17,27669500,27738500,69000
104978,chr17,27753500,27811500,58000
104980,chr17,27754500,27847500,93000
104982,chr17,41148500,41230500,82000
104990,chr17,35894500,36183500,289000
104992,chr17,36012500,36178500,166000
104994,chr17,36141500,36304500,163000
104996,chr17,36150500,36228500,78000
104998,chr17,36158500,36196500,38000
105006,chr17,36308500,36346500,38000
105025,chr17,36668500,36729500,61000
105031,chr17,36675500,37088500,413000
105033,chr17,36730500,37037500,307000
105036,chr17,37134500,37208500,74000
105037,chr17,37135500,37225500,90000
105039,chr17,37203500,37395500,192000
105040,chr17,37204500,37514500,310000
105041,chr17,37225500,37514500,289000
105043,chr17,37258500,37358500,100000
105044,chr17,37257500,37512500,255000
105047,chr17,37284500,37339500,55000
105048,chr17,37284500,37391500,107000
105052,chr17,37308500,37391500,83000
105055,chr17,37339500,37390500,51000
105056,chr17,37337500,37508500,171000
105063,chr17,37424500,37487500,63000
105070,chr17,33771500,34021500,250000
105071,chr17,33817500,34044500,227000
105073,chr17,33903500,34044500,141000
105074,chr17,33904500,34022500,118000
105075,chr17,33979500,34024500,45000
105079,chr17,34040500,34171500,131000
105087,chr17,34116500,34188500,72000
105093,chr17,34150500,34198500,48000
105094,chr17,34188500,34222500,34000
105095,chr17,34188500,34387500,199000
105097,chr17,34199500,34243500,44000
105099,chr17,34253500,34387500,134000
105101,chr17,34296500,34423500,127000
105102,chr17,34320500,34387500,67000
105105,chr17,34353500,34386500,33000
105106,chr17,34391500,34600500,209000
105107,chr17,34390500,34423500,33000
105108,chr17,34390500,34568500,178000
105109,chr17,34390500,34630500,240000
105111,chr17,34427500,34569500,142000
105112,chr17,34427500,34600500,173000
105113,chr17,34427500,34629500,202000
105115,chr17,34469500,34532500,63000
105117,chr17,34658500,34839500,181000
105119,chr17,34790500,34870500,80000
105120,chr17,34809500,34847500,38000
105122,chr17,34823500,35068500,245000
105123,chr17,34824500,34864500,40000
105124,chr17,34848500,35114500,266000
105125,chr17,34865500,35114500,249000
105126,chr17,34872500,35023500,151000
105127,chr17,35073500,35201500,128000
105128,chr17,35074500,35131500,57000
105129,chr17,35110500,35167500,57000
105131,chr17,35171500,35353500,182000
105132,chr17,35170500,35461500,291000
105133,chr17,35171500,35384500,213000
105136,chr17,35219500,35461500,242000
105138,chr17,35240500,35278500,38000
105139,chr17,35240500,35455500,215000
105146,chr17,35370500,35469500,99000
105148,chr17,35387500,35493500,106000
105152,chr17,35477500,35521500,44000
105156,chr17,35896500,35976500,80000
105157,chr17,42923500,43093500,170000
105158,chr17,42969500,43092500,123000
105159,chr17,42970500,43028500,58000
105160,chr17,43096500,43254500,158000
105161,chr17,43299500,43576500,277000
105163,chr17,43300500,43540500,240000
105167,chr17,43324500,43576500,252000
105169,chr17,43327500,43388500,61000
105170,chr17,43327500,43470500,143000
105174,chr17,43576500,43807500,231000
105175,chr17,43577500,43637500,60000
105178,chr17,44110500,44442500,332000
105179,chr17,44483500,44567500,84000
105180,chr17,44520500,44567500,47000
105188,chr17,45384500,45522500,138000
105189,chr17,45384500,45562500,178000
105190,chr17,45384500,45685500,301000
105191,chr17,45524500,45684500,160000
105197,chr17,45790500,45891500,101000
105199,chr17,45875500,45968500,93000
105200,chr17,45895500,45939500,44000
105201,chr17,45894500,45966500,72000
105203,chr17,45893500,46030500,137000
105205,chr17,46042500,46562500,520000
105206,chr17,46044500,46513500,469000
105207,chr17,46117500,46343500,226000
105208,chr17,46158500,46298500,140000
105209,chr17,46158500,46386500,228000
105210,chr17,46185500,46341500,156000
105211,chr17,46350500,46443500,93000
105215,chr17,46577500,46609500,32000
105216,chr17,46576500,46704500,128000
105217,chr17,46647500,46768500,121000
105220,chr17,46835500,46947500,112000
105222,chr17,46866500,46992500,126000
105223,chr17,46912500,46947500,35000
105224,chr17,46959500,46991500,32000
105226,chr17,46966500,47035500,69000
105228,chr17,47039500,47199500,160000
105229,chr17,47094500,47169500,75000
105231,chr17,47094500,47186500,92000
105233,chr17,47123500,47167500,44000
105236,chr17,47202500,47450500,248000
105239,chr17,47286500,47423500,137000
105240,chr17,47350500,47423500,73000
105241,chr17,47350500,47640500,290000
105242,chr17,47350500,47681500,331000
105244,chr17,47679500,47922500,243000
105245,chr17,47682500,47739500,57000
105246,chr17,47682500,47793500,111000
105247,chr17,47697500,47739500,42000
105248,chr17,47719500,47793500,74000
105250,chr17,47820500,47985500,165000
105251,chr17,47822500,47920500,98000
105252,chr17,47823500,47881500,58000
105253,chr17,47817500,48048500,231000
105254,chr17,47957500,48005500,48000
105255,chr17,47958500,48052500,94000
105259,chr17,48049500,48234500,185000
105260,chr17,48104500,48287500,183000
105262,chr17,48144500,48407500,263000
105263,chr17,48184500,48287500,103000
105264,chr17,48186500,48232500,46000
105265,chr17,48213500,48410500,197000
105266,chr17,48213500,48288500,75000
105267,chr17,48213500,48341500,128000
105268,chr17,48213500,48354500,141000
105269,chr17,48234500,48286500,52000
105270,chr17,48286500,48408500,122000
105271,chr17,48450500,48644500,194000
105273,chr17,48583500,48716500,133000
105276,chr17,48723500,48908500,185000
105280,chr17,48775500,48845500,70000
105281,chr17,49131500,49489500,358000
105282,chr17,49239500,49430500,191000
105283,chr17,49241500,49356500,115000
105284,chr17,49431500,49488500,57000
105285,chr17,49515500,49565500,50000
105289,chr17,53838500,54000500,162000
105290,chr17,53964500,54139500,175000
105292,chr17,54001500,54139500,138000
105293,chr17,54322500,54369500,47000
105299,chr17,52909500,52950500,41000
105303,chr17,53786500,53875500,89000
105305,chr17,49818500,50205500,387000
105306,chr17,49837500,50032500,195000
105307,chr17,50101500,50205500,104000
105311,chr17,50243500,50544500,301000
105312,chr17,50243500,50599500,356000
105313,chr17,50243500,51102500,859000
105314,chr17,50258500,50544500,286000
105315,chr17,50275500,50599500,324000
105318,chr17,50816500,51101500,285000
105321,chr17,56264500,56317500,53000
105322,chr17,56264500,56344500,80000
105324,chr17,56265500,56384500,119000
105325,chr17,56283500,56317500,34000
105327,chr17,56326500,56371500,45000
105333,chr17,56419500,56466500,47000
105334,chr17,56441500,56657500,216000
105335,chr17,56440500,56508500,68000
105337,chr17,56460500,56835500,375000
105339,chr17,56610500,56782500,172000
105342,chr17,56619500,56881500,262000
105343,chr17,56623500,56997500,374000
105346,chr17,56643500,56858500,215000
105347,chr17,56643500,56976500,333000
105348,chr17,56665500,56975500,310000
105350,chr17,56732500,56785500,53000
105351,chr17,56732500,56817500,85000
105352,chr17,56782500,56816500,34000
105353,chr17,56809500,56856500,47000
105354,chr17,56810500,56975500,165000
105355,chr17,56815500,57064500,249000
105356,chr17,56862500,56976500,114000
105358,chr17,56873500,56908500,35000
105359,chr17,56891500,56934500,43000
105360,chr17,56891500,56980500,89000
105362,chr17,56919500,57023500,104000
105365,chr17,57024500,57064500,40000
105366,chr17,57043500,57243500,200000
105367,chr17,57070500,57298500,228000
105368,chr17,57072500,57138500,66000
105369,chr17,57071500,57318500,247000
105372,chr17,57072500,57166500,94000
105373,chr17,57115500,57194500,79000
105374,chr17,57115500,57243500,128000
105376,chr17,57139500,57184500,45000
105378,chr17,57297500,57555500,258000
105379,chr17,57303500,57474500,171000
105381,chr17,57338500,57555500,217000
105385,chr17,57367500,57555500,188000
105386,chr17,57474500,57642500,168000
105388,chr17,57584500,57639500,55000
105391,chr17,64111500,64171500,60000
105392,chr17,64538500,64682500,144000
105393,chr17,64865500,64908500,43000
105394,chr17,64907500,65224500,317000
105396,chr17,65379500,65540500,161000
105397,chr17,65378500,65559500,181000
105398,chr17,65380500,65632500,252000
105399,chr17,58021500,58059500,38000
105402,chr17,65920500,66031500,111000
105404,chr17,66032500,66090500,58000
105406,chr17,66191500,66384500,193000
105408,chr17,66258500,66408500,150000
105412,chr17,66460500,66527500,67000
105415,chr17,66542500,66670500,128000
105418,chr17,66545500,66650500,105000
105419,chr17,66593500,66789500,196000
105420,chr17,66633500,66796500,163000
105422,chr17,66671500,66757500,86000
105424,chr17,66760500,66792500,32000
105427,chr17,66987500,67062500,75000
105430,chr17,71015500,71072500,57000
105431,chr17,71014500,71276500,262000
105432,chr17,71043500,71276500,233000
105434,chr17,71058500,71158500,100000
105435,chr17,71057500,71296500,239000
105436,chr17,71057500,71175500,118000
105438,chr17,71062500,71276500,214000
105439,chr17,71075500,71276500,201000
105440,chr17,71137500,71175500,38000
105442,chr17,71152500,71275500,123000
105447,chr17,71373500,71536500,163000
105448,chr17,71394500,71502500,108000
105449,chr17,71727500,71781500,54000
105450,chr17,71782500,71833500,51000
105451,chr17,71833500,71923500,90000
105452,chr17,71834500,71905500,71000
105453,chr17,71859500,71923500,64000
105468,chr17,69465500,69583500,118000
105469,chr17,69584500,69689500,105000
105473,chr17,72000500,72180500,180000
105475,chr17,72088500,72179500,91000
105478,chr17,72216500,72548500,332000
105479,chr17,72239500,72585500,346000
105483,chr17,73144500,73225500,81000
105484,chr17,73144500,73415500,271000
105485,chr17,73161500,73420500,259000
105487,chr17,73165500,73224500,59000
105489,chr17,73225500,73316500,91000
105490,chr17,73224500,73415500,191000
105492,chr17,73610500,73879500,269000
105498,chr17,78504500,78742500,238000
105499,chr17,78505500,78762500,257000
105500,chr17,78767500,78911500,144000
105501,chr17,78943500,79043500,100000
105502,chr17,79044500,79142500,98000
105503,chr17,79142500,79244500,102000
105504,chr17,79143500,79222500,79000
105505,chr17,79145500,79188500,43000
105506,chr17,79190500,79222500,32000
105508,chr17,79223500,79328500,105000
105513,chr17,79291500,79888500,597000
105517,chr17,79418500,79808500,390000
105523,chr17,73609500,74111500,502000
105525,chr17,74031500,74188500,157000
105526,chr17,74111500,74188500,77000
105527,chr17,74326500,74464500,138000
105529,chr17,74499500,74601500,102000
105533,chr17,74635500,74737500,102000
105537,chr17,74645500,74835500,190000
105538,chr17,74646500,74703500,57000
105539,chr17,74741500,74795500,54000
105541,chr17,74796500,74834500,38000
105542,chr17,75679500,75843500,164000
105544,chr17,79921500,80147500,226000
105545,chr17,79970500,80021500,51000
105548,chr17,80022500,80284500,262000
105549,chr17,80060500,80147500,87000
105550,chr17,80059500,80312500,253000
105551,chr17,80152500,80311500,159000
105552,chr17,80203500,80284500,81000
105553,chr17,80202500,80312500,110000
105554,chr17,80326500,80500500,174000
105556,chr17,80356500,80486500,130000
105557,chr17,80356500,80500500,144000
105561,chr17,80514500,80563500,49000
105563,chr17,80515500,80866500,351000
105566,chr17,80548500,80639500,91000
105568,chr17,80680500,80867500,187000
105569,chr17,80762500,80865500,103000
105570,chr17,80877500,81290500,413000
105571,chr17,80878500,81123500,245000
105572,chr17,80908500,81124500,216000
105573,chr17,80908500,81289500,381000
105574,chr17,80908500,81323500,415000
105575,chr17,80927500,81324500,397000
105576,chr17,80942500,81036500,94000
105579,chr17,81034500,81251500,217000
105581,chr17,81036500,81093500,57000
105582,chr17,81036500,81109500,73000
105584,chr17,81140500,81323500,183000
105585,chr17,81302500,81405500,103000
105587,chr17,82579500,82639500,60000
105588,chr17,82581500,82615500,34000
105589,chr17,83332500,83572500,240000
105594,chr17,83579500,83919500,340000
105595,chr17,83583500,83832500,249000
105596,chr17,83871500,84159500,288000
105599,chr17,83960500,84014500,54000
105600,chr17,83975500,84012500,37000
105601,chr17,83974500,84037500,63000
105603,chr17,84095500,84158500,63000
105604,chr17,84116500,84158500,42000
105612,chr17,84178500,84663500,485000
105613,chr17,84180500,84335500,155000
105615,chr17,84210500,84548500,338000
105616,chr17,84210500,84336500,126000
105617,chr17,84210500,84498500,288000
105619,chr17,84211500,84667500,456000
105620,chr17,84211500,84728500,517000
105622,chr17,84280500,84497500,217000
105623,chr17,84280500,84665500,385000
105625,chr17,84281500,84333500,52000
105626,chr17,84281500,84548500,267000
105628,chr17,84313500,84663500,350000
105629,chr17,84336500,84664500,328000
105630,chr17,84421500,84549500,128000
105631,chr17,84492500,84661500,169000
105634,chr17,85006500,85093500,87000
105635,chr17,85098500,85265500,167000
105637,chr17,85145500,85330500,185000
105641,chr17,85185500,85330500,145000
105643,chr17,85265500,85397500,132000
105647,chr17,85425500,85642500,217000
105648,chr17,85426500,85465500,39000
105651,chr17,85598500,85942500,344000
105653,chr17,85794500,85918500,124000
105654,chr17,85953500,85990500,37000
105657,chr17,87983500,88280500,297000
105658,chr17,87990500,88027500,37000
105659,chr17,87998500,88256500,258000
105662,chr17,88081500,88275500,194000
105663,chr17,88106500,88184500,78000
105664,chr17,88188500,88276500,88000
105666,chr17,88333500,88620500,287000
105668,chr17,88333500,88480500,147000
105672,chr17,88562500,88865500,303000
105673,chr17,88564500,88836500,272000
105674,chr17,88565500,88776500,211000
105675,chr17,88623500,88819500,196000
105676,chr17,88687500,88818500,131000
105677,chr17,88713500,88818500,105000
105678,chr17,88748500,88837500,89000
105683,chr17,88961500,89229500,268000
105685,chr17,86469500,86779500,310000
105686,chr17,86470500,86562500,92000
105692,chr17,86792500,87139500,347000
105693,chr17,86792500,87119500,327000
105696,chr17,86804500,87213500,409000
105697,chr17,86843500,87140500,297000
105698,chr17,87022500,87059500,37000
105700,chr17,87271500,87332500,61000
105702,chr17,87414500,87573500,159000
105703,chr17,87557500,87879500,322000
105704,chr17,87657500,87878500,221000
105705,chr17,87734500,87877500,143000
105707,chr17,87780500,87835500,55000
105708,chr17,87840500,87876500,36000
105709,chr17,87910500,87943500,33000
105710,chr17,87945500,87979500,34000
105717,chr17,94929500,95037500,108000
105718,chr17,95057500,95172500,115000
105719,chr17,95059500,95141500,82000
105724,chr17,90578500,90763500,185000
105725,chr17,90579500,90696500,117000
105726,chr17,90699500,90762500,63000
105729,chr18,3496500,3794500,298000
105730,chr18,3495500,4140500,645000
105733,chr18,4282500,4322500,40000
105743,chr18,5161500,5990500,829000
105744,chr18,5163500,5376500,213000
105745,chr18,5163500,5423500,260000
105747,chr18,5425500,5591500,166000
105748,chr18,5592500,5819500,227000
105760,chr18,6055500,6165500,110000
105765,chr18,6136500,6240500,104000
105767,chr18,6219500,6439500,220000
105773,chr18,6282500,6489500,207000
105777,chr18,6702500,7565500,863000
105782,chr18,7705500,7756500,51000
105787,chr18,9982500,10024500,42000
105792,chr18,10293500,10502500,209000
105793,chr18,10554500,10799500,245000
105796,chr18,10827500,11051500,224000
105806,chr18,14646500,14760500,114000
105809,chr18,15023500,15200500,177000
105813,chr18,11970500,12104500,134000
105814,chr18,11970500,12209500,239000
105815,chr18,11974500,12018500,44000
105820,chr18,12302500,12369500,67000
105821,chr18,12324500,12370500,46000
105823,chr18,12350500,12860500,510000
105825,chr18,12371500,12571500,200000
105826,chr18,12574500,12859500,285000
105827,chr18,12592500,12651500,59000
105831,chr18,12876500,12995500,119000
105832,chr18,12996500,13075500,79000
105833,chr18,12998500,13106500,108000
105836,chr18,13160500,13272500,112000
105837,chr18,13160500,13319500,159000
105839,chr18,20608500,20700500,92000
105840,chr18,20622500,20739500,117000
105844,chr18,21029500,21073500,44000
105846,chr18,21029500,21134500,105000
105847,chr18,21077500,21135500,58000
105849,chr18,21095500,21133500,38000
105850,chr18,21125500,21255500,130000
105851,chr18,21139500,21196500,57000
105853,chr18,21155500,21254500,99000
105854,chr18,21155500,21516500,361000
105856,chr18,21171500,21569500,398000
105857,chr18,21172500,21442500,270000
105861,chr18,21204500,21251500,47000
105863,chr18,22164500,22337500,173000
105865,chr18,23515500,23699500,184000
105866,chr18,24075500,24116500,41000
105867,chr18,24075500,24178500,103000
105868,chr18,24088500,24120500,32000
105869,chr18,24087500,24153500,66000
105872,chr18,24153500,24339500,186000
105879,chr18,24180500,24436500,256000
105880,chr18,24183500,24287500,104000
105882,chr18,24204500,24254500,50000
105888,chr18,24254500,24339500,85000
105889,chr18,24440500,24650500,210000
105896,chr18,24806500,25002500,196000
105898,chr18,24808500,24840500,32000
105899,chr18,24839500,25023500,184000
105900,chr18,24839500,25045500,206000
105902,chr18,24841500,25003500,162000
105905,chr18,25416500,25649500,233000
105907,chr18,25456500,25666500,210000
105909,chr18,25671500,25803500,132000
105911,chr18,25672500,25887500,215000
105913,chr18,25688500,25887500,199000
105914,chr18,25717500,25860500,143000
105915,chr18,25754500,25859500,105000
105916,chr18,25754500,25804500,50000
105917,chr18,30498500,31726500,1228000
105918,chr18,30499500,30662500,163000
105923,chr18,31322500,31381500,59000
105924,chr18,31649500,31726500,77000
105926,chr18,31767500,31893500,126000
105928,chr18,31937500,32043500,106000
105929,chr18,32045500,32247500,202000
105930,chr18,32046500,32373500,327000
105931,chr18,32047500,32281500,234000
105932,chr18,32049500,32218500,169000
105935,chr18,32200500,32296500,96000
105937,chr18,32267500,32373500,106000
105938,chr18,32297500,32373500,76000
105939,chr18,32417500,32605500,188000
105940,chr18,32416500,32525500,109000
105941,chr18,32417500,32548500,131000
105942,chr18,32617500,32970500,353000
105953,chr18,33346500,33925500,579000
105961,chr18,37650500,38015500,365000
105962,chr18,37823500,38014500,191000
105967,chr18,38147500,38419500,272000
105968,chr18,38145500,38684500,539000
105969,chr18,38147500,38394500,247000
105970,chr18,38146500,38592500,446000
105972,chr18,38147500,38372500,225000
105974,chr18,38158500,38372500,214000
105976,chr18,38280500,38344500,64000
105979,chr18,38470500,38592500,122000
105980,chr18,38471500,38552500,81000
105982,chr18,38503500,38553500,50000
105983,chr18,38503500,38592500,89000
105985,chr18,38617500,38936500,319000
105986,chr18,38691500,38935500,244000
105987,chr18,38692500,38978500,286000
105988,chr18,38714500,38978500,264000
105989,chr18,38714500,39062500,348000
105991,chr18,38738500,38935500,197000
105992,chr18,38936500,39063500,127000
105993,chr18,38966500,39063500,97000
105994,chr18,39073500,39224500,151000
106005,chr18,33968500,34160500,192000
106006,chr18,33968500,34023500,55000
106007,chr18,34023500,34163500,140000
106009,chr18,34235500,34463500,228000
106010,chr18,34237500,34392500,155000
106011,chr18,34240500,34355500,115000
106013,chr18,34734500,34766500,32000
106019,chr18,34757500,34911500,154000
106024,chr18,34910500,34993500,83000
106028,chr18,34983500,35032500,49000
106030,chr18,34993500,35065500,72000
106031,chr18,34993500,35087500,94000
106036,chr18,35029500,35392500,363000
106037,chr18,35039500,35079500,40000
106049,chr18,35088500,35155500,67000
106050,chr18,35088500,35252500,164000
106057,chr18,35102500,35397500,295000
106058,chr18,35106500,35542500,436000
106064,chr18,35154500,35270500,116000
106065,chr18,35154500,35309500,155000
106068,chr18,35156500,35201500,45000
106071,chr18,35178500,35251500,73000
106073,chr18,35201500,35251500,50000
106081,chr18,35716500,35749500,33000
106083,chr18,35842500,35882500,40000
106084,chr18,35888500,35958500,70000
106087,chr18,35944500,36034500,90000
106088,chr18,35944500,36038500,94000
106089,chr18,35963500,36006500,43000
106090,chr18,35963500,36021500,58000
106091,chr18,35962500,36069500,107000
106099,chr18,36091500,36164500,73000
106101,chr18,36094500,36330500,236000
106102,chr18,36115500,36254500,139000
106103,chr18,36156500,36253500,97000
106104,chr18,36218500,36255500,37000
106105,chr18,36219500,36461500,242000
106106,chr18,36330500,36461500,131000
106108,chr18,36330500,36419500,89000
106110,chr18,36357500,36418500,61000
106114,chr18,36416500,36653500,237000
106115,chr18,36419500,36452500,33000
106116,chr18,36464500,36657500,193000
106117,chr18,36480500,36658500,178000
106118,chr18,36535500,36619500,84000
106120,chr18,36620500,36657500,37000
106121,chr18,36693500,36812500,119000
106122,chr18,36695500,36875500,180000
106123,chr18,36790500,36872500,82000
106124,chr18,36812500,36871500,59000
106134,chr18,37488500,37546500,58000
106135,chr18,37581500,37619500,38000
106136,chr18,37649500,37861500,212000
106137,chr18,37649500,37878500,229000
106138,chr18,37650500,37815500,165000
106140,chr18,37650500,37985500,335000
106141,chr18,37651500,37703500,52000
106142,chr18,37652500,37787500,135000
106143,chr18,37897500,37986500,89000
106145,chr18,37902500,37958500,56000
106146,chr18,37939500,37985500,46000
106148,chr18,37940500,37974500,34000
106152,chr18,42125500,42352500,227000
106153,chr18,42144500,42353500,209000
106154,chr18,42343500,42384500,41000
106155,chr18,42408500,42645500,237000
106156,chr18,42425500,42601500,176000
106158,chr18,42476500,42722500,246000
106159,chr18,42502500,42600500,98000
106167,chr18,43310500,43455500,145000
106169,chr18,43439500,43656500,217000
106171,chr18,43555500,43656500,101000
106174,chr18,45508500,46272500,764000
106179,chr18,46445500,46659500,214000
106184,chr18,46480500,46697500,217000
106186,chr18,46659500,46874500,215000
106190,chr18,46734500,46931500,197000
106194,chr18,46848500,47049500,201000
106195,chr18,46910500,47080500,170000
106198,chr18,47127500,47500500,373000
106199,chr18,47501500,47627500,126000
106200,chr18,44010500,44144500,134000
106202,chr18,44444500,44513500,69000
106203,chr18,44534500,44954500,420000
106206,chr18,44795500,44961500,166000
106207,chr18,44852500,44932500,80000
106211,chr18,45508500,45777500,269000
106214,chr18,50945500,50993500,48000
106215,chr18,53862500,54084500,222000
106216,chr18,53879500,54084500,205000
106221,chr18,53310500,53549500,239000
106222,chr18,53312500,53489500,177000
106223,chr18,53348500,53488500,140000
106225,chr18,53710500,53805500,95000
106227,chr18,56496500,56656500,160000
106228,chr18,56496500,56635500,139000
106229,chr18,56495500,56671500,176000
106230,chr18,56510500,56737500,227000
106231,chr18,56511500,56636500,125000
106232,chr18,56511500,56671500,160000
106234,chr18,56706500,56841500,135000
106235,chr18,56742500,56860500,118000
106236,chr18,56742500,57058500,316000
106237,chr18,56742500,57108500,366000
106238,chr18,56744500,56843500,99000
106239,chr18,56746500,56809500,63000
106240,chr18,56746500,56878500,132000
106249,chr18,57266500,57487500,221000
106251,chr18,57519500,58013500,494000
106257,chr18,58110500,58641500,531000
106259,chr18,58642500,58748500,106000
106267,chr18,60730500,60904500,174000
106268,chr18,60730500,60776500,46000
106269,chr18,60843500,61111500,268000
106270,chr18,60859500,60911500,52000
106271,chr18,60908500,60981500,73000
106275,chr18,60991500,61173500,182000
106277,chr18,61310500,61533500,223000
106280,chr18,61342500,61417500,75000
106281,chr18,61343500,61622500,279000
106282,chr18,61345500,61532500,187000
106287,chr18,61640500,61818500,178000
106288,chr18,61683500,61799500,116000
106289,chr18,61688500,61859500,171000
106298,chr18,63870500,64476500,606000
106302,chr18,63904500,64476500,572000
106303,chr18,63904500,64423500,519000
106304,chr18,63905500,64497500,592000
106305,chr18,63905500,64461500,556000
106306,chr18,63946500,64499500,553000
106309,chr18,63993500,64497500,504000
106310,chr18,63995500,64147500,152000
106311,chr18,63995500,64400500,405000
106313,chr18,63997500,64058500,61000
106316,chr18,64058500,64476500,418000
106317,chr18,64395500,64599500,204000
106318,chr18,64476500,64600500,124000
106324,chr18,64876500,65124500,248000
106326,chr18,65020500,65124500,104000
106327,chr18,65023500,65067500,44000
106328,chr18,65021500,65147500,126000
106329,chr18,65155500,65390500,235000
106336,chr18,65645500,65875500,230000
106337,chr18,65646500,65785500,139000
106338,chr18,65652500,65713500,61000
106339,chr18,65653500,65696500,43000
106342,chr18,61682500,62045500,363000
106344,chr18,61881500,62044500,163000
106345,chr18,61880500,62064500,184000
106346,chr18,61927500,62044500,117000
106355,chr18,62196500,62316500,120000
106360,chr18,62682500,63109500,427000
106361,chr18,62701500,63105500,404000
106363,chr18,63056500,63106500,50000
106367,chr18,63238500,63787500,549000
106368,chr18,63275500,63524500,249000
106371,chr18,63521500,63787500,266000
106372,chr18,63624500,63786500,162000
106373,chr18,63741500,63786500,45000
106382,chr18,73707500,73741500,34000
106383,chr18,73837500,73948500,111000
106384,chr18,70326500,70581500,255000
106385,chr18,70328500,70390500,62000
106386,chr18,70605500,70663500,58000
106387,chr18,70605500,70701500,96000
106388,chr18,70611500,70778500,167000
106389,chr18,70611500,70820500,209000
106390,chr18,70637500,70778500,141000
106405,chr18,68010500,68377500,367000
106406,chr18,68040500,68376500,336000
106407,chr18,68065500,68325500,260000
106408,chr18,68066500,68377500,311000
106409,chr18,68065500,68432500,367000
106410,chr18,68323500,68377500,54000
106412,chr18,68668500,68814500,146000
106413,chr18,68843500,68924500,81000
106418,chr18,69285500,69670500,385000
106419,chr18,69286500,69808500,522000
106420,chr18,69329500,69669500,340000
106423,chr18,69480500,69638500,158000
106424,chr18,69540500,69641500,101000
106425,chr18,69672500,69807500,135000
106429,chr18,65646500,66050500,404000
106431,chr18,65897500,66025500,128000
106436,chr18,66069500,66135500,66000
106439,chr18,66500500,66538500,38000
106445,chr18,67249500,67440500,191000
106446,chr18,67249500,67405500,156000
106447,chr18,67265500,67382500,117000
106448,chr18,67339500,67378500,39000
106449,chr18,67411500,67457500,46000
106451,chr18,67499500,67538500,39000
106452,chr18,67499500,67557500,58000
106456,chr18,67581500,67858500,277000
106459,chr18,67591500,67770500,179000
106460,chr18,67632500,67742500,110000
106462,chr18,67774500,67902500,128000
106463,chr18,67812500,67899500,87000
106465,chr18,67857500,67933500,76000
106470,chr18,74068500,74253500,185000
106472,chr18,74170500,74324500,154000
106483,chr18,74564500,74705500,141000
106486,chr18,74913500,75096500,183000
106488,chr18,74945500,75097500,152000
106489,chr18,74945500,75121500,176000
106492,chr18,74978500,75096500,118000
106493,chr18,74979500,75120500,141000
106494,chr18,75039500,75095500,56000
106495,chr18,75273500,75624500,351000
106496,chr18,75273500,75434500,161000
106497,chr18,75273500,75603500,330000
106498,chr18,75317500,75732500,415000
106499,chr18,75399500,75732500,333000
106501,chr18,75502500,75598500,96000
106509,chr18,75742500,75849500,107000
106510,chr18,80024500,80192500,168000
106511,chr18,80026500,80162500,136000
106513,chr18,80026500,80215500,189000
106516,chr18,80088500,80194500,106000
106519,chr18,80299500,80756500,457000
106520,chr18,80323500,80367500,44000
106521,chr18,80323500,80529500,206000
106522,chr18,80534500,80648500,114000
106527,chr18,80978500,81028500,50000
106528,chr18,81022500,81268500,246000
106531,chr18,81027500,81241500,214000
106533,chr18,81240500,81294500,54000
106534,chr18,81840500,81958500,118000
106535,chr18,77880500,78204500,324000
106536,chr18,77978500,78204500,226000
106537,chr18,78029500,78204500,175000
106545,chr18,75916500,76050500,134000
106546,chr18,75916500,76197500,281000
106548,chr18,75953500,76281500,328000
106549,chr18,75971500,76197500,226000
106558,chr18,76509500,77015500,506000
106559,chr18,76510500,76933500,423000
106561,chr18,76773500,76977500,204000
106562,chr18,76933500,77065500,132000
106563,chr18,76990500,77064500,74000
106564,chr18,77014500,77107500,93000
106573,chr18,77388500,77694500,306000
106574,chr18,77404500,77676500,272000
106575,chr18,77404500,77694500,290000
106576,chr18,77613500,77693500,80000
106578,chr18,77709500,77803500,94000
106579,chr18,77770500,77826500,56000
106580,chr18,88792500,89021500,229000
106587,chr18,84608500,84702500,94000
106588,chr18,84664500,84701500,37000
106590,chr18,84703500,84969500,266000
106591,chr18,84865500,84941500,76000
106592,chr18,84867500,84952500,85000
106595,chr18,82024500,82303500,279000
106597,chr18,82049500,82398500,349000
106599,chr18,82050500,82303500,253000
106600,chr18,82050500,82326500,276000
106602,chr18,82050500,82425500,375000
106603,chr18,82050500,82442500,392000
106604,chr18,82050500,82472500,422000
106608,chr18,82472500,82586500,114000
106609,chr18,82473500,82736500,263000
106610,chr18,82488500,82543500,55000
106612,chr18,82545500,82735500,190000
106613,chr18,82587500,82735500,148000
106617,chr18,82769500,82972500,203000
106619,chr18,82783500,82993500,210000
106620,chr18,82784500,82852500,68000
106621,chr18,82784500,82972500,188000
106624,chr18,82831500,82992500,161000
106625,chr18,82831500,82972500,141000
106626,chr18,82875500,82932500,57000
106627,chr18,82931500,82992500,61000
106629,chr18,82947500,82994500,47000
106631,chr18,83030500,83303500,273000
106632,chr18,83078500,83304500,226000
106633,chr18,83093500,83303500,210000
106634,chr18,83093500,83373500,280000
106635,chr18,90528500,90598500,70000
106636,chr19,3342500,3501500,159000
106637,chr19,3370500,3501500,131000
106639,chr19,3371500,3486500,115000
106640,chr19,3373500,3438500,65000
106643,chr19,3422500,3501500,79000
106644,chr19,3439500,3486500,47000
106645,chr19,3499500,3773500,274000
106646,chr19,3584500,3623500,39000
106647,chr19,3626500,3818500,192000
106648,chr19,3627500,3902500,275000
106649,chr19,3778500,3960500,182000
106650,chr19,3818500,3901500,83000
106651,chr19,3818500,3962500,144000
106652,chr19,3997500,4063500,66000
106653,chr19,3996500,4098500,102000
106655,chr19,4062500,4213500,151000
106656,chr19,4069500,4278500,209000
106658,chr19,4069500,4305500,236000
106659,chr19,4069500,4358500,289000
106660,chr19,4102500,4305500,203000
106662,chr19,4102500,4360500,258000
106663,chr19,4148500,4241500,93000
106664,chr19,4175500,4241500,66000
106666,chr19,4220500,4278500,58000
106668,chr19,4257500,4304500,47000
106669,chr19,4257500,4359500,102000
106670,chr19,4308500,4466500,158000
106671,chr19,4388500,4467500,79000
106672,chr19,4447500,4664500,217000
106673,chr19,4518500,5046500,528000
106674,chr19,4548500,4590500,42000
106675,chr19,4546500,5022500,476000
106679,chr19,4676500,4861500,185000
106680,chr19,4676500,4976500,300000
106682,chr19,4676500,5090500,414000
106684,chr19,4678500,5052500,374000
106685,chr19,4679500,4793500,114000
106686,chr19,4693500,4958500,265000
106687,chr19,4694500,5018500,324000
106689,chr19,4694500,5051500,357000
106690,chr19,4742500,5022500,280000
106691,chr19,4805500,5052500,247000
106692,chr19,4805500,4898500,93000
106700,chr19,5031500,5201500,170000
106702,chr19,5065500,5123500,58000
106705,chr19,5416500,5539500,123000
106708,chr19,5522500,5829500,307000
106709,chr19,5540500,5780500,240000
106712,chr19,5579500,5936500,357000
106713,chr19,5579500,5618500,39000
106714,chr19,5761500,5831500,70000
106725,chr19,5838500,6176500,338000
106729,chr19,5945500,6175500,230000
106730,chr19,5974500,6006500,32000
106731,chr19,5974500,6176500,202000
106732,chr19,6015500,6355500,340000
106733,chr19,6015500,6382500,367000
106734,chr19,6015500,6067500,52000
106735,chr19,6015500,6117500,102000
106736,chr19,6067500,6176500,109000
106741,chr19,6317500,6354500,37000
106745,chr19,6540500,6997500,457000
106746,chr19,6541500,6602500,61000
106747,chr19,6697500,6914500,217000
106749,chr19,6900500,6955500,55000
106751,chr19,7042500,7188500,146000
106752,chr19,7042500,7413500,371000
106753,chr19,7212500,7413500,201000
106755,chr19,7243500,7396500,153000
106756,chr19,7362500,7395500,33000
106757,chr19,7485500,7594500,109000
106758,chr19,7506500,7595500,89000
106760,chr19,8546500,8694500,148000
106761,chr19,8705500,8749500,44000
106762,chr19,8805500,8885500,80000
106764,chr19,8836500,9060500,224000
106770,chr19,8954500,9059500,105000
106771,chr19,8969500,9086500,117000
106779,chr19,14655500,14813500,158000
106780,chr19,14767500,15010500,243000
106781,chr19,14813500,14850500,37000
106783,chr19,15844500,15959500,115000
106785,chr19,15901500,15961500,60000
106787,chr19,15922500,15961500,39000
106788,chr19,15961500,16110500,149000
106790,chr19,16006500,16576500,570000
106792,chr19,16106500,16577500,471000
106794,chr19,16412500,16506500,94000
106795,chr19,16758500,16850500,92000
106796,chr19,16851500,16933500,82000
106797,chr19,16853500,17007500,154000
106800,chr19,17008500,17343500,335000
106802,chr19,17101500,17342500,241000
106806,chr19,17141500,17365500,224000
106807,chr19,17334500,17369500,35000
106808,chr19,17445500,17528500,83000
106809,chr19,11990500,12046500,56000
106810,chr19,11991500,12443500,452000
106813,chr19,12496500,12569500,73000
106815,chr19,12495500,12774500,279000
106819,chr19,12572500,12775500,203000
106823,chr19,13720500,13789500,69000
106824,chr19,9978500,10219500,241000
106825,chr19,9978500,10011500,33000
106826,chr19,10036500,10171500,135000
106827,chr19,10055500,10168500,113000
106830,chr19,10107500,10147500,40000
106833,chr19,10236500,10479500,243000
106834,chr19,10311500,10480500,169000
106835,chr19,10427500,10480500,53000
106837,chr19,10502500,10554500,52000
106844,chr19,10535500,10580500,45000
106845,chr19,10537500,10686500,149000
106851,chr19,10583500,10950500,367000
106852,chr19,10583500,10926500,343000
106860,chr19,10643500,10809500,166000
106861,chr19,10642500,10955500,313000
106862,chr19,10643500,10686500,43000
106863,chr19,10655500,10956500,301000
106864,chr19,10655500,10859500,204000
106867,chr19,10692500,10914500,222000
106868,chr19,10691500,10956500,265000
106869,chr19,10692500,10859500,167000
106870,chr19,10692500,10885500,193000
106872,chr19,10874500,10923500,49000
106874,chr19,10885500,10956500,71000
106876,chr19,10916500,10956500,40000
106892,chr19,11588500,11797500,209000
106894,chr19,11587500,11984500,397000
106898,chr19,11751500,11941500,190000
106903,chr19,11796500,11889500,93000
106904,chr19,11796500,11943500,147000
106906,chr19,11890500,11985500,95000
106910,chr19,11927500,11985500,58000
106916,chr19,20776500,21013500,237000
106919,chr19,21351500,21449500,98000
106920,chr19,21630500,21755500,125000
106922,chr19,18526500,18812500,286000
106923,chr19,18585500,18649500,64000
106925,chr19,18617500,18794500,177000
106926,chr19,18665500,18811500,146000
106927,chr19,18665500,18794500,129000
106930,chr19,18698500,18793500,95000
106931,chr19,21711500,22282500,571000
106933,chr19,21754500,22281500,527000
106937,chr19,22315500,22529500,214000
106939,chr19,22505500,22860500,355000
106940,chr19,22529500,22764500,235000
106941,chr19,22529500,22608500,79000
106943,chr19,22609500,22861500,252000
106944,chr19,22893500,23178500,285000
106946,chr19,22894500,23129500,235000
106947,chr19,22893500,23286500,393000
106948,chr19,22992500,23129500,137000
106952,chr19,23016500,23066500,50000
106953,chr19,23017500,23051500,34000
106967,chr19,23554500,23836500,282000
106968,chr19,23751500,23938500,187000
106969,chr19,24010500,24201500,191000
106970,chr19,24130500,24196500,66000
106971,chr19,24153500,24200500,47000
106974,chr19,24258500,24533500,275000
106976,chr19,24262500,24454500,192000
106977,chr19,24261500,24611500,350000
106985,chr19,24279500,24861500,582000
106986,chr19,24278500,24533500,255000
106990,chr19,24454500,24531500,77000
106991,chr19,24469500,24531500,62000
106993,chr19,24599500,24863500,264000
106995,chr19,24681500,24863500,182000
106999,chr19,24940500,24975500,35000
107000,chr19,25084500,25312500,228000
107001,chr19,25085500,25422500,337000
107003,chr19,25086500,25613500,527000
107005,chr19,25109500,25423500,314000
107006,chr19,25110500,25612500,502000
107008,chr19,25351500,25422500,71000
107009,chr19,25427500,25611500,184000
107010,chr19,25452500,25521500,69000
107014,chr19,25483500,25584500,101000
107018,chr19,26047500,26159500,112000
107028,chr19,27882500,27988500,106000
107029,chr19,31949500,32095500,146000
107034,chr19,32173500,32232500,59000
107037,chr19,32203500,32285500,82000
107038,chr19,32203500,32297500,94000
107039,chr19,32323500,32365500,42000
107040,chr19,32366500,32463500,97000
107041,chr19,32447500,32667500,220000
107042,chr19,32478500,32668500,190000
107043,chr19,32499500,32688500,189000
107044,chr19,32690500,32734500,44000
107046,chr19,32696500,33179500,483000
107049,chr19,32828500,33203500,375000
107054,chr19,28142500,28522500,380000
107057,chr19,28537500,28626500,89000
107059,chr19,28754500,29036500,282000
107060,chr19,28754500,28941500,187000
107061,chr19,28754500,28997500,243000
107062,chr19,28755500,28952500,197000
107063,chr19,28952500,29037500,85000
107064,chr19,28953500,28996500,43000
107065,chr19,29026500,29229500,203000
107066,chr19,29042500,29247500,205000
107067,chr19,29042500,29263500,221000
107071,chr19,29079500,29229500,150000
107072,chr19,29080500,29331500,251000
107074,chr19,29248500,29332500,84000
107075,chr19,29286500,29332500,46000
107076,chr19,29421500,29478500,57000
107077,chr19,29501500,29623500,122000
107078,chr19,29504500,29540500,36000
107081,chr19,29650500,30007500,357000
107082,chr19,29783500,30008500,225000
107083,chr19,29802500,30103500,301000
107084,chr19,29806500,30008500,202000
107085,chr19,29925500,30007500,82000
107086,chr19,30007500,30151500,144000
107087,chr19,30023500,30182500,159000
107088,chr19,30072500,30183500,111000
107089,chr19,30120500,30182500,62000
107090,chr19,30146500,30182500,36000
107092,chr19,30226500,30405500,179000
107095,chr19,30820500,31127500,307000
107106,chr19,34221500,34639500,418000
107107,chr19,34221500,34614500,393000
107108,chr19,34222500,34261500,39000
107109,chr19,34312500,34526500,214000
107110,chr19,34312500,34638500,326000
107111,chr19,34478500,34614500,136000
107112,chr19,34478500,34638500,160000
107113,chr19,34525500,34638500,113000
107115,chr19,34662500,34750500,88000
107116,chr19,34855500,34899500,44000
107121,chr19,34971500,35102500,131000
107123,chr19,36068500,36125500,57000
107124,chr19,36068500,36417500,349000
107125,chr19,36088500,36126500,38000
107126,chr19,36089500,36159500,70000
107127,chr19,36126500,36417500,291000
107129,chr19,36160500,36326500,166000
107132,chr19,36387500,36532500,145000
107133,chr19,36426500,36716500,290000
107135,chr19,36532500,36714500,182000
107138,chr19,36811500,36903500,92000
107151,chr19,36862500,36900500,38000
107155,chr19,36875500,37243500,368000
107159,chr19,36952500,37243500,291000
107161,chr19,37058500,37187500,129000
107162,chr19,37059500,37243500,184000
107163,chr19,37152500,37184500,32000
107164,chr19,37338500,37406500,68000
107165,chr19,37339500,37389500,50000
107166,chr19,37340500,37422500,82000
107169,chr19,37408500,37498500,90000
107170,chr19,37408500,37531500,123000
107173,chr19,37519500,37552500,33000
107174,chr19,37553500,37876500,323000
107175,chr19,37590500,37925500,335000
107176,chr19,37591500,37875500,284000
107177,chr19,37636500,37678500,42000
107178,chr19,37637500,37876500,239000
107179,chr19,37693500,37743500,50000
107184,chr19,40260500,40501500,241000
107185,chr19,40352500,40533500,181000
107186,chr19,40578500,40710500,132000
107187,chr19,40624500,40709500,85000
107188,chr19,40743500,41060500,317000
107189,chr19,40819500,40861500,42000
107190,chr19,40819500,40882500,63000
107191,chr19,40861500,40924500,63000
107193,chr19,40886500,40922500,36000
107195,chr19,40924500,41001500,77000
107196,chr19,40951500,41003500,52000
107198,chr19,41059500,41248500,189000
107199,chr19,41060500,41233500,173000
107200,chr19,41076500,41193500,117000
107201,chr19,41076500,41247500,171000
107202,chr19,41093500,41193500,100000
107203,chr19,41093500,41233500,140000
107208,chr19,41253500,41470500,217000
107209,chr19,41280500,41634500,354000
107210,chr19,41281500,41469500,188000
107211,chr19,41305500,41469500,164000
107212,chr19,41306500,41617500,311000
107213,chr19,41431500,41468500,37000
107214,chr19,41618500,41751500,133000
107215,chr19,41836500,41900500,64000
107216,chr19,41837500,41969500,132000
107218,chr19,41922500,41968500,46000
107223,chr19,38075500,38143500,68000
107224,chr19,38194500,38417500,223000
107225,chr19,38195500,38340500,145000
107227,chr19,38217500,38417500,200000
107229,chr19,38242500,38417500,175000
107230,chr19,38317500,38418500,101000
107231,chr19,38335500,38375500,40000
107232,chr19,38412500,38630500,218000
107234,chr19,38469500,38512500,43000
107235,chr19,38550500,38630500,80000
107236,chr19,38825500,38918500,93000
107240,chr19,47871500,48078500,207000
107241,chr19,47976500,48194500,218000
107244,chr19,41887500,42014500,127000
107245,chr19,41900500,42078500,178000
107246,chr19,41924500,42015500,91000
107247,chr19,41969500,42117500,148000
107249,chr19,42079500,42115500,36000
107254,chr19,42206500,42260500,54000
107255,chr19,42205500,42643500,438000
107256,chr19,42206500,42430500,224000
107257,chr19,42206500,42765500,559000
107259,chr19,42261500,42431500,170000
107260,chr19,42304500,42430500,126000
107261,chr19,42304500,42765500,461000
107262,chr19,42311500,42398500,87000
107268,chr19,42507500,42765500,258000
107269,chr19,42525500,42643500,118000
107270,chr19,42525500,42764500,239000
107272,chr19,42577500,42765500,188000
107273,chr19,42650500,42732500,82000
107277,chr19,42769500,43428500,659000
107291,chr19,43374500,43429500,55000
107296,chr19,43485500,43748500,263000
107298,chr19,43519500,43643500,124000
107299,chr19,43519500,43748500,229000
107300,chr19,43558500,43612500,54000
107304,chr19,43821500,43894500,73000
107305,chr19,43821500,43928500,107000
107307,chr19,43841500,43894500,53000
107308,chr19,43842500,43948500,106000
107309,chr19,43895500,43948500,53000
107311,chr19,45736500,46003500,267000
107314,chr19,45838500,46001500,163000
107315,chr19,45884500,46002500,118000
107316,chr19,45942500,46002500,60000
107317,chr19,45991500,46029500,38000
107320,chr19,46033500,46316500,283000
107321,chr19,46033500,46295500,262000
107328,chr19,46065500,46315500,250000
107329,chr19,46072500,46298500,226000
107330,chr19,46074500,46243500,169000
107331,chr19,46076500,46265500,189000
107332,chr19,46123500,46263500,140000
107333,chr19,46124500,46380500,256000
107334,chr19,46124500,46242500,118000
107335,chr19,46124500,46318500,194000
107337,chr19,46292500,46380500,88000
107340,chr19,46327500,46380500,53000
107341,chr19,46384500,46490500,106000
107342,chr19,46386500,46432500,46000
107346,chr19,46731500,46858500,127000
107348,chr19,46750500,46950500,200000
107349,chr19,46750500,47004500,254000
107350,chr19,46750500,47037500,287000
107353,chr19,46885500,46980500,95000
107354,chr19,46944500,46979500,35000
107356,chr19,47004500,47038500,34000
107358,chr19,47061500,47101500,40000
107363,chr19,47164500,47491500,327000
107364,chr19,47202500,47327500,125000
107366,chr19,47345500,47476500,131000
107367,chr19,47345500,47782500,437000
107368,chr19,47345500,47809500,464000
107369,chr19,47347500,47452500,105000
107370,chr19,47494500,47870500,376000
107371,chr19,47495500,47662500,167000
107372,chr19,47495500,47719500,224000
107373,chr19,47496500,47784500,288000
107374,chr19,47496500,47921500,425000
107377,chr19,47525500,47719500,194000
107378,chr19,47527500,47565500,38000
107379,chr19,47568500,47719500,151000
107380,chr19,47647500,47809500,162000
107381,chr19,47648500,47784500,136000
107383,chr19,43821500,44100500,279000
107384,chr19,44186500,44299500,113000
107385,chr19,44186500,44462500,276000
107387,chr19,44233500,44299500,66000
107391,chr19,44464500,44882500,418000
107392,chr19,44500500,44746500,246000
107393,chr19,44553500,44933500,380000
107396,chr19,44617500,44882500,265000
107397,chr19,44644500,44743500,99000
107399,chr19,44672500,44742500,70000
107400,chr19,44920500,44994500,74000
107402,chr19,44926500,44960500,34000
107407,chr19,44977500,45019500,42000
107409,chr19,45004500,45067500,63000
107410,chr19,45022500,45068500,46000
107413,chr19,45065500,45222500,157000
107419,chr19,45222500,45731500,509000
107421,chr19,45271500,45533500,262000
107422,chr19,45272500,45423500,151000
107423,chr19,45297500,45423500,126000
107433,chr19,52996500,53037500,41000
107435,chr19,53027500,53130500,103000
107436,chr19,53237500,53319500,82000
107437,chr19,53316500,53378500,62000
107438,chr19,53360500,53566500,206000
107440,chr19,53380500,53588500,208000
107441,chr19,53380500,53686500,306000
107442,chr19,53383500,53567500,184000
107444,chr19,53384500,53721500,337000
107445,chr19,53408500,53567500,159000
107446,chr19,53409500,53543500,134000
107449,chr19,53411500,53448500,37000
107454,chr19,53637500,53692500,55000
107455,chr19,53638500,53722500,84000
107456,chr19,53637500,53741500,104000
107457,chr19,53892500,53931500,39000
107461,chr19,56089500,56283500,194000
107463,chr19,56387500,56711500,324000
107464,chr19,56388500,56811500,423000
107465,chr19,56387500,56765500,378000
107466,chr19,56411500,56539500,128000
107467,chr19,56410500,56710500,300000
107468,chr19,56410500,56733500,323000
107469,chr19,56410500,56799500,389000
107470,chr19,56410500,56896500,486000
107474,chr19,56553500,56800500,247000
107475,chr19,56554500,56733500,179000
107476,chr19,56798500,56896500,98000
107477,chr19,56908500,56997500,89000
107480,chr19,57127500,57316500,189000
107481,chr19,57127500,57446500,319000
107482,chr19,57149500,57347500,198000
107483,chr19,57150500,57630500,480000
107484,chr19,57319500,57445500,126000
107486,chr19,57349500,57444500,95000
107487,chr19,57350500,57599500,249000
107489,chr19,57413500,57632500,219000
107490,chr19,57474500,57579500,105000
107491,chr19,53756500,54029500,273000
107498,chr19,55207500,55320500,113000
107500,chr19,55324500,55865500,541000
107501,chr19,55402500,55866500,464000
107502,chr19,55480500,55731500,251000
107503,chr19,55533500,55731500,198000
107506,chr19,55732500,55777500,45000
107515,chr19,58106500,58457500,351000
107517,chr19,58849500,59156500,307000
107518,chr19,58899500,59095500,196000
107519,chr19,58931500,59156500,225000
107520,chr19,59064500,59156500,92000
107522,chr19,59228500,59403500,175000
107525,chr19,59442500,59735500,293000
107526,chr19,59447500,59576500,129000
107531,chr19,59376500,60148500,772000
107532,chr19,59405500,60330500,925000
107534,chr19,59406500,60149500,743000
107535,chr19,59442500,60149500,707000
107540,chr19,60455500,60541500,86000
107546,chr19,60800500,60878500,78000
107548,chr19,60826500,61086500,260000
107550,chr19,60858500,61073500,215000
107553,chr19,60872500,61086500,214000
107556,chr19,61129500,61214500,85000
107562,chr2,3092500,3176500,84000
107563,chr2,3119500,3230500,111000
107564,chr2,3285500,3423500,138000
107566,chr2,3333500,3420500,87000
107567,chr2,3334500,3475500,141000
107568,chr2,3350500,3415500,65000
107569,chr2,3424500,3475500,51000
107570,chr2,3476500,3513500,37000
107572,chr2,3514500,3713500,199000
107577,chr2,4321500,4497500,176000
107578,chr2,4343500,4496500,153000
107580,chr2,4504500,4655500,151000
107581,chr2,4528500,4605500,77000
107585,chr2,4608500,4869500,261000
107586,chr2,4676500,4869500,193000
107587,chr2,4699500,4869500,170000
107588,chr2,4722500,4885500,163000
107589,chr2,4887500,4922500,35000
107590,chr2,4888500,5015500,127000
107592,chr2,4922500,5017500,95000
107593,chr2,4922500,5030500,108000
107594,chr2,4922500,5082500,160000
107603,chr2,5410500,5849500,439000
107605,chr2,5411500,5829500,418000
107606,chr2,5456500,5811500,355000
107608,chr2,5720500,5775500,55000
107609,chr2,5850500,5899500,49000
107615,chr2,5974500,6173500,199000
107617,chr2,6016500,6172500,156000
107618,chr2,6041500,6172500,131000
107619,chr2,6079500,6171500,92000
107624,chr2,6218500,6327500,109000
107625,chr2,6225500,6409500,184000
107626,chr2,6225500,6474500,249000
107628,chr2,6441500,6474500,33000
107632,chr2,10108500,10146500,38000
107633,chr2,10241500,10292500,51000
107639,chr2,11118500,11325500,207000
107640,chr2,11119500,11259500,140000
107641,chr2,11119500,11293500,174000
107643,chr2,11336500,11547500,211000
107644,chr2,11336500,11692500,356000
107645,chr2,11402500,11505500,103000
107646,chr2,11506500,11572500,66000
107647,chr2,11506500,11607500,101000
107649,chr2,11507500,11558500,51000
107650,chr2,11607500,11782500,175000
107652,chr2,11609500,11692500,83000
107653,chr2,11609500,11712500,103000
107655,chr2,17428500,17824500,396000
107656,chr2,17428500,17847500,419000
107657,chr2,17650500,17823500,173000
107658,chr2,17649500,17846500,197000
107659,chr2,17948500,17980500,32000
107665,chr2,12713500,13269500,556000
107667,chr2,13044500,13242500,198000
107670,chr2,13280500,13548500,268000
107671,chr2,13281500,13580500,299000
107673,chr2,13283500,13601500,318000
107674,chr2,13283500,13809500,526000
107676,chr2,13296500,13602500,306000
107686,chr2,21946500,22611500,665000
107688,chr2,21965500,22511500,546000
107690,chr2,22785500,22930500,145000
107691,chr2,22785500,22958500,173000
107692,chr2,22786500,23045500,259000
107693,chr2,22816500,22967500,151000
107699,chr2,23753500,23795500,42000
107701,chr2,17855500,18209500,354000
107702,chr2,17855500,18046500,191000
107707,chr2,17979500,18031500,52000
107720,chr2,18591500,18679500,88000
107722,chr2,18613500,18701500,88000
107732,chr2,19243500,19378500,135000
107733,chr2,19420500,19662500,242000
107735,chr2,19420500,19454500,34000
107738,chr2,19436500,19524500,88000
107739,chr2,19450500,19662500,212000
107740,chr2,19451500,19914500,463000
107741,chr2,19533500,19895500,362000
107742,chr2,19534500,19689500,155000
107744,chr2,19558500,19662500,104000
107745,chr2,19763500,19895500,132000
107751,chr2,20419500,20620500,201000
107757,chr2,20524500,20659500,135000
107758,chr2,20525500,20673500,148000
107761,chr2,20621500,20669500,48000
107762,chr2,20675500,20741500,66000
107764,chr2,20818500,21266500,448000
107765,chr2,20883500,21266500,383000
107767,chr2,20904500,21211500,307000
107768,chr2,20939500,20972500,33000
107769,chr2,21285500,21931500,646000
107773,chr2,24247500,24670500,423000
107774,chr2,24247500,24644500,397000
107775,chr2,24248500,24295500,47000
107776,chr2,24299500,24672500,373000
107777,chr2,24379500,24671500,292000
107778,chr2,24465500,24670500,205000
107781,chr2,24814500,24890500,76000
107784,chr2,24912500,25077500,165000
107785,chr2,25017500,25076500,59000
107786,chr2,25031500,25076500,45000
107788,chr2,25084500,25182500,98000
107789,chr2,25083500,25317500,234000
107793,chr2,25148500,25219500,71000
107794,chr2,25149500,25292500,143000
107795,chr2,25150500,25317500,167000
107799,chr2,25256500,25466500,210000
107801,chr2,25312500,25373500,61000
107802,chr2,25313500,25442500,129000
107803,chr2,25316500,25469500,153000
107806,chr2,25727500,25803500,76000
107807,chr2,25726500,25821500,95000
107808,chr2,25873500,25911500,38000
107810,chr2,25726500,26033500,307000
107813,chr2,25873500,26127500,254000
107816,chr2,25914500,26118500,204000
107817,chr2,25915500,26162500,247000
107819,chr2,26043500,26188500,145000
107820,chr2,26044500,26298500,254000
107821,chr2,26044500,26244500,200000
107822,chr2,26072500,26118500,46000
107823,chr2,26072500,26163500,91000
107824,chr2,26191500,26243500,52000
107826,chr2,26190500,26457500,267000
107827,chr2,26216500,26298500,82000
107830,chr2,26253500,26290500,37000
107831,chr2,26279500,26333500,54000
107835,chr2,26335500,26392500,57000
107836,chr2,26338500,26476500,138000
107837,chr2,26393500,26494500,101000
107839,chr2,26483500,26525500,42000
107843,chr2,26529500,26801500,272000
107848,chr2,26536500,26820500,284000
107856,chr2,26572500,26728500,156000
107857,chr2,26578500,26771500,193000
107859,chr2,26729500,26770500,41000
107860,chr2,26737500,26928500,191000
107861,chr2,26792500,26854500,62000
107865,chr2,26821500,26928500,107000
107869,chr2,26856500,26928500,72000
107870,chr2,26856500,27127500,271000
107871,chr2,26908500,27127500,219000
107872,chr2,27016500,27125500,109000
107875,chr2,27179500,27277500,98000
107876,chr2,27319500,27655500,336000
107878,chr2,27366500,27404500,38000
107879,chr2,27365500,27430500,65000
107881,chr2,27384500,27440500,56000
107886,chr2,27442500,27619500,177000
107887,chr2,27690500,27864500,174000
107888,chr2,27817500,27863500,46000
107889,chr2,31793500,32022500,229000
107890,chr2,31877500,32145500,268000
107891,chr2,32025500,32150500,125000
107892,chr2,32024500,32198500,174000
107893,chr2,32025500,32081500,56000
107894,chr2,32025500,32106500,81000
107895,chr2,32025500,32127500,102000
107896,chr2,32026500,32251500,225000
107898,chr2,32049500,32082500,33000
107901,chr2,32151500,32377500,226000
107902,chr2,32195500,32376500,181000
107905,chr2,32395500,32456500,61000
107907,chr2,32474500,32507500,33000
107908,chr2,32495500,32581500,86000
107909,chr2,32521500,32745500,224000
107910,chr2,32580500,32746500,166000
107912,chr2,32584500,32665500,81000
107914,chr2,32648500,32745500,97000
107915,chr2,32711500,32745500,34000
107916,chr2,32711500,32817500,106000
107918,chr2,32752500,32849500,97000
107919,chr2,32754500,32802500,48000
107920,chr2,32830500,33238500,408000
107921,chr2,32829500,33293500,464000
107926,chr2,32857500,33021500,164000
107927,chr2,32858500,33239500,381000
107928,chr2,32861500,33291500,430000
107933,chr2,32899500,33239500,340000
107934,chr2,32967500,33021500,54000
107935,chr2,33021500,33260500,239000
107936,chr2,33021500,33321500,300000
107937,chr2,33045500,33385500,340000
107938,chr2,33045500,33448500,403000
107939,chr2,33075500,33237500,162000
107940,chr2,33323500,33385500,62000
107941,chr2,33328500,33530500,202000
107943,chr2,33377500,33490500,113000
107944,chr2,33435500,33533500,98000
107946,chr2,33471500,33531500,60000
107947,chr2,33544500,33625500,81000
107949,chr2,33637500,33867500,230000
107950,chr2,33711500,33867500,156000
107951,chr2,29954500,30023500,69000
107952,chr2,29967500,30051500,84000
107953,chr2,29969500,30159500,190000
107954,chr2,30018500,30051500,33000
107955,chr2,30019500,30157500,138000
107956,chr2,30032500,30199500,167000
107960,chr2,30177500,30249500,72000
107962,chr2,30234500,30273500,39000
107964,chr2,30283500,30697500,414000
107966,chr2,30325500,30773500,448000
107968,chr2,30329500,30646500,317000
107970,chr2,30350500,30825500,475000
107972,chr2,30360500,30684500,324000
107973,chr2,30361500,30580500,219000
107975,chr2,30361500,30718500,357000
107976,chr2,30362500,30548500,186000
107980,chr2,30364500,30436500,72000
107981,chr2,30386500,30683500,297000
107982,chr2,30423500,30683500,260000
107983,chr2,30443500,30480500,37000
107984,chr2,30599500,30670500,71000
107985,chr2,30686500,30824500,138000
107986,chr2,30864500,31040500,176000
107987,chr2,30914500,31063500,149000
107990,chr2,31065500,31182500,117000
107991,chr2,31085500,31161500,76000
107992,chr2,31084500,31183500,99000
107993,chr2,31084500,31272500,188000
107994,chr2,31130500,31183500,53000
107995,chr2,31182500,31272500,90000
107996,chr2,31197500,31271500,74000
107999,chr2,31325500,31363500,38000
108001,chr2,31373500,31444500,71000
108002,chr2,31373500,31527500,154000
108003,chr2,31373500,31545500,172000
108007,chr2,31529500,31736500,207000
108009,chr2,31574500,31775500,201000
108010,chr2,31574500,31675500,101000
108011,chr2,31589500,31803500,214000
108012,chr2,31610500,31675500,65000
108013,chr2,31623500,31675500,52000
108014,chr2,31679500,31804500,125000
108015,chr2,31678500,31774500,96000
108016,chr2,31705500,31774500,69000
108023,chr2,27955500,28307500,352000
108024,chr2,28066500,28308500,242000
108025,chr2,28094500,28168500,74000
108026,chr2,28094500,28437500,343000
108027,chr2,28094500,28474500,380000
108028,chr2,28095500,28336500,241000
108029,chr2,28095500,28355500,260000
108030,chr2,28095500,28402500,307000
108031,chr2,28195500,28307500,112000
108032,chr2,28263500,28308500,45000
108033,chr2,28312500,28353500,41000
108034,chr2,28336500,28400500,64000
108035,chr2,28357500,28437500,80000
108036,chr2,28357500,28473500,116000
108037,chr2,28358500,28401500,43000
108038,chr2,28406500,28438500,32000
108042,chr2,28531500,28589500,58000
108043,chr2,28530500,28730500,200000
108044,chr2,28590500,28729500,139000
108046,chr2,28645500,28685500,40000
108047,chr2,28646500,28729500,83000
108049,chr2,28806500,29141500,335000
108051,chr2,28866500,28943500,77000
108061,chr2,29089500,29127500,38000
108064,chr2,29106500,29492500,386000
108066,chr2,29236500,29443500,207000
108067,chr2,29509500,29559500,50000
108070,chr2,29639500,29709500,70000
108071,chr2,29657500,29706500,49000
108072,chr2,29655500,29800500,145000
108073,chr2,29709500,29779500,70000
108074,chr2,29710500,29855500,145000
108076,chr2,29780500,29938500,158000
108078,chr2,29780500,29855500,75000
108083,chr2,29933500,29985500,52000
108087,chr2,37816500,38239500,423000
108088,chr2,37839500,38266500,427000
108090,chr2,38076500,38265500,189000
108091,chr2,38177500,38243500,66000
108094,chr2,38267500,38548500,281000
108095,chr2,38319500,38630500,311000
108097,chr2,38323500,38505500,182000
108098,chr2,38343500,38485500,142000
108100,chr2,38535500,38579500,44000
108101,chr2,38536500,38629500,93000
108103,chr2,38560500,38600500,40000
108104,chr2,38600500,38815500,215000
108105,chr2,38686500,38722500,36000
108106,chr2,38777500,38888500,111000
108111,chr2,38956500,39081500,125000
108112,chr2,38988500,39263500,275000
108113,chr2,38990500,39081500,91000
108114,chr2,39081500,39114500,33000
108116,chr2,35873500,36166500,293000
108117,chr2,35899500,36032500,133000
108120,chr2,35981500,36026500,45000
108126,chr2,37350500,37662500,312000
108130,chr2,37483500,37661500,178000
108131,chr2,37575500,37661500,86000
108135,chr2,33863500,34555500,692000
108136,chr2,33864500,34222500,358000
108139,chr2,33915500,34408500,493000
108140,chr2,33917500,34222500,305000
108141,chr2,34120500,34523500,403000
108142,chr2,34138500,34261500,123000
108143,chr2,34262500,34296500,34000
108146,chr2,34644500,34690500,46000
108150,chr2,34674500,34998500,324000
108151,chr2,34691500,34999500,308000
108152,chr2,34692500,34761500,69000
108155,chr2,34716500,34761500,45000
108157,chr2,34730500,34937500,207000
108158,chr2,34761500,34794500,33000
108159,chr2,34761500,34999500,238000
108160,chr2,34762500,34858500,96000
108162,chr2,34789500,34859500,70000
108163,chr2,34794500,34999500,205000
108165,chr2,34937500,35050500,113000
108167,chr2,34938500,35014500,76000
108168,chr2,35000500,35090500,90000
108169,chr2,35105500,35286500,181000
108170,chr2,35180500,35287500,107000
108171,chr2,35180500,35402500,222000
108172,chr2,35184500,35402500,218000
108173,chr2,35188500,35238500,50000
108176,chr2,35263500,35402500,139000
108177,chr2,35288500,35401500,113000
108178,chr2,35352500,35398500,46000
108180,chr2,35431500,35898500,467000
108181,chr2,35432500,35820500,388000
108182,chr2,35433500,35797500,364000
108183,chr2,35539500,35820500,281000
108184,chr2,35626500,35796500,170000
108186,chr2,35939500,35981500,42000
108192,chr2,49228500,49624500,396000
108193,chr2,49249500,49600500,351000
108194,chr2,49340500,49509500,169000
108195,chr2,49655500,49859500,204000
108202,chr2,52152500,52480500,328000
108203,chr2,52632500,52748500,116000
108207,chr2,52840500,53012500,172000
108215,chr2,50896500,51034500,138000
108224,chr2,51862500,51962500,100000
108232,chr2,57945500,58305500,360000
108234,chr2,58348500,58556500,208000
108235,chr2,58367500,58473500,106000
108238,chr2,58456500,58515500,59000
108239,chr2,58456500,58552500,96000
108243,chr2,58590500,59268500,678000
108244,chr2,58590500,59255500,665000
108247,chr2,58627500,59256500,629000
108248,chr2,58992500,59061500,69000
108249,chr2,59061500,59214500,153000
108250,chr2,59178500,59268500,90000
108251,chr2,59352500,59682500,330000
108252,chr2,59353500,59711500,358000
108253,chr2,59353500,59575500,222000
108254,chr2,59371500,59645500,274000
108255,chr2,59372500,59711500,339000
108256,chr2,59428500,59575500,147000
108257,chr2,59442500,59710500,268000
108259,chr2,59443500,59529500,86000
108262,chr2,59878500,59956500,78000
108265,chr2,64796500,64834500,38000
108267,chr2,65227500,65398500,171000
108268,chr2,65243500,65450500,207000
108269,chr2,65243500,65498500,255000
108271,chr2,65274500,65358500,84000
108274,chr2,65626500,65855500,229000
108288,chr2,59851500,60028500,177000
108289,chr2,59875500,60062500,187000
108291,chr2,60087500,60248500,161000
108292,chr2,60087500,60272500,185000
108294,chr2,60156500,60247500,91000
108296,chr2,60273500,60384500,111000
108297,chr2,60273500,61285500,1012000
108298,chr2,60274500,61324500,1050000
108300,chr2,60439500,61285500,846000
108302,chr2,60578500,61233500,655000
108303,chr2,60578500,61285500,707000
108307,chr2,61424500,61486500,62000
108308,chr2,61488500,61540500,52000
108309,chr2,61541500,61645500,104000
108311,chr2,66370500,66475500,105000
108312,chr2,66593500,66629500,36000
108314,chr2,68076500,68178500,102000
108327,chr2,68615500,68874500,259000
108328,chr2,68615500,68891500,276000
108331,chr2,68616500,68952500,336000
108333,chr2,68718500,68878500,160000
108334,chr2,68970500,69258500,288000
108335,chr2,69466500,69507500,41000
108336,chr2,69465500,69575500,110000
108337,chr2,69466500,69690500,224000
108340,chr2,69560500,69698500,138000
108342,chr2,69633500,69688500,55000
108343,chr2,69636500,69709500,73000
108347,chr2,71869500,72028500,159000
108349,chr2,72033500,72220500,187000
108351,chr2,72128500,72220500,92000
108360,chr2,72559500,72786500,227000
108361,chr2,72784500,72888500,104000
108364,chr2,72811500,72853500,42000
108369,chr2,73045500,73141500,96000
108371,chr2,73144500,73215500,71000
108372,chr2,73302500,73396500,94000
108373,chr2,73322500,73369500,47000
108376,chr2,73402500,73718500,316000
108377,chr2,73399500,73604500,205000
108378,chr2,73402500,73637500,235000
108380,chr2,73415500,73623500,208000
108381,chr2,73415500,73638500,223000
108382,chr2,73605500,73723500,118000
108383,chr2,73605500,73740500,135000
108384,chr2,73623500,73698500,75000
108386,chr2,73796500,73873500,77000
108390,chr2,69888500,70375500,487000
108394,chr2,69957500,70368500,411000
108395,chr2,69957500,70492500,535000
108396,chr2,69977500,70389500,412000
108397,chr2,70056500,70339500,283000
108398,chr2,70057500,70368500,311000
108399,chr2,70057500,70389500,332000
108400,chr2,70108500,70389500,281000
108401,chr2,70109500,70306500,197000
108402,chr2,70162500,70369500,207000
108403,chr2,70170500,70304500,134000
108404,chr2,70306500,70339500,33000
108406,chr2,70491500,70885500,394000
108407,chr2,70534500,70947500,413000
108408,chr2,70534500,70789500,255000
108409,chr2,70534500,70857500,323000
108411,chr2,70534500,70921500,387000
108412,chr2,70534500,70983500,449000
108413,chr2,70537500,70654500,117000
108414,chr2,70610500,70690500,80000
108416,chr2,70613500,70652500,39000
108417,chr2,70656500,70884500,228000
108419,chr2,70985500,71378500,393000
108420,chr2,71009500,71072500,63000
108421,chr2,71181500,71218500,37000
108430,chr2,71376500,71702500,326000
108432,chr2,71412500,71646500,234000
108433,chr2,71411500,71668500,257000
108435,chr2,71411500,71703500,292000
108436,chr2,71411500,71865500,454000
108437,chr2,71429500,71668500,239000
108438,chr2,71429500,71565500,136000
108439,chr2,71430500,71546500,116000
108443,chr2,71485500,71617500,132000
108444,chr2,71484500,71548500,64000
108445,chr2,71484500,71577500,93000
108446,chr2,71487500,71535500,48000
108449,chr2,71581500,71616500,35000
108450,chr2,71729500,71785500,56000
108454,chr2,80411500,80447500,36000
108460,chr2,79210500,79258500,48000
108463,chr2,75948500,76166500,218000
108468,chr2,76201500,76236500,35000
108469,chr2,76216500,76448500,232000
108470,chr2,76237500,76478500,241000
108471,chr2,76236500,76504500,268000
108473,chr2,76698500,76758500,60000
108475,chr2,76760500,76798500,38000
108477,chr2,76800500,77199500,399000
108479,chr2,76802500,76891500,89000
108480,chr2,76891500,77007500,116000
108485,chr2,77111500,77170500,59000
108489,chr2,77287500,77520500,233000
108490,chr2,77306500,77536500,230000
108491,chr2,77336500,77417500,81000
108512,chr2,74488500,74566500,78000
108513,chr2,74488500,74579500,91000
108522,chr2,74532500,74795500,263000
108523,chr2,74532500,74981500,449000
108524,chr2,74532500,75432500,900000
108525,chr2,74533500,74885500,352000
108528,chr2,74546500,74655500,109000
108530,chr2,74546500,74968500,422000
108531,chr2,74546500,74981500,435000
108536,chr2,74591500,74794500,203000
108538,chr2,74982500,75419500,437000
108540,chr2,75436500,75794500,358000
108542,chr2,75439500,75534500,95000
108543,chr2,75463500,75534500,71000
108546,chr2,75490500,75533500,43000
108557,chr2,75662500,75703500,41000
108560,chr2,75795500,75901500,106000
108562,chr2,83455500,83601500,146000
108564,chr2,87313500,87345500,32000
108567,chr2,84285500,84413500,128000
108569,chr2,84285500,84700500,415000
108570,chr2,84285500,84719500,434000
108572,chr2,84311500,84492500,181000
108573,chr2,84387500,84492500,105000
108574,chr2,84500500,84716500,216000
108575,chr2,84502500,84628500,126000
108576,chr2,84509500,84544500,35000
108577,chr2,84545500,84628500,83000
108578,chr2,84570500,84658500,88000
108579,chr2,84570500,84716500,146000
108580,chr2,84572500,84606500,34000
108583,chr2,84661500,84700500,39000
108584,chr2,84661500,84838500,177000
108586,chr2,84698500,84838500,140000
108588,chr2,84786500,84838500,52000
108589,chr2,84890500,85077500,187000
108593,chr2,90306500,90410500,104000
108599,chr2,90530500,90602500,72000
108601,chr2,90575500,90677500,102000
108605,chr2,90697500,90931500,234000
108609,chr2,90945500,91053500,108000
108611,chr2,90945500,91110500,165000
108612,chr2,91013500,91288500,275000
108613,chr2,91033500,91066500,33000
108616,chr2,91068500,91357500,289000
108618,chr2,91096500,91358500,262000
108619,chr2,91095500,91480500,385000
108621,chr2,91117500,91288500,171000
108622,chr2,91439500,91477500,38000
108624,chr2,91480500,91540500,60000
108627,chr2,91609500,91754500,145000
108629,chr2,91761500,91815500,54000
108631,chr2,91795500,91888500,93000
108632,chr2,91838500,91888500,50000
108633,chr2,93701500,94075500,374000
108636,chr2,93885500,94121500,236000
108637,chr2,93987500,94073500,86000
108641,chr2,94084500,94121500,37000
108645,chr2,91761500,92014500,253000
108646,chr2,91762500,92220500,458000
108647,chr2,91794500,92202500,408000
108648,chr2,91818500,92268500,450000
108649,chr2,91838500,92202500,364000
108650,chr2,91841500,92263500,422000
108651,chr2,91887500,92203500,316000
108652,chr2,91888500,92014500,126000
108653,chr2,91888500,92266500,378000
108654,chr2,92014500,92263500,249000
108655,chr2,92161500,92268500,107000
108656,chr2,92204500,92290500,86000
108657,chr2,92220500,92263500,43000
108658,chr2,92428500,92670500,242000
108659,chr2,92439500,92641500,202000
108660,chr2,92713500,92784500,71000
108661,chr2,92713500,92894500,181000
108662,chr2,92713500,93030500,317000
108663,chr2,92713500,93248500,535000
108665,chr2,92734500,93249500,515000
108666,chr2,92738500,92818500,80000
108668,chr2,92876500,93019500,143000
108669,chr2,92899500,93163500,264000
108670,chr2,92900500,93301500,401000
108671,chr2,93032500,93248500,216000
108674,chr2,93244500,93616500,372000
108675,chr2,93306500,93616500,310000
108676,chr2,93379500,93489500,110000
108678,chr2,93644500,93833500,189000
108680,chr2,93702500,93758500,56000
108682,chr2,101303500,101355500,52000
108683,chr2,101524500,101701500,177000
108684,chr2,101525500,101658500,133000
108685,chr2,101536500,101702500,166000
108686,chr2,101546500,101626500,80000
108689,chr2,101716500,102282500,566000
108690,chr2,101860500,102032500,172000
108691,chr2,101862500,102121500,259000
108692,chr2,101908500,102031500,123000
108693,chr2,101922500,102283500,361000
108694,chr2,101951500,102015500,64000
108697,chr2,102514500,102893500,379000
108700,chr2,102917500,103276500,359000
108702,chr2,103286500,103830500,544000
108707,chr2,103395500,103832500,437000
108709,chr2,103397500,103801500,404000
108712,chr2,103565500,103604500,39000
108715,chr2,103613500,103831500,218000
108717,chr2,103628500,103669500,41000
108719,chr2,103702500,103812500,110000
108720,chr2,103702500,103831500,129000
108722,chr2,103900500,103952500,52000
108727,chr2,104003500,104253500,250000
108729,chr2,104275500,104447500,172000
108731,chr2,104325500,104387500,62000
108732,chr2,104324500,104419500,95000
108733,chr2,104325500,104404500,79000
108736,chr2,104515500,104671500,156000
108737,chr2,104516500,104604500,88000
108738,chr2,104647500,104680500,33000
108739,chr2,104679500,104717500,38000
108740,chr2,104718500,105019500,301000
108741,chr2,104848500,105059500,211000
108742,chr2,104868500,105059500,191000
108743,chr2,104903500,105060500,157000
108744,chr2,104938500,105059500,121000
108745,chr2,104960500,105057500,97000
108746,chr2,104961500,105016500,55000
108747,chr2,105164500,105353500,189000
108749,chr2,105165500,105298500,133000
108751,chr2,105299500,105913500,614000
108754,chr2,105443500,105520500,77000
108761,chr2,109410500,109505500,95000
108764,chr2,109735500,110059500,324000
108769,chr2,106262500,106480500,218000
108770,chr2,106524500,106803500,279000
108772,chr2,112027500,112091500,64000
108775,chr2,112070500,112198500,128000
108776,chr2,112070500,112209500,139000
108777,chr2,112070500,112324500,254000
108779,chr2,112198500,112285500,87000
108780,chr2,112208500,112312500,104000
108781,chr2,112286500,112322500,36000
108782,chr2,112331500,112597500,266000
108783,chr2,112368500,112596500,228000
108784,chr2,112507500,112558500,51000
108786,chr2,112606500,113064500,458000
108791,chr2,112643500,113065500,422000
108792,chr2,113156500,113261500,105000
108793,chr2,113156500,113299500,143000
108794,chr2,113221500,113261500,40000
108795,chr2,113221500,113328500,107000
108797,chr2,113326500,113478500,152000
108800,chr2,113364500,113608500,244000
108801,chr2,113365500,113589500,224000
108802,chr2,113366500,113478500,112000
108803,chr2,113366500,113653500,287000
108805,chr2,113589500,113655500,66000
108815,chr2,115689500,115850500,161000
108818,chr2,115851500,115890500,39000
108824,chr2,116599500,116651500,52000
108827,chr2,116728500,117079500,351000
108831,chr2,116773500,116950500,177000
108837,chr2,117095500,117251500,156000
108841,chr2,117744500,117941500,197000
108848,chr2,118316500,118487500,171000
108851,chr2,118468500,118590500,122000
108852,chr2,118469500,118561500,92000
108853,chr2,118491500,118729500,238000
108854,chr2,118506500,118729500,223000
108856,chr2,118531500,118591500,60000
108857,chr2,118574500,118714500,140000
108858,chr2,118576500,118729500,153000
108859,chr2,118576500,118806500,230000
108861,chr2,118594500,118806500,212000
108862,chr2,118621500,118713500,92000
108863,chr2,118877500,118942500,65000
108865,chr2,118931500,119020500,89000
108866,chr2,118975500,119019500,44000
108867,chr2,119037500,119117500,80000
108869,chr2,119067500,119295500,228000
108870,chr2,119068500,119154500,86000
108872,chr2,119081500,119267500,186000
108873,chr2,119129500,119242500,113000
108875,chr2,119154500,119377500,223000
108876,chr2,119169500,119341500,172000
108877,chr2,119290500,119339500,49000
108878,chr2,119345500,119418500,73000
108879,chr2,119372500,119418500,46000
108881,chr2,119505500,119573500,68000
108882,chr2,119574500,119632500,58000
108883,chr2,119673500,119748500,75000
108885,chr2,119687500,119728500,41000
108887,chr2,119755500,119787500,32000
108890,chr2,119803500,119841500,38000
108891,chr2,119800500,120002500,202000
108892,chr2,120006500,120110500,104000
108894,chr2,120024500,120096500,72000
108896,chr2,120184500,120234500,50000
108903,chr2,120562500,120680500,118000
108908,chr2,120807500,120970500,163000
108909,chr2,120815500,120871500,56000
108911,chr2,120970500,121120500,150000
108912,chr2,120970500,121243500,273000
108915,chr2,121001500,121186500,185000
108917,chr2,121009500,121169500,160000
108919,chr2,121102500,121186500,84000
108920,chr2,121108500,121170500,62000
108921,chr2,121109500,121227500,118000
108922,chr2,121122500,121186500,64000
108923,chr2,121152500,121226500,74000
108924,chr2,121239500,121310500,71000
108932,chr2,121307500,121350500,43000
108937,chr2,121379500,121662500,283000
108938,chr2,121401500,121740500,339000
108940,chr2,121403500,121720500,317000
108942,chr2,121405500,121697500,292000
108944,chr2,121510500,121663500,153000
108946,chr2,121698500,121786500,88000
108947,chr2,121724500,121786500,62000
108950,chr2,121900500,121991500,91000
108951,chr2,121938500,121990500,52000
108956,chr2,124898500,125056500,158000
108959,chr2,125090500,125348500,258000
108963,chr2,125502500,125698500,196000
108966,chr2,122129500,122199500,70000
108977,chr2,122293500,122360500,67000
108979,chr2,122461500,122581500,120000
108980,chr2,122462500,122544500,82000
108983,chr2,122479500,122595500,116000
108984,chr2,122508500,122594500,86000
108985,chr2,122545500,122579500,34000
108996,chr2,126205500,126362500,157000
108997,chr2,126395500,126517500,122000
108998,chr2,126438500,126609500,171000
109002,chr2,126548500,126718500,170000
109004,chr2,126673500,126838500,165000
109005,chr2,126693500,126839500,146000
109006,chr2,126716500,126844500,128000
109007,chr2,126717500,126848500,131000
109008,chr2,126939500,127046500,107000
109009,chr2,126977500,127048500,71000
109010,chr2,126976500,127111500,135000
109011,chr2,127008500,127046500,38000
109012,chr2,127008500,127295500,287000
109013,chr2,127050500,127111500,61000
109021,chr2,127112500,127178500,66000
109022,chr2,127151500,127183500,32000
109023,chr2,127152500,127295500,143000
109025,chr2,127151500,127275500,124000
109026,chr2,127177500,127324500,147000
109027,chr2,127204500,127295500,91000
109028,chr2,127204500,127276500,72000
109029,chr2,127204500,127343500,139000
109030,chr2,127204500,127400500,196000
109031,chr2,127205500,127325500,120000
109032,chr2,127286500,127426500,140000
109033,chr2,127304500,127343500,39000
109034,chr2,127325500,127427500,102000
109036,chr2,127381500,127525500,144000
109038,chr2,127432500,127524500,92000
109039,chr2,127450500,127525500,75000
109046,chr2,127731500,127964500,233000
109057,chr2,127731500,128190500,459000
109058,chr2,127731500,128238500,507000
109061,chr2,127765500,128238500,473000
109062,chr2,127765500,128251500,486000
109063,chr2,127780500,128190500,410000
109064,chr2,127826500,128242500,416000
109065,chr2,127887500,128244500,357000
109067,chr2,127922500,128190500,268000
109068,chr2,127965500,128253500,288000
109069,chr2,127964500,128414500,450000
109070,chr2,127966500,128154500,188000
109071,chr2,127968500,128052500,84000
109072,chr2,127968500,128115500,147000
109073,chr2,127968500,128271500,303000
109077,chr2,128538500,128784500,246000
109079,chr2,128789500,129100500,311000
109084,chr2,128851500,128897500,46000
109087,chr2,128904500,129088500,184000
109089,chr2,128944500,129101500,157000
109097,chr2,129016500,129100500,84000
109098,chr2,129016500,129250500,234000
109100,chr2,129040500,129085500,45000
109104,chr2,129140500,129250500,110000
109106,chr2,129187500,129219500,32000
109107,chr2,129343500,129517500,174000
109110,chr2,129517500,129557500,40000
109111,chr2,129538500,129642500,104000
109112,chr2,129570500,129715500,145000
109113,chr2,136522500,136554500,32000
109115,chr2,134524500,135170500,646000
109119,chr2,135202500,135799500,597000
109120,chr2,135203500,135769500,566000
109121,chr2,135229500,135769500,540000
109123,chr2,135457500,135490500,33000
109124,chr2,135505500,135769500,264000
109126,chr2,135576500,135768500,192000
109127,chr2,135732500,135799500,67000
109137,chr2,132231500,132327500,96000
109138,chr2,132232500,132558500,326000
109139,chr2,132327500,132748500,421000
109140,chr2,132358500,132542500,184000
109141,chr2,132358500,132656500,298000
109142,chr2,132358500,132688500,330000
109144,chr2,132491500,132541500,50000
109151,chr2,133274500,133394500,120000
109156,chr2,129722500,130088500,366000
109157,chr2,129721500,130008500,287000
109159,chr2,130121500,130290500,169000
109161,chr2,130135500,130265500,130000
109162,chr2,130137500,130239500,102000
109163,chr2,130230500,130275500,45000
109164,chr2,130230500,130400500,170000
109166,chr2,130419500,130477500,58000
109170,chr2,130599500,130792500,193000
109171,chr2,130682500,130748500,66000
109172,chr2,130803500,131095500,292000
109174,chr2,130897500,131334500,437000
109175,chr2,130898500,131050500,152000
109176,chr2,130937500,131051500,114000
109177,chr2,130937500,130984500,47000
109178,chr2,130937500,131021500,84000
109183,chr2,131191500,131258500,67000
109184,chr2,131193500,131369500,176000
109185,chr2,131194500,131334500,140000
109186,chr2,131264500,131352500,88000
109187,chr2,131264500,131369500,105000
109188,chr2,131286500,131351500,65000
109189,chr2,131286500,131368500,82000
109191,chr2,131372500,131653500,281000
109192,chr2,131387500,131590500,203000
109194,chr2,131406500,131589500,183000
109195,chr2,131404500,131612500,208000
109196,chr2,131404500,131652500,248000
109197,chr2,131440500,131652500,212000
109198,chr2,131662500,131954500,292000
109202,chr2,131825500,131954500,129000
109203,chr2,131825500,131979500,154000
109205,chr2,140043500,140268500,225000
109210,chr2,142701500,142809500,108000
109211,chr2,142956500,143650500,694000
109213,chr2,143488500,143550500,62000
109214,chr2,143709500,143822500,113000
109215,chr2,143757500,143852500,95000
109217,chr2,143679500,144059500,380000
109218,chr2,143679500,144088500,409000
109220,chr2,143757500,144112500,355000
109221,chr2,143767500,144059500,292000
109224,chr2,143788500,144059500,271000
109225,chr2,143822500,144058500,236000
109226,chr2,143851500,144040500,189000
109230,chr2,144113500,144172500,59000
109231,chr2,144113500,144210500,97000
109232,chr2,144114500,144150500,36000
109233,chr2,144129500,144294500,165000
109234,chr2,144150500,144294500,144000
109236,chr2,144173500,144210500,37000
109241,chr2,144393500,144436500,43000
109245,chr2,144535500,144710500,175000
109246,chr2,145028500,145358500,330000
109250,chr2,145541500,145747500,206000
109252,chr2,145542500,145652500,110000
109253,chr2,145542500,145707500,165000
109259,chr2,148523500,148574500,51000
109267,chr2,149396500,149841500,445000
109269,chr2,145776500,146063500,287000
109273,chr2,145891500,146056500,165000
109274,chr2,145891500,146226500,335000
109276,chr2,146056500,146226500,170000
109278,chr2,146257500,146454500,197000
109279,chr2,146463500,146550500,87000
109283,chr2,146475500,146550500,75000
109290,chr2,146723500,147019500,296000
109291,chr2,146801500,146925500,124000
109293,chr2,146802500,147098500,296000
109302,chr2,147021500,147098500,77000
109304,chr2,147036500,147148500,112000
109305,chr2,147047500,147147500,100000
109306,chr2,147164500,147607500,443000
109307,chr2,147203500,147630500,427000
109309,chr2,147220500,147530500,310000
109310,chr2,147220500,147607500,387000
109311,chr2,147274500,147580500,306000
109312,chr2,147275500,147499500,224000
109313,chr2,147689500,147924500,235000
109314,chr2,147851500,147953500,102000
109315,chr2,147890500,147952500,62000
109316,chr2,149979500,150023500,44000
109324,chr2,150428500,150515500,87000
109327,chr2,150520500,150603500,83000
109330,chr2,150628500,150749500,121000
109332,chr2,150669500,150843500,174000
109334,chr2,151336500,151384500,48000
109336,chr2,151347500,151399500,52000
109337,chr2,151384500,151583500,199000
109340,chr2,151417500,151544500,127000
109341,chr2,151417500,151583500,166000
109342,chr2,151589500,151685500,96000
109343,chr2,151870500,151947500,77000
109344,chr2,151891500,151923500,32000
109348,chr2,151870500,152206500,336000
109349,chr2,151871500,152068500,197000
109352,chr2,151936500,152067500,131000
109353,chr2,151936500,152186500,250000
109354,chr2,151936500,152239500,303000
109356,chr2,151947500,152068500,121000
109357,chr2,151948500,152187500,239000
109358,chr2,151952500,152135500,183000
109360,chr2,151985500,152018500,33000
109362,chr2,152068500,152187500,119000
109367,chr2,152187500,152239500,52000
109370,chr2,152292500,152386500,94000
109371,chr2,152457500,152777500,320000
109372,chr2,152458500,152499500,41000
109373,chr2,152458500,152608500,150000
109375,chr2,152511500,152673500,162000
109376,chr2,152512500,152608500,96000
109378,chr2,152517500,152734500,217000
109381,chr2,152537500,152608500,71000
109384,chr2,152582500,152673500,91000
109388,chr2,152756500,152857500,101000
109389,chr2,152890500,152985500,95000
109391,chr2,152989500,153428500,439000
109392,chr2,153003500,153368500,365000
109396,chr2,153059500,153304500,245000
109398,chr2,153083500,153187500,104000
109399,chr2,153119500,153427500,308000
109405,chr2,153321500,153406500,85000
109406,chr2,153321500,153427500,106000
109408,chr2,153335500,153370500,35000
109409,chr2,153341500,153427500,86000
109410,chr2,153341500,153406500,65000
109411,chr2,153372500,153426500,54000
109412,chr2,153450500,153505500,55000
109414,chr2,153452500,153491500,39000
109415,chr2,153510500,153772500,262000
109416,chr2,153511500,153795500,284000
109418,chr2,153553500,153772500,219000
109419,chr2,153553500,153636500,83000
109420,chr2,153553500,153794500,241000
109421,chr2,153649500,153794500,145000
109422,chr2,153692500,153772500,80000
109423,chr2,153692500,153795500,103000
109429,chr2,160441500,160591500,150000
109431,chr2,160488500,160572500,84000
109432,chr2,160559500,160698500,139000
109433,chr2,160559500,160727500,168000
109434,chr2,160604500,160726500,122000
109439,chr2,157477500,158046500,569000
109445,chr2,157588500,158045500,457000
109447,chr2,157889500,158189500,300000
109448,chr2,157949500,158022500,73000
109449,chr2,157949500,158046500,97000
109451,chr2,158050500,158100500,50000
109452,chr2,158050500,158158500,108000
109454,chr2,158203500,158251500,48000
109455,chr2,158222500,158495500,273000
109456,chr2,158352500,158494500,142000
109457,chr2,158375500,158494500,119000
109458,chr2,158376500,158483500,107000
109460,chr2,158393500,158454500,61000
109462,chr2,158455500,158509500,54000
109463,chr2,158495500,158705500,210000
109464,chr2,158608500,158693500,85000
109466,chr2,158708500,158892500,184000
109468,chr2,158754500,158910500,156000
109473,chr2,153837500,154137500,300000
109474,chr2,154029500,154215500,186000
109477,chr2,154252500,154454500,202000
109479,chr2,154261500,154334500,73000
109483,chr2,154394500,154427500,33000
109484,chr2,154489500,154785500,296000
109487,chr2,154633500,154734500,101000
109488,chr2,154710500,154785500,75000
109496,chr2,154923500,155226500,303000
109497,chr2,154924500,155015500,91000
109498,chr2,154924500,155034500,110000
109499,chr2,154924500,155114500,190000
109500,chr2,155048500,155114500,66000
109501,chr2,155079500,155226500,147000
109502,chr2,155118500,155224500,106000
109504,chr2,155355500,155509500,154000
109505,chr2,155357500,155606500,249000
109506,chr2,155357500,155536500,179000
109507,chr2,155428500,155462500,34000
109512,chr2,155690500,155789500,99000
109515,chr2,155849500,155907500,58000
109518,chr2,156027500,156120500,93000
109519,chr2,156147500,156357500,210000
109521,chr2,156192500,156548500,356000
109522,chr2,156193500,156339500,146000
109523,chr2,156193500,156357500,164000
109524,chr2,156265500,156561500,296000
109527,chr2,156651500,156838500,187000
109529,chr2,156651500,156873500,222000
109531,chr2,156715500,156937500,222000
109532,chr2,156716500,156872500,156000
109533,chr2,156746500,156838500,92000
109534,chr2,156746500,156872500,126000
109535,chr2,156746500,156936500,190000
109537,chr2,157046500,157121500,75000
109539,chr2,157132500,157180500,48000
109541,chr2,157159500,157413500,254000
109542,chr2,157183500,157299500,116000
109544,chr2,157210500,157409500,199000
109549,chr2,157262500,157407500,145000
109550,chr2,157264500,157298500,34000
109551,chr2,157301500,157412500,111000
109556,chr2,157447500,157757500,310000
109557,chr2,157447500,157785500,338000
109558,chr2,157447500,157889500,442000
109562,chr2,157472500,157907500,435000
109563,chr2,157477500,157818500,341000
109564,chr2,157478500,157832500,354000
109565,chr2,157477500,157990500,513000
109566,chr2,157478500,157849500,371000
109569,chr2,157506500,157812500,306000
109570,chr2,157579500,157870500,291000
109571,chr2,157588500,157785500,197000
109572,chr2,157587500,157889500,302000
109573,chr2,157587500,157989500,402000
109574,chr2,157588500,157757500,169000
109581,chr2,162766500,162798500,32000
109583,chr2,162773500,162859500,86000
109587,chr2,162788500,163045500,257000
109588,chr2,162809500,162933500,124000
109589,chr2,162839500,163047500,208000
109594,chr2,162861500,162911500,50000
109603,chr2,162989500,163172500,183000
109607,chr2,163428500,163561500,133000
109608,chr2,163444500,163486500,42000
109610,chr2,163456500,163561500,105000
109611,chr2,163474500,163560500,86000
109614,chr2,163699500,163763500,64000
109615,chr2,163699500,163810500,111000
109616,chr2,163700500,163794500,94000
109617,chr2,163837500,163913500,76000
109620,chr2,163915500,164228500,313000
109621,chr2,163945500,164249500,304000
109626,chr2,164198500,164249500,51000
109628,chr2,164231500,164361500,130000
109629,chr2,164245500,164360500,115000
109630,chr2,164244500,164405500,161000
109631,chr2,164259500,164373500,114000
109633,chr2,164302500,164405500,103000
109634,chr2,164363500,164404500,41000
109649,chr2,164753500,165168500,415000
109652,chr2,164793500,165204500,411000
109656,chr2,164802500,164911500,109000
109657,chr2,164802500,165168500,366000
109658,chr2,164803500,164954500,151000
109660,chr2,164916500,165179500,263000
109661,chr2,165206500,165329500,123000
109662,chr2,165233500,165329500,96000
109663,chr2,165338500,165592500,254000
109666,chr2,165436500,165558500,122000
109667,chr2,165436500,165592500,156000
109668,chr2,165623500,165924500,301000
109672,chr2,165651500,165811500,160000
109679,chr2,165761500,165888500,127000
109681,chr2,165762500,165923500,161000
109682,chr2,165763500,165836500,73000
109683,chr2,165786500,165888500,102000
109684,chr2,165786500,165836500,50000
109687,chr2,167958500,168073500,115000
109689,chr2,167970500,168047500,77000
109694,chr2,168091500,168312500,221000
109695,chr2,168092500,168138500,46000
109696,chr2,168092500,168267500,175000
109697,chr2,168093500,168522500,429000
109700,chr2,168311500,168493500,182000
109701,chr2,168472500,168721500,249000
109702,chr2,168500500,168720500,220000
109703,chr2,168502500,168584500,82000
109704,chr2,168534500,168685500,151000
109705,chr2,168584500,168683500,99000
109706,chr2,168606500,168683500,77000
109707,chr2,168606500,168712500,106000
109709,chr2,168722500,168821500,99000
109722,chr2,168962500,169646500,684000
109723,chr2,168963500,169601500,638000
109725,chr2,168974500,169690500,716000
109728,chr2,169202500,169602500,400000
109729,chr2,169202500,169690500,488000
109732,chr2,169602500,169870500,268000
109733,chr2,169602500,169942500,340000
109734,chr2,169801500,169942500,141000
109735,chr2,169802500,169886500,84000
109736,chr2,169844500,169943500,99000
109737,chr2,165761500,166406500,645000
109740,chr2,165902500,166406500,504000
109741,chr2,165927500,166282500,355000
109742,chr2,165927500,166181500,254000
109743,chr2,165939500,166406500,467000
109750,chr2,165997500,166281500,284000
109751,chr2,165998500,166097500,99000
109752,chr2,165999500,166364500,365000
109753,chr2,165999500,166036500,37000
109754,chr2,165999500,166181500,182000
109757,chr2,166025500,166282500,257000
109758,chr2,166027500,166181500,154000
109759,chr2,166132500,166287500,155000
109760,chr2,166325500,166405500,80000
109761,chr2,166417500,166623500,206000
109762,chr2,166433500,166731500,298000
109763,chr2,166434500,166699500,265000
109766,chr2,166838500,166904500,66000
109771,chr2,166887500,167059500,172000
109772,chr2,166913500,167031500,118000
109774,chr2,166914500,167261500,347000
109778,chr2,167064500,167260500,196000
109781,chr2,167474500,167773500,299000
109784,chr2,167482500,167519500,37000
109786,chr2,167503500,167774500,271000
109788,chr2,167527500,167826500,299000
109789,chr2,167530500,167618500,88000
109790,chr2,167530500,167773500,243000
109791,chr2,167531500,167923500,392000
109793,chr2,177741500,177888500,147000
109794,chr2,177779500,177888500,109000
109795,chr2,177779500,177979500,200000
109797,chr2,173427500,174127500,700000
109799,chr2,173653500,174139500,486000
109800,chr2,173918500,174102500,184000
109803,chr2,173952500,174102500,150000
109810,chr2,174138500,174315500,177000
109814,chr2,174152500,174773500,621000
109815,chr2,174154500,174295500,141000
109822,chr2,174334500,174515500,181000
109824,chr2,174518500,174775500,257000
109825,chr2,174520500,174638500,118000
109827,chr2,169946500,170186500,240000
109828,chr2,169959500,170069500,110000
109829,chr2,169958500,170160500,202000
109835,chr2,170196500,170263500,67000
109836,chr2,170291500,170438500,147000
109839,chr2,170362500,170454500,92000
109844,chr2,170525500,170692500,167000
109847,chr2,170754500,170885500,131000
109848,chr2,170754500,171206500,452000
109850,chr2,170885500,171207500,322000
109852,chr2,170962500,171133500,171000
109853,chr2,170993500,171188500,195000
109854,chr2,171074500,171122500,48000
109869,chr2,172065500,172314500,249000
109875,chr2,172320500,172600500,280000
109877,chr2,172341500,172667500,326000
109878,chr2,172342500,172388500,46000
109880,chr2,172391500,172571500,180000
109882,chr2,172392500,172615500,223000
109884,chr2,172504500,172599500,95000
109885,chr2,172504500,172615500,111000
109887,chr2,172706500,172792500,86000
109888,chr2,172706500,172838500,132000
109890,chr2,172802500,172838500,36000
109891,chr2,172840500,173025500,185000
109896,chr2,172863500,172924500,61000
109898,chr2,172950500,173388500,438000
109900,chr2,173005500,173295500,290000
109901,chr2,173006500,173404500,398000
109902,chr2,173028500,173388500,360000
109903,chr2,173120500,173294500,174000
109904,chr2,173121500,173258500,137000
109905,chr2,173297500,173387500,90000
109906,chr2,173428500,173787500,359000
109907,chr2,173501500,173579500,78000
109909,chr2,173654500,173960500,306000
109910,chr2,173918500,173952500,34000
109911,chr2,178216500,178391500,175000
109912,chr2,178217500,178270500,53000
109913,chr2,178271500,178307500,36000
109920,chr2,179024500,179286500,262000
109921,chr2,179088500,179214500,126000
109922,chr2,179091500,179306500,215000
109923,chr2,179092500,179321500,229000
109924,chr2,179166500,179211500,45000
109925,chr2,179217500,179516500,299000
109926,chr2,179471500,179516500,45000
109927,chr2,179471500,179693500,222000
109928,chr2,179534500,179692500,158000
109929,chr2,179558500,179729500,171000
109930,chr2,179558500,179811500,253000
109931,chr2,179617500,179745500,128000
109932,chr2,179618500,179684500,66000
109933,chr2,179618500,179760500,142000
109936,chr2,179666500,179761500,95000
109937,chr2,179666500,179868500,202000
109939,chr2,179684500,179867500,183000
109941,chr2,179745500,179866500,121000
109942,chr2,179746500,179895500,149000
109943,chr2,179760500,179868500,108000
109944,chr2,179761500,179897500,136000
109945,chr2,179761500,179812500,51000
109946,chr2,179775500,179891500,116000
109947,chr2,179814500,179867500,53000
109949,chr2,179826500,179892500,66000
109955,chr2,179917500,180202500,285000
109956,chr2,179993500,180202500,209000
109957,chr2,179993500,180220500,227000
109958,chr2,179993500,180421500,428000
109959,chr2,180071500,180201500,130000
109960,chr2,180098500,180534500,436000
109961,chr2,180114500,180221500,107000
109962,chr2,180208500,180388500,180000
109963,chr2,180223500,180387500,164000
109964,chr2,180223500,180421500,198000
109967,chr2,180227500,180351500,124000
109969,chr2,180230500,180282500,52000
109970,chr2,180321500,180386500,65000
109972,chr2,180321500,180420500,99000
109975,chr2,180348500,180384500,36000
109977,chr2,180387500,180420500,33000
109982,chr2,180827500,181018500,191000
109983,chr2,180828500,181138500,310000
109984,chr2,180829500,180928500,99000
109987,chr2,181007500,181321500,314000
109988,chr2,181034500,181137500,103000
109989,chr2,181034500,181222500,188000
109990,chr2,181034500,181236500,202000
109991,chr2,181034500,181320500,286000
109992,chr2,181053500,181137500,84000
109993,chr2,181101500,181137500,36000
109994,chr2,181138500,181242500,104000
109996,chr2,181162500,181238500,76000
109998,chr2,181164500,181320500,156000
109999,chr2,181286500,181319500,33000
110001,chr2,181302500,181505500,203000
110002,chr2,181322500,181507500,185000
110003,chr2,181338500,181506500,168000
110011,chr3,3211500,3262500,51000
110013,chr3,7397500,7566500,169000
110017,chr3,8731500,8832500,101000
110022,chr3,9034500,9102500,68000
110023,chr3,9068500,9101500,33000
110028,chr3,9142500,9464500,322000
110030,chr3,9315500,9411500,96000
110031,chr3,9465500,9531500,66000
110032,chr3,9467500,9658500,191000
110033,chr3,9467500,9679500,212000
110034,chr3,9512500,9770500,258000
110035,chr3,9584500,9708500,124000
110036,chr3,9660500,9769500,109000
110037,chr3,9676500,9769500,93000
110038,chr3,9701500,9768500,67000
110039,chr3,9730500,9764500,34000
110041,chr3,14599500,14643500,44000
110050,chr3,17888500,17924500,36000
110056,chr3,9775500,10074500,299000
110058,chr3,9776500,10037500,261000
110061,chr3,10226500,10287500,61000
110062,chr3,10376500,10460500,84000
110063,chr3,10408500,10460500,52000
110065,chr3,10466500,10734500,268000
110068,chr3,18311500,18678500,367000
110071,chr3,18678500,18751500,73000
110074,chr3,19299500,19585500,286000
110078,chr3,19683500,19747500,64000
110079,chr3,21947500,22130500,183000
110080,chr3,21991500,22175500,184000
110081,chr3,21990500,22210500,220000
110082,chr3,22093500,22128500,35000
110083,chr3,22131500,22175500,44000
110086,chr3,19959500,20130500,171000
110089,chr3,20115500,20252500,137000
110091,chr3,20157500,20252500,95000
110094,chr3,21947500,21989500,42000
110099,chr3,27174500,27290500,116000
110105,chr3,27393500,27507500,114000
110106,chr3,27711500,27763500,52000
110107,chr3,27957500,28053500,96000
110108,chr3,27986500,28161500,175000
110109,chr3,27990500,28092500,102000
110110,chr3,28037500,28161500,124000
110111,chr3,28061500,28161500,100000
110113,chr3,28219500,28441500,222000
110114,chr3,28219500,28617500,398000
110116,chr3,28764500,28799500,35000
110128,chr3,30052500,30562500,510000
110133,chr3,30070500,30324500,254000
110136,chr3,30565500,30652500,87000
110140,chr3,30654500,30910500,256000
110143,chr3,30655500,30847500,192000
110144,chr3,30657500,30700500,43000
110146,chr3,30656500,31049500,393000
110148,chr3,30703500,30777500,74000
110149,chr3,30702500,30847500,145000
110152,chr3,30752500,30846500,94000
110153,chr3,30848500,30910500,62000
110154,chr3,30910500,31024500,114000
110155,chr3,30910500,31049500,139000
110156,chr3,31024500,31149500,125000
110157,chr3,31049500,31109500,60000
110158,chr3,31049500,31148500,99000
110159,chr3,31049500,31193500,144000
110163,chr3,31113500,31148500,35000
110164,chr3,31150500,31188500,38000
110165,chr3,31200500,31291500,91000
110169,chr3,31258500,31513500,255000
110175,chr3,31845500,32384500,539000
110182,chr3,32396500,32451500,55000
110183,chr3,32419500,32584500,165000
110187,chr3,32451500,32564500,113000
110188,chr3,32451500,32584500,133000
110190,chr3,32514500,32562500,48000
110191,chr3,32564500,32753500,189000
110193,chr3,32583500,32790500,207000
110194,chr3,32608500,32752500,144000
110195,chr3,32632500,32751500,119000
110200,chr3,32766500,32803500,37000
110201,chr3,32791500,32872500,81000
110203,chr3,32792500,32925500,133000
110206,chr3,33019500,33197500,178000
110216,chr3,40699500,40754500,55000
110221,chr3,40754500,40800500,46000
110227,chr3,41303500,41404500,101000
110237,chr3,37663500,38034500,371000
110238,chr3,37663500,38256500,593000
110240,chr3,38281500,38903500,622000
110243,chr3,38310500,38903500,593000
110245,chr3,38311500,38538500,227000
110249,chr3,35986500,36054500,68000
110251,chr3,36047500,36114500,67000
110252,chr3,36047500,36191500,144000
110254,chr3,36114500,36190500,76000
110255,chr3,36206500,36529500,323000
110256,chr3,36264500,36384500,120000
110259,chr3,36626500,36667500,41000
110267,chr3,37367500,37473500,106000
110268,chr3,37396500,37434500,38000
110272,chr3,37663500,37974500,311000
110273,chr3,37690500,37975500,285000
110274,chr3,37695500,37759500,64000
110275,chr3,37695500,37813500,118000
110277,chr3,34010500,34133500,123000
110278,chr3,34010500,34204500,194000
110279,chr3,34011500,34284500,273000
110280,chr3,34011500,34073500,62000
110281,chr3,34013500,34091500,78000
110284,chr3,34044500,34090500,46000
110287,chr3,34078500,34113500,35000
110294,chr3,34500500,34693500,193000
110300,chr3,34719500,35156500,437000
110301,chr3,34720500,34812500,92000
110305,chr3,35362500,35536500,174000
110308,chr3,35537500,35628500,91000
110311,chr3,35746500,35987500,241000
110312,chr3,35748500,35807500,59000
110313,chr3,35748500,35877500,129000
110315,chr3,35772500,35986500,214000
110317,chr3,35808500,35986500,178000
110321,chr3,50958500,51077500,119000
110322,chr3,51109500,51262500,153000
110323,chr3,51132500,51183500,51000
110327,chr3,51184500,51248500,64000
110328,chr3,51184500,51266500,82000
110329,chr3,51195500,51235500,40000
110331,chr3,51248500,51304500,56000
110332,chr3,51248500,51323500,75000
110336,chr3,51389500,51558500,169000
110337,chr3,51389500,51580500,191000
110338,chr3,51389500,51611500,222000
110339,chr3,51391500,51467500,76000
110340,chr3,51418500,51557500,139000
110341,chr3,51418500,51581500,163000
110342,chr3,51447500,51558500,111000
110343,chr3,51468500,51558500,90000
110344,chr3,51468500,51580500,112000
110345,chr3,51490500,51581500,91000
110346,chr3,51610500,51916500,306000
110349,chr3,57175500,57337500,162000
110351,chr3,57379500,57420500,41000
110356,chr3,57558500,57644500,86000
110357,chr3,57559500,57754500,195000
110358,chr3,57643500,57754500,111000
110363,chr3,51609500,52010500,401000
110364,chr3,51953500,52010500,57000
110365,chr3,52163500,52832500,669000
110368,chr3,52162500,52863500,701000
110372,chr3,52170500,52452500,282000
110373,chr3,52169500,52689500,520000
110376,chr3,52176500,52321500,145000
110379,chr3,52937500,53214500,277000
110382,chr3,53498500,53565500,67000
110387,chr3,54270500,54377500,107000
110388,chr3,54462500,54499500,37000
110392,chr3,54702500,54970500,268000
110393,chr3,54721500,54908500,187000
110398,chr3,54840500,54909500,69000
110399,chr3,54840500,54929500,89000
110400,chr3,54930500,54971500,41000
110401,chr3,55094500,55262500,168000
110402,chr3,55114500,55261500,147000
110405,chr3,55428500,55568500,140000
110414,chr3,63077500,63205500,128000
110415,chr3,63462500,63775500,313000
110418,chr3,63807500,63872500,65000
110425,chr3,57752500,58045500,293000
110426,chr3,57821500,58029500,208000
110428,chr3,58071500,58355500,284000
110429,chr3,58070500,58395500,325000
110430,chr3,58281500,58323500,42000
110432,chr3,58419500,58561500,142000
110433,chr3,58433500,58484500,51000
110437,chr3,58485500,58599500,114000
110438,chr3,58599500,58913500,314000
110439,chr3,58693500,58967500,274000
110440,chr3,59028500,59228500,200000
110448,chr3,65261500,65842500,581000
110449,chr3,65287500,65770500,483000
110450,chr3,65300500,65836500,536000
110453,chr3,65436500,65837500,401000
110460,chr3,65846500,65898500,52000
110463,chr3,66306500,66498500,192000
110473,chr3,67965500,68401500,436000
110477,chr3,68400500,68473500,73000
110478,chr3,68470500,68620500,150000
110479,chr3,68625500,68776500,151000
110480,chr3,68625500,68861500,236000
110481,chr3,68873500,68928500,55000
110482,chr3,68872500,68971500,99000
110483,chr3,68912500,69033500,121000
110494,chr3,69145500,69389500,244000
110496,chr3,69146500,69609500,463000
110498,chr3,69165500,69609500,444000
110500,chr3,69279500,69388500,109000
110501,chr3,69306500,69388500,82000
110502,chr3,69504500,69629500,125000
110508,chr3,75487500,75769500,282000
110510,chr3,75817500,75908500,91000
110514,chr3,79109500,79377500,268000
110515,chr3,79109500,79351500,242000
110516,chr3,79109500,79494500,385000
110517,chr3,79128500,79477500,349000
110518,chr3,79129500,79494500,365000
110519,chr3,79129500,79351500,222000
110522,chr3,79515500,79715500,200000
110526,chr3,79762500,79966500,204000
110527,chr3,79790500,79965500,175000
110528,chr3,80866500,80927500,61000
110530,chr3,80944500,81009500,65000
110531,chr3,81954500,82257500,303000
110537,chr3,83035500,83179500,144000
110541,chr3,83403500,83670500,267000
110542,chr3,83622500,83670500,48000
110544,chr3,83852500,83946500,94000
110549,chr3,83823500,84062500,239000
110550,chr3,83823500,84030500,207000
110551,chr3,83823500,84079500,256000
110553,chr3,83851500,84063500,212000
110554,chr3,83947500,84062500,115000
110557,chr3,84080500,84241500,161000
110560,chr3,84222500,84387500,165000
110561,chr3,84222500,84449500,227000
110562,chr3,84259500,84539500,280000
110563,chr3,84489500,84563500,74000
110565,chr3,84523500,84621500,98000
110566,chr3,84522500,84751500,229000
110567,chr3,84523500,84797500,274000
110568,chr3,84563500,84722500,159000
110569,chr3,84600500,84797500,197000
110570,chr3,84600500,84834500,234000
110574,chr3,85388500,85478500,90000
110577,chr3,85614500,85983500,369000
110578,chr3,85830500,85954500,124000
110581,chr3,85910500,85955500,45000
110583,chr3,85615500,86036500,421000
110585,chr3,85829500,86024500,195000
110586,chr3,86049500,86131500,82000
110588,chr3,86176500,86688500,512000
110594,chr3,86754500,86791500,37000
110596,chr3,86940500,86990500,50000
110597,chr3,86997500,87150500,153000
110598,chr3,87040500,87101500,61000
110599,chr3,87059500,87101500,42000
110603,chr3,87318500,87469500,151000
110604,chr3,87415500,87676500,261000
110605,chr3,87678500,87724500,46000
110606,chr3,87678500,87978500,300000
110609,chr3,87794500,87836500,42000
110610,chr3,87842500,87979500,137000
110612,chr3,87843500,87893500,50000
110613,chr3,87877500,87979500,102000
110615,chr3,87896500,87979500,83000
110616,chr3,87935500,87978500,43000
110618,chr3,87879500,88047500,168000
110619,chr3,87906500,88107500,201000
110620,chr3,87907500,88123500,216000
110621,chr3,87934500,88149500,215000
110622,chr3,87995500,88065500,70000
110623,chr3,87995500,88149500,154000
110624,chr3,88048500,88203500,155000
110626,chr3,88099500,88199500,100000
110627,chr3,88153500,88199500,46000
110636,chr3,88243500,88438500,195000
110637,chr3,88243500,88417500,174000
110644,chr3,88393500,88429500,36000
110645,chr3,88392500,88645500,253000
110646,chr3,88433500,88646500,213000
110648,chr3,88451500,88660500,209000
110649,chr3,88499500,88546500,47000
110650,chr3,88499500,88646500,147000
110652,chr3,88514500,88592500,78000
110653,chr3,88515500,88547500,32000
110654,chr3,88515500,88645500,130000
110655,chr3,88516500,88661500,145000
110660,chr3,88820500,88997500,177000
110661,chr3,88847500,88939500,92000
110662,chr3,88857500,88996500,139000
110663,chr3,88857500,89071500,214000
110664,chr3,88967500,89124500,157000
110666,chr3,88998500,89188500,190000
110668,chr3,88998500,89068500,70000
110669,chr3,88998500,89227500,229000
110670,chr3,89023500,89123500,100000
110671,chr3,89022500,89149500,127000
110673,chr3,89156500,89188500,32000
110674,chr3,89157500,89391500,234000
110676,chr3,89224500,89261500,37000
110677,chr3,89225500,89680500,455000
110681,chr3,89245500,89300500,55000
110682,chr3,89285500,89391500,106000
110686,chr3,89304500,89391500,87000
110689,chr3,89355500,89596500,241000
110690,chr3,89358500,89390500,32000
110693,chr3,89407500,89634500,227000
110697,chr3,89420500,89835500,415000
110698,chr3,89484500,89596500,112000
110699,chr3,89484500,89679500,195000
110700,chr3,89484500,89765500,281000
110701,chr3,89506500,89595500,89000
110702,chr3,89506500,89678500,172000
110703,chr3,89524500,89679500,155000
110704,chr3,89525500,89765500,240000
110708,chr3,89716500,89872500,156000
110709,chr3,89718500,89834500,116000
110710,chr3,89723500,89764500,41000
110713,chr3,89893500,89980500,87000
110714,chr3,89905500,89986500,81000
110717,chr3,89925500,89967500,42000
110728,chr3,92814500,92906500,92000
110730,chr3,93023500,93267500,244000
110731,chr3,93022500,93214500,192000
110732,chr3,93037500,93214500,177000
110733,chr3,93038500,93314500,276000
110734,chr3,93037500,93401500,364000
110735,chr3,93216500,93313500,97000
110736,chr3,93315500,93401500,86000
110737,chr3,93318500,93352500,34000
110738,chr3,93403500,93515500,112000
110739,chr3,93430500,93515500,85000
110748,chr3,94236500,94268500,32000
110751,chr3,94363500,94509500,146000
110752,chr3,94489500,94745500,256000
110757,chr3,94794500,94922500,128000
110758,chr3,94797500,94903500,106000
110759,chr3,94856500,94936500,80000
110760,chr3,94860500,94922500,62000
110761,chr3,94882500,94922500,40000
110762,chr3,95041500,95189500,148000
110763,chr3,95049500,95124500,75000
110764,chr3,95049500,95081500,32000
110765,chr3,95062500,95170500,108000
110766,chr3,95120500,95171500,51000
110769,chr3,95219500,95316500,97000
110777,chr3,95256500,95316500,60000
110784,chr3,95402500,95750500,348000
110785,chr3,95402500,95678500,276000
110788,chr3,95419500,95701500,282000
110789,chr3,95424500,95679500,255000
110791,chr3,95425500,95642500,217000
110793,chr3,95441500,95678500,237000
110794,chr3,95438500,95715500,277000
110795,chr3,95441500,95630500,189000
110799,chr3,95540500,95679500,139000
110803,chr3,95583500,95726500,143000
110804,chr3,95589500,95643500,54000
110805,chr3,95593500,95642500,49000
110807,chr3,95769500,95814500,45000
110808,chr3,95768500,95867500,99000
110811,chr3,95845500,95959500,114000
110812,chr3,89926500,90000500,74000
110814,chr3,90121500,90200500,79000
110816,chr3,90124500,90253500,129000
110818,chr3,90160500,90354500,194000
110819,chr3,90263500,90391500,128000
110820,chr3,90278500,90374500,96000
110825,chr3,90522500,90616500,94000
110826,chr3,90551500,90616500,65000
110835,chr3,95965500,96012500,47000
110837,chr3,95973500,96055500,82000
110840,chr3,96011500,96079500,68000
110845,chr3,96186500,96485500,299000
110846,chr3,96235500,96348500,113000
110849,chr3,96309500,96407500,98000
110850,chr3,96310500,96347500,37000
110852,chr3,96408500,96482500,74000
110853,chr3,96489500,96546500,57000
110854,chr3,96505500,96605500,100000
110857,chr3,96552500,96614500,62000
110859,chr3,96720500,96813500,93000
110861,chr3,96844500,97108500,264000
110862,chr3,96845500,96937500,92000
110864,chr3,96845500,97207500,362000
110866,chr3,96846500,97026500,180000
110868,chr3,96956500,97092500,136000
110869,chr3,97093500,97245500,152000
110871,chr3,97138500,97244500,106000
110874,chr3,97443500,97562500,119000
110875,chr3,97517500,97562500,45000
110876,chr3,97565500,97675500,110000
110878,chr3,97590500,97674500,84000
110879,chr3,97675500,97786500,111000
110884,chr3,100097500,100265500,168000
110885,chr3,100097500,100462500,365000
110888,chr3,100265500,100476500,211000
110889,chr3,100267500,100327500,60000
110890,chr3,100329500,100395500,66000
110891,chr3,100330500,100462500,132000
110892,chr3,100329500,100599500,270000
110893,chr3,100396500,100592500,196000
110894,chr3,100675500,100814500,139000
110895,chr3,100675500,100838500,163000
110896,chr3,100676500,100860500,184000
110897,chr3,100828500,100876500,48000
110899,chr3,100877500,101391500,514000
110904,chr3,100907500,101132500,225000
110905,chr3,101000500,101070500,70000
110906,chr3,101018500,101131500,113000
110907,chr3,101018500,101071500,53000
110909,chr3,101039500,101071500,32000
110910,chr3,101074500,101121500,47000
110911,chr3,101211500,101370500,159000
110913,chr3,101224500,101393500,169000
110915,chr3,101284500,101318500,34000
110917,chr3,101370500,101719500,349000
110918,chr3,101400500,101746500,346000
110920,chr3,101476500,101714500,238000
110922,chr3,101511500,101620500,109000
110923,chr3,101831500,101918500,87000
110924,chr3,101934500,101969500,35000
110927,chr3,103985500,104350500,365000
110929,chr3,104079500,104350500,271000
110936,chr3,104447500,104549500,102000
110938,chr3,104448500,104590500,142000
110939,chr3,104448500,104608500,160000
110940,chr3,104550500,104584500,34000
110942,chr3,104622500,104874500,252000
110944,chr3,104670500,104724500,54000
110945,chr3,104674500,104899500,225000
110953,chr3,104700500,104771500,71000
110956,chr3,104723500,104961500,238000
110957,chr3,104875500,104966500,91000
110958,chr3,104985500,105072500,87000
110959,chr3,105001500,105072500,71000
110960,chr3,105022500,105329500,307000
110961,chr3,105022500,105072500,50000
110962,chr3,105359500,105594500,235000
110963,chr3,105594500,105708500,114000
110964,chr3,105595500,105633500,38000
110965,chr3,105595500,105806500,211000
110967,chr3,105634500,105806500,172000
110969,chr3,105710500,105802500,92000
110974,chr3,97835500,98039500,204000
110975,chr3,98088500,98131500,43000
110980,chr3,98256500,98335500,79000
110982,chr3,98289500,98334500,45000
110987,chr3,99141500,99195500,54000
110989,chr3,101934500,102027500,93000
110990,chr3,101935500,102150500,215000
110991,chr3,101969500,102150500,181000
110993,chr3,101989500,102028500,39000
110994,chr3,101990500,102074500,84000
110995,chr3,101990500,102120500,130000
110998,chr3,102217500,102599500,382000
110999,chr3,102217500,102710500,493000
111000,chr3,102242500,102711500,469000
111002,chr3,102376500,102598500,222000
111003,chr3,102609500,102711500,102000
111004,chr3,102622500,102711500,89000
111012,chr3,103007500,103077500,70000
111015,chr3,103094500,103146500,52000
111016,chr3,103111500,103288500,177000
111017,chr3,103114500,103186500,72000
111018,chr3,103398500,103645500,247000
111021,chr3,103717500,103822500,105000
111024,chr3,103759500,103794500,35000
111025,chr3,103822500,103875500,53000
111031,chr3,107825500,108055500,230000
111032,chr3,107994500,108053500,59000
111033,chr3,108073500,108111500,38000
111034,chr3,108107500,108293500,186000
111037,chr3,108294500,108470500,176000
111038,chr3,108308500,108367500,59000
111039,chr3,108308500,108397500,89000
111040,chr3,108309500,108444500,135000
111041,chr3,108397500,108470500,73000
111042,chr3,108469500,108561500,92000
111043,chr3,108498500,108561500,63000
111044,chr3,108567500,108706500,139000
111046,chr3,108765500,108807500,42000
111050,chr3,108885500,108969500,84000
111051,chr3,108933500,108970500,37000
111053,chr3,109078500,109340500,262000
111062,chr3,106944500,107008500,64000
111063,chr3,107001500,107181500,180000
111064,chr3,107112500,107488500,376000
111065,chr3,107113500,107181500,68000
111067,chr3,107114500,107375500,261000
111068,chr3,107186500,107239500,53000
111069,chr3,107203500,107371500,168000
111071,chr3,107240500,107367500,127000
111074,chr3,107264500,107487500,223000
111075,chr3,107366500,107503500,137000
111076,chr3,107425500,107503500,78000
111078,chr3,107479500,107771500,292000
111080,chr3,107604500,107969500,365000
111084,chr3,115507500,115681500,174000
111085,chr3,115508500,115729500,221000
111092,chr3,120957500,121294500,337000
111093,chr3,120960500,121328500,368000
111095,chr3,121170500,121293500,123000
111098,chr3,121330500,121555500,225000
111100,chr3,121334500,121606500,272000
111108,chr3,121571500,121676500,105000
111110,chr3,121679500,121898500,219000
111111,chr3,121679500,121915500,236000
111112,chr3,121679500,121963500,284000
111114,chr3,121758500,121915500,157000
111121,chr3,116126500,116303500,177000
111125,chr3,116127500,116389500,262000
111128,chr3,116129500,116454500,325000
111129,chr3,116129500,116604500,475000
111132,chr3,116217500,116301500,84000
111133,chr3,116305500,116371500,66000
111134,chr3,116305500,116456500,151000
111135,chr3,116372500,116542500,170000
111136,chr3,116389500,116454500,65000
111137,chr3,116415500,116543500,128000
111138,chr3,116415500,116456500,41000
111143,chr3,116545500,116629500,84000
111144,chr3,116760500,116854500,94000
111151,chr3,126726500,126806500,80000
111152,chr3,126772500,126806500,34000
111153,chr3,126979500,127073500,94000
111156,chr3,127117500,127221500,104000
111161,chr3,127366500,127555500,189000
111163,chr3,127418500,127743500,325000
111164,chr3,127423500,127584500,161000
111169,chr3,127631500,127689500,58000
111170,chr3,127631500,127742500,111000
111171,chr3,127645500,127689500,44000
111185,chr3,129096500,129501500,405000
111186,chr3,129100500,129428500,328000
111188,chr3,129328500,129383500,55000
111190,chr3,129623500,129854500,231000
111191,chr3,129624500,129672500,48000
111192,chr3,129673500,129854500,181000
111193,chr3,129712500,129873500,161000
111194,chr3,129764500,129854500,90000
111197,chr3,121679500,122038500,359000
111198,chr3,121678500,122065500,387000
111199,chr3,121679500,122085500,406000
111200,chr3,121679500,122104500,425000
111201,chr3,121746500,122038500,292000
111204,chr3,121964500,122062500,98000
111209,chr3,122039500,122086500,47000
111212,chr3,122088500,122303500,215000
111214,chr3,122089500,122260500,171000
111215,chr3,122089500,122358500,269000
111217,chr3,122105500,122301500,196000
111218,chr3,122105500,122412500,307000
111219,chr3,122105500,122432500,327000
111222,chr3,122184500,122259500,75000
111223,chr3,122214500,122259500,45000
111224,chr3,122262500,122430500,168000
111225,chr3,122303500,122431500,128000
111226,chr3,122359500,122411500,52000
111231,chr3,122442500,122673500,231000
111233,chr3,122524500,122698500,174000
111235,chr3,122698500,122897500,199000
111236,chr3,122698500,122952500,254000
111238,chr3,122732500,122952500,220000
111239,chr3,122733500,122896500,163000
111240,chr3,122755500,122896500,141000
111242,chr3,122954500,123165500,211000
111243,chr3,123027500,123165500,138000
111247,chr3,134987500,135211500,224000
111249,chr3,135144500,135253500,109000
111250,chr3,135144500,135396500,252000
111253,chr3,135180500,135436500,256000
111255,chr3,135209500,135436500,227000
111256,chr3,135336500,135435500,99000
111260,chr3,137485500,137622500,137000
111261,chr3,137486500,137660500,174000
111262,chr3,137486500,137571500,85000
111263,chr3,137488500,137538500,50000
111266,chr3,137534500,137849500,315000
111268,chr3,137556500,137850500,294000
111269,chr3,137572500,137623500,51000
111270,chr3,137623500,137850500,227000
111271,chr3,137660500,137849500,189000
111275,chr3,132656500,132797500,141000
111281,chr3,133041500,133257500,216000
111282,chr3,133167500,133256500,89000
111299,chr3,129978500,130369500,391000
111302,chr3,130521500,130903500,382000
111305,chr3,130554500,131031500,477000
111307,chr3,130612500,130903500,291000
111311,chr3,130905500,130937500,32000
111313,chr3,131079500,131258500,179000
111314,chr3,131113500,131177500,64000
111315,chr3,131113500,131231500,118000
111318,chr3,131142500,131177500,35000
111320,chr3,131196500,131270500,74000
111327,chr3,141592500,141981500,389000
111330,chr3,142001500,142148500,147000
111331,chr3,142197500,142352500,155000
111333,chr3,142346500,142380500,34000
111336,chr3,142591500,142632500,41000
111343,chr3,137929500,138110500,181000
111344,chr3,137945500,138111500,166000
111346,chr3,138149500,138194500,45000
111347,chr3,138149500,138233500,84000
111350,chr3,138195500,138233500,38000
111353,chr3,138323500,138612500,289000
111356,chr3,138350500,138448500,98000
111358,chr3,138743500,138779500,36000
111361,chr3,144069500,144105500,36000
111363,chr3,144118500,144275500,157000
111364,chr3,144159500,144312500,153000
111374,chr3,144507500,144710500,203000
111375,chr3,144508500,144732500,224000
111380,chr3,144733500,144837500,104000
111384,chr3,145115500,145644500,529000
111386,chr3,145116500,145301500,185000
111387,chr3,145282500,145630500,348000
111388,chr3,145289500,145611500,322000
111389,chr3,145305500,145610500,305000
111393,chr3,145333500,145611500,278000
111394,chr3,145333500,145527500,194000
111395,chr3,145337500,145464500,127000
111396,chr3,145357500,145464500,107000
111397,chr3,145356500,145629500,273000
111399,chr3,145358500,145408500,50000
111400,chr3,145564500,145611500,47000
111401,chr3,145630500,145694500,64000
111402,chr3,145646500,145693500,47000
111405,chr3,145694500,145752500,58000
111409,chr3,151542500,151795500,253000
111411,chr3,151816500,151932500,116000
111413,chr3,151871500,151915500,44000
111415,chr3,151816500,152022500,206000
111416,chr3,151916500,152046500,130000
111417,chr3,151965500,152022500,57000
111418,chr3,151971500,152044500,73000
111419,chr3,152101500,152183500,82000
111420,chr3,152365500,152455500,90000
111422,chr3,152466500,152664500,198000
111432,chr3,153053500,153206500,153000
111435,chr3,153207500,153360500,153000
111436,chr3,153363500,153537500,174000
111437,chr3,153381500,153512500,131000
111439,chr3,153665500,153932500,267000
111442,chr3,145890500,146032500,142000
111443,chr3,145890500,146050500,160000
111448,chr3,146033500,146607500,574000
111449,chr3,146034500,146651500,617000
111450,chr3,146035500,146189500,154000
111452,chr3,146052500,146153500,101000
111453,chr3,146051500,146206500,155000
111456,chr3,146051500,146651500,600000
111457,chr3,146111500,146205500,94000
111458,chr3,146111500,146153500,42000
111459,chr3,146155500,146205500,50000
111463,chr3,146192500,146606500,414000
111466,chr3,146205500,146518500,313000
111471,chr3,146226500,146518500,292000
111473,chr3,146270500,146572500,302000
111483,chr3,157695500,157729500,34000
111487,chr3,153679500,154035500,356000
111488,chr3,153975500,154301500,326000
111489,chr3,154024500,154232500,208000
111491,chr3,154035500,154253500,218000
111492,chr3,154069500,154278500,209000
111494,chr3,154359500,154523500,164000
111498,chr4,3608500,3810500,202000
111500,chr4,3647500,3779500,132000
111501,chr4,3836500,3873500,37000
111502,chr4,3929500,3967500,38000
111507,chr4,8005500,8367500,362000
111515,chr4,8536500,8646500,110000
111516,chr4,8644500,9097500,453000
111517,chr4,8643500,9124500,481000
111518,chr4,8647500,8690500,43000
111520,chr4,8666500,9027500,361000
111521,chr4,8666500,9126500,460000
111522,chr4,8691500,8911500,220000
111523,chr4,8834500,9026500,192000
111525,chr4,9136500,9550500,414000
111528,chr4,14827500,14863500,36000
111529,chr4,11628500,12008500,380000
111532,chr4,9825500,10150500,325000
111535,chr4,9841500,10150500,309000
111537,chr4,9875500,10150500,275000
111544,chr4,10897500,11187500,290000
111545,chr4,10912500,11004500,92000
111548,chr4,10912500,11078500,166000
111550,chr4,10912500,11166500,254000
111551,chr4,10912500,11188500,276000
111553,chr4,10913500,10981500,68000
111555,chr4,10933500,11044500,111000
111556,chr4,10933500,11015500,82000
111557,chr4,10933500,11156500,223000
111560,chr4,11006500,11156500,150000
111561,chr4,11007500,11191500,184000
111562,chr4,11080500,11188500,108000
111563,chr4,11079500,11211500,132000
111568,chr4,11255500,11485500,230000
111569,chr4,11322500,11485500,163000
111571,chr4,11331500,11420500,89000
111572,chr4,11387500,11485500,98000
111573,chr4,11550500,11624500,74000
111575,chr4,11627500,11929500,302000
111577,chr4,11628500,11965500,337000
111578,chr4,11682500,11914500,232000
111579,chr4,11704500,11967500,263000
111581,chr4,19562500,19900500,338000
111582,chr4,19562500,19951500,389000
111585,chr4,24898500,24965500,67000
111587,chr4,22018500,22130500,112000
111589,chr4,22146500,22356500,210000
111590,chr4,22167500,22205500,38000
111599,chr4,21726500,21848500,122000
111600,chr4,21727500,21776500,49000
111602,chr4,21759500,21814500,55000
111603,chr4,21846500,21954500,108000
111604,chr4,21846500,21991500,145000
111609,chr4,32056500,32538500,482000
111610,chr4,32055500,32552500,497000
111611,chr4,32152500,32573500,421000
111612,chr4,32249500,32537500,288000
111613,chr4,32249500,32572500,323000
111614,chr4,32342500,32539500,197000
111615,chr4,32342500,32571500,229000
111618,chr4,32616500,32656500,40000
111623,chr4,32656500,33032500,376000
111626,chr4,32747500,33119500,372000
111627,chr4,32770500,32951500,181000
111636,chr4,32953500,33118500,165000
111638,chr4,32985500,33118500,133000
111639,chr4,33013500,33118500,105000
111643,chr4,33123500,33293500,170000
111644,chr4,33124500,33204500,80000
111645,chr4,33148500,33204500,56000
111646,chr4,33148500,33292500,144000
111647,chr4,33190500,33296500,106000
111650,chr4,33824500,33923500,99000
111654,chr4,40143500,40702500,559000
111656,chr4,40220500,40281500,61000
111659,chr4,40302500,40473500,171000
111660,chr4,40301500,40680500,379000
111662,chr4,40473500,40680500,207000
111670,chr4,40757500,40948500,191000
111671,chr4,40773500,40971500,198000
111675,chr4,40773500,41048500,275000
111676,chr4,40773500,41119500,346000
111677,chr4,40854500,40948500,94000
111678,chr4,40860500,40906500,46000
111679,chr4,40971500,41274500,303000
111680,chr4,41050500,41226500,176000
111681,chr4,41050500,41390500,340000
111682,chr4,41129500,41286500,157000
111683,chr4,41129500,41166500,37000
111684,chr4,41129500,41226500,97000
111685,chr4,41129500,41390500,261000
111688,chr4,41468500,41504500,36000
111689,chr4,41469500,41653500,184000
111690,chr4,41468500,41708500,240000
111691,chr4,41469500,41614500,145000
111693,chr4,41523500,41613500,90000
111694,chr4,41552500,41614500,62000
111695,chr4,41553500,41653500,100000
111697,chr4,41655500,41708500,53000
111703,chr4,34613500,34778500,165000
111704,chr4,34615500,34686500,71000
111705,chr4,34701500,34781500,80000
111706,chr4,34701500,34905500,204000
111708,chr4,34732500,34774500,42000
111710,chr4,34785500,34905500,120000
111711,chr4,34812500,34905500,93000
111712,chr4,34813500,34921500,108000
111714,chr4,34957500,35224500,267000
111717,chr4,35055500,35155500,100000
111718,chr4,35099500,35156500,57000
111719,chr4,35156500,35225500,69000
111726,chr4,42877500,42928500,51000
111742,chr4,43046500,43442500,396000
111743,chr4,43047500,43267500,220000
111744,chr4,43048500,43353500,305000
111749,chr4,43087500,43421500,334000
111751,chr4,43341500,43420500,79000
111753,chr4,43383500,43419500,36000
111754,chr4,43430500,43711500,281000
111756,chr4,43531500,43666500,135000
111757,chr4,43530500,43712500,182000
111760,chr4,43630500,43861500,231000
111761,chr4,43631500,43666500,35000
111762,chr4,43672500,43711500,39000
111763,chr4,43725500,43861500,136000
111764,chr4,43746500,43861500,115000
111765,chr4,43763500,43831500,68000
111766,chr4,43907500,43983500,76000
111769,chr4,43906500,44119500,213000
111770,chr4,43926500,44011500,85000
111771,chr4,43926500,44119500,193000
111775,chr4,44072500,44234500,162000
111776,chr4,44168500,44233500,65000
111779,chr4,44199500,44292500,93000
111782,chr4,44402500,44670500,268000
111784,chr4,44577500,44669500,92000
111785,chr4,44668500,44972500,304000
111787,chr4,44972500,45279500,307000
111788,chr4,44973500,45038500,65000
111791,chr4,45015500,45106500,91000
111793,chr4,45014500,45342500,328000
111795,chr4,45015500,45280500,265000
111800,chr4,45019500,45083500,64000
111801,chr4,45055500,45278500,223000
111804,chr4,45107500,45341500,234000
111809,chr4,45418500,45591500,173000
111810,chr4,45418500,45801500,383000
111811,chr4,45490500,45529500,39000
111813,chr4,45530500,45768500,238000
111814,chr4,45531500,45590500,59000
111815,chr4,45548500,45772500,224000
111816,chr4,45591500,45770500,179000
111817,chr4,45592500,45815500,223000
111818,chr4,45622500,45772500,150000
111819,chr4,45623500,45816500,193000
111820,chr4,45654500,45771500,117000
111821,chr4,45820500,45855500,35000
111825,chr4,47437500,48045500,608000
111835,chr4,48226500,48380500,154000
111839,chr4,48481500,48556500,75000
111840,chr4,48480500,48601500,121000
111841,chr4,48558500,48680500,122000
111842,chr4,49523500,49597500,74000
111843,chr4,49597500,49630500,33000
111845,chr4,45972500,46127500,155000
111846,chr4,46138500,46388500,250000
111850,chr4,46202500,46343500,141000
111851,chr4,46203500,46319500,116000
111852,chr4,46344500,46451500,107000
111853,chr4,46389500,46488500,99000
111859,chr4,46610500,47020500,410000
111860,chr4,46612500,46688500,76000
111863,chr4,46689500,47020500,331000
111865,chr4,46690500,46990500,300000
111866,chr4,46781500,46833500,52000
111867,chr4,46781500,47020500,239000
111870,chr4,47124500,47235500,111000
111871,chr4,47251500,47400500,149000
111873,chr4,47420500,47598500,178000
111874,chr4,47439500,47501500,62000
111875,chr4,47438500,47912500,474000
111876,chr4,47503500,47598500,95000
111885,chr4,53160500,53195500,35000
111889,chr4,53739500,53884500,145000
111890,chr4,53885500,53919500,34000
111891,chr4,53931500,54090500,159000
111899,chr4,54925500,55007500,82000
111900,chr4,54925500,55051500,126000
111901,chr4,54926500,54989500,63000
111902,chr4,54946500,55136500,190000
111903,chr4,54946500,55006500,60000
111904,chr4,54946500,55206500,260000
111906,chr4,54988500,55050500,62000
111907,chr4,54989500,55136500,147000
111909,chr4,55006500,55135500,129000
111910,chr4,55050500,55136500,86000
111911,chr4,55123500,55241500,118000
111913,chr4,55139500,55239500,100000
111919,chr4,55532500,55651500,119000
111927,chr4,56374500,56492500,118000
111929,chr4,56755500,56794500,39000
111933,chr4,57018500,57167500,149000
111934,chr4,57020500,57113500,93000
111935,chr4,57065500,57142500,77000
111936,chr4,57224500,57320500,96000
111940,chr4,57672500,57927500,255000
111941,chr4,57673500,57721500,48000
111943,chr4,57690500,57842500,152000
111944,chr4,57722500,57904500,182000
111945,chr4,57723500,57788500,65000
111946,chr4,57844500,57920500,76000
111948,chr4,57921500,57955500,34000
111951,chr4,59941500,60009500,68000
111967,chr4,62127500,62167500,40000
111968,chr4,62128500,62181500,53000
111969,chr4,62263500,62324500,61000
111970,chr4,62281500,62323500,42000
111971,chr4,62326500,62442500,116000
111972,chr4,62373500,62682500,309000
111976,chr4,62456500,62676500,220000
111978,chr4,62480500,62644500,164000
111979,chr4,62502500,62580500,78000
111980,chr4,62698500,62771500,73000
111981,chr4,62726500,63037500,311000
111982,chr4,62741500,63063500,322000
111983,chr4,62770500,63037500,267000
111984,chr4,62808500,63064500,256000
111986,chr4,63076500,63289500,213000
111988,chr4,63100500,63225500,125000
111989,chr4,63100500,63237500,137000
111992,chr4,63287500,63326500,39000
111993,chr4,63335500,63540500,205000
111995,chr4,63335500,63505500,170000
111996,chr4,63335500,63603500,268000
111999,chr4,63378500,63411500,33000
112001,chr4,63426500,63506500,80000
112006,chr4,65573500,65709500,136000
112008,chr4,57930500,58080500,150000
112009,chr4,57956500,58080500,124000
112010,chr4,57957500,58037500,80000
112012,chr4,58084500,58210500,126000
112015,chr4,58437500,58624500,187000
112017,chr4,58552500,58624500,72000
112018,chr4,58552500,58749500,197000
112021,chr4,58985500,59064500,79000
112025,chr4,59096500,59241500,145000
112028,chr4,59097500,59187500,90000
112029,chr4,59097500,59264500,167000
112031,chr4,59329500,59568500,239000
112032,chr4,59361500,59543500,182000
112033,chr4,59381500,59569500,188000
112034,chr4,59438500,59549500,111000
112036,chr4,59549500,59626500,77000
112037,chr4,59581500,59625500,44000
112038,chr4,59615500,59739500,124000
112039,chr4,59626500,59783500,157000
112040,chr4,59761500,59928500,167000
112042,chr4,59786500,59850500,64000
112043,chr4,59808500,59928500,120000
112044,chr4,59874500,59926500,52000
112047,chr4,72065500,72117500,52000
112050,chr4,70370500,70538500,168000
112054,chr4,80790500,80870500,80000
112057,chr4,85964500,86463500,499000
112058,chr4,86475500,86614500,139000
112059,chr4,86494500,86666500,172000
112060,chr4,86495500,86588500,93000
112065,chr4,86507500,86614500,107000
112066,chr4,86530500,86666500,136000
112068,chr4,86542500,86574500,32000
112069,chr4,86667500,86775500,108000
112074,chr4,87286500,87705500,419000
112079,chr4,82262500,82429500,167000
112080,chr4,82301500,82422500,121000
112086,chr4,82723500,82852500,129000
112087,chr4,82853500,83101500,248000
112089,chr4,83172500,83404500,232000
112090,chr4,83175500,83248500,73000
112092,chr4,83222500,83347500,125000
112093,chr4,83244500,83335500,91000
112095,chr4,83303500,83345500,42000
112096,chr4,83337500,83403500,66000
112097,chr4,83335500,83442500,107000
112101,chr4,83447500,83488500,41000
112105,chr4,87286500,88270500,984000
112109,chr4,88598500,88785500,187000
112110,chr4,88613500,88661500,48000
112112,chr4,88614500,88759500,145000
112116,chr4,89064500,89242500,178000
112117,chr4,89192500,89227500,35000
112120,chr4,89213500,89413500,200000
112121,chr4,89240500,89412500,172000
112122,chr4,89464500,89581500,117000
112130,chr4,84464500,84592500,128000
112131,chr4,84795500,85015500,220000
112140,chr4,94560500,94868500,308000
112142,chr4,94868500,94938500,70000
112149,chr4,98219500,98590500,371000
112151,chr4,98614500,98752500,138000
112154,chr4,98616500,98674500,58000
112156,chr4,98629500,98775500,146000
112157,chr4,98735500,98811500,76000
112159,chr4,98812500,99083500,271000
112160,chr4,98858500,99070500,212000
112161,chr4,99236500,99405500,169000
112162,chr4,99237500,99655500,418000
112165,chr4,99449500,99738500,289000
112166,chr4,99450500,99565500,115000
112170,chr4,99548500,99603500,55000
112175,chr4,105010500,105174500,164000
112176,chr4,105012500,105282500,270000
112177,chr4,105016500,105081500,65000
112179,chr4,105014500,105135500,121000
112182,chr4,105053500,105134500,81000
112183,chr4,102084500,102178500,94000
112184,chr4,102084500,102365500,281000
112189,chr4,103170500,103203500,33000
112197,chr4,99885500,100392500,507000
112199,chr4,99953500,100264500,311000
112201,chr4,99974500,100392500,418000
112203,chr4,100565500,100845500,280000
112206,chr4,100635500,100669500,34000
112208,chr4,101004500,101177500,173000
112209,chr4,101026500,101224500,198000
112210,chr4,101122500,101213500,91000
112212,chr4,101182500,101224500,42000
112215,chr4,101208500,101366500,158000
112216,chr4,101213500,101276500,63000
112218,chr4,101246500,101303500,57000
112219,chr4,101248500,101361500,113000
112221,chr4,101277500,101353500,76000
112222,chr4,101277500,101505500,228000
112224,chr4,101327500,101521500,194000
112227,chr4,101575500,101856500,281000
112243,chr4,111209500,111484500,275000
112245,chr4,111776500,111830500,54000
112252,chr4,105984500,106082500,98000
112254,chr4,106087500,106189500,102000
112255,chr4,106105500,106233500,128000
112257,chr4,106389500,106452500,63000
112259,chr4,106456500,106565500,109000
112260,chr4,106457500,107020500,563000
112261,chr4,106470500,106660500,190000
112262,chr4,106471500,106633500,162000
112264,chr4,106472500,107035500,563000
112265,chr4,106488500,106565500,77000
112266,chr4,106488500,107021500,533000
112274,chr4,106667500,106732500,65000
112275,chr4,106667500,106845500,178000
112276,chr4,106667500,106981500,314000
112277,chr4,106695500,107020500,325000
112278,chr4,106695500,106807500,112000
112279,chr4,106695500,106845500,150000
112282,chr4,106697500,106731500,34000
112287,chr4,106768500,106845500,77000
112288,chr4,106768500,107036500,268000
112290,chr4,107036500,107110500,74000
112291,chr4,107036500,107222500,186000
112292,chr4,107109500,107223500,114000
112298,chr4,107292500,107541500,249000
112300,chr4,107594500,107661500,67000
112301,chr4,107748500,107780500,32000
112303,chr4,107975500,108185500,210000
112306,chr4,108040500,108074500,34000
112309,chr4,108110500,108182500,72000
112311,chr4,108197500,108344500,147000
112312,chr4,108198500,108361500,163000
112313,chr4,108241500,108316500,75000
112314,chr4,108264500,108316500,52000
112315,chr4,108317500,108477500,160000
112317,chr4,108436500,108476500,40000
112321,chr4,108638500,108690500,52000
112322,chr4,108691500,108857500,166000
112324,chr4,108728500,108785500,57000
112328,chr4,108930500,109005500,75000
112330,chr4,109333500,109839500,506000
112333,chr4,109601500,109878500,277000
112335,chr4,114255500,114493500,238000
112336,chr4,114505500,114769500,264000
112338,chr4,114523500,114804500,281000
112340,chr4,114543500,114768500,225000
112342,chr4,114679500,114766500,87000
112343,chr4,114700500,114760500,60000
112344,chr4,114700500,114783500,83000
112350,chr4,114782500,114914500,132000
112353,chr4,114856500,114954500,98000
112363,chr4,115589500,115839500,250000
112364,chr4,115589500,115861500,272000
112367,chr4,115595500,115688500,93000
112368,chr4,115595500,115641500,46000
112369,chr4,115642500,115839500,197000
112370,chr4,115760500,115861500,101000
112371,chr4,115760500,115810500,50000
112372,chr4,115760500,115838500,78000
112374,chr4,115796500,115836500,40000
112375,chr4,120085500,120157500,72000
112379,chr4,120144500,120261500,117000
112380,chr4,120244500,120328500,84000
112381,chr4,120244500,120375500,131000
112385,chr4,120427500,120539500,112000
112386,chr4,120446500,120745500,299000
112390,chr4,120708500,120744500,36000
112391,chr4,120844500,120887500,43000
112392,chr4,120844500,120913500,69000
112393,chr4,120874500,121072500,198000
112402,chr4,115992500,116024500,32000
112403,chr4,115992500,116215500,223000
112405,chr4,116027500,116073500,46000
112406,chr4,116026500,116103500,77000
112408,chr4,116026500,116215500,189000
112409,chr4,116026500,116293500,267000
112413,chr4,116078500,116364500,286000
112415,chr4,116199500,116294500,95000
112416,chr4,116321500,116413500,92000
112417,chr4,116321500,116364500,43000
112419,chr4,116415500,116483500,68000
112421,chr4,116415500,116542500,127000
112423,chr4,116430500,116474500,44000
112425,chr4,116440500,116494500,54000
112443,chr4,116562500,116848500,286000
112446,chr4,116577500,116680500,103000
112449,chr4,116665500,116991500,326000
112456,chr4,116734500,116849500,115000
112462,chr4,116912500,116998500,86000
112464,chr4,116960500,116997500,37000
112467,chr4,117087500,117124500,37000
112468,chr4,117088500,117385500,297000
112470,chr4,117087500,117594500,507000
112472,chr4,117109500,117406500,297000
112474,chr4,117126500,117409500,283000
112475,chr4,117127500,117627500,500000
112476,chr4,117127500,117359500,232000
112477,chr4,117128500,117171500,43000
112478,chr4,117128500,117594500,466000
112481,chr4,117146500,117407500,261000
112485,chr4,117178500,117627500,449000
112487,chr4,117181500,117359500,178000
112488,chr4,117182500,117594500,412000
112489,chr4,117216500,117270500,54000
112490,chr4,117231500,117270500,39000
112491,chr4,117246500,117385500,139000
112492,chr4,117247500,117357500,110000
112493,chr4,117412500,117534500,122000
112494,chr4,117537500,117627500,90000
112500,chr4,117689500,117786500,97000
112501,chr4,117693500,117771500,78000
112502,chr4,117693500,117741500,48000
112504,chr4,117742500,117784500,42000
112508,chr4,117692500,118147500,455000
112510,chr4,117786500,118148500,362000
112511,chr4,117947500,118193500,246000
112512,chr4,118028500,118150500,122000
112514,chr4,118053500,118150500,97000
112520,chr4,118436500,119062500,626000
112524,chr4,118469500,119025500,556000
112533,chr4,118503500,119062500,559000
112540,chr4,118641500,118793500,152000
112542,chr4,118717500,118766500,49000
112543,chr4,118849500,119025500,176000
112545,chr4,118850500,119080500,230000
112548,chr4,118883500,118928500,45000
112549,chr4,118929500,118996500,67000
112550,chr4,118930500,118964500,34000
112554,chr4,119037500,119080500,43000
112555,chr4,119138500,119175500,37000
112560,chr4,119295500,119347500,52000
112562,chr4,119349500,119396500,47000
112563,chr4,119488500,119523500,35000
112564,chr4,119528500,119985500,457000
112566,chr4,119591500,119890500,299000
112567,chr4,119775500,119962500,187000
112568,chr4,119775500,119986500,211000
112571,chr4,122838500,122879500,41000
112574,chr4,123049500,123094500,45000
112577,chr4,123429500,123478500,49000
112578,chr4,123481500,123792500,311000
112579,chr4,123482500,123561500,79000
112580,chr4,123501500,123539500,38000
112581,chr4,123501500,123794500,293000
112584,chr4,123601500,123792500,191000
112592,chr4,123833500,124098500,265000
112595,chr4,123834500,124024500,190000
112598,chr4,123864500,124025500,161000
112600,chr4,124004500,124266500,262000
112601,chr4,124036500,124568500,532000
112602,chr4,124097500,124568500,471000
112603,chr4,124097500,124266500,169000
112605,chr4,124229500,124266500,37000
112606,chr4,124267500,124569500,302000
112608,chr4,124552500,124595500,43000
112610,chr4,124607500,124692500,85000
112615,chr4,124764500,124993500,229000
112616,chr4,124765500,124799500,34000
112617,chr4,124765500,124953500,188000
112621,chr4,124837500,124914500,77000
112622,chr4,124836500,125011500,175000
112624,chr4,124878500,124953500,75000
112628,chr4,125009500,125856500,847000
112631,chr4,125026500,125113500,87000
112632,chr4,125027500,125807500,780000
112633,chr4,125053500,125783500,730000
112634,chr4,125053500,125150500,97000
112635,chr4,125053500,125836500,783000
112637,chr4,125125500,125856500,731000
112638,chr4,125125500,125282500,157000
112639,chr4,125125500,125701500,576000
112640,chr4,125125500,125784500,659000
112641,chr4,125125500,125884500,759000
112643,chr4,125157500,125834500,677000
112644,chr4,125158500,125885500,727000
112645,chr4,125159500,125807500,648000
112646,chr4,125159500,125856500,697000
112647,chr4,125163500,125282500,119000
112651,chr4,125386500,125430500,44000
112652,chr4,125388500,125514500,126000
112653,chr4,125388500,125597500,209000
112655,chr4,125429500,125622500,193000
112656,chr4,125502500,125623500,121000
112658,chr4,125517500,125784500,267000
112660,chr4,127829500,128436500,607000
112661,chr4,127883500,128436500,553000
112662,chr4,127884500,128212500,328000
112664,chr4,128362500,128436500,74000
112665,chr4,128506500,128777500,271000
112666,chr4,128508500,128602500,94000
112667,chr4,128550500,128774500,224000
112668,chr4,128606500,128700500,94000
112670,chr4,128669500,128752500,83000
112671,chr4,128802500,128837500,35000
112672,chr4,128803500,128978500,175000
112673,chr4,128802500,129005500,203000
112674,chr4,128818500,129005500,187000
112675,chr4,128851500,129004500,153000
112677,chr4,128855500,128952500,97000
112679,chr4,128865500,128978500,113000
112680,chr4,129028500,129349500,321000
112681,chr4,129083500,129355500,272000
112684,chr4,129085500,129121500,36000
112689,chr4,129311500,129348500,37000
112693,chr4,129593500,129878500,285000
112695,chr4,129595500,129980500,385000
112696,chr4,129678500,129877500,199000
112697,chr4,129679500,129738500,59000
112699,chr4,129743500,129821500,78000
112704,chr4,125951500,126051500,100000
112707,chr4,126043500,126095500,52000
112709,chr4,126097500,126153500,56000
112713,chr4,126151500,126360500,209000
112716,chr4,126226500,126305500,79000
112717,chr4,126226500,126445500,219000
112718,chr4,126323500,126361500,38000
112722,chr4,126448500,126780500,332000
112726,chr4,126451500,126762500,311000
112730,chr4,126462500,126786500,324000
112732,chr4,126494500,126755500,261000
112733,chr4,126494500,126780500,286000
112734,chr4,126561500,126635500,74000
112735,chr4,126561500,126777500,216000
112741,chr4,126934500,127143500,209000
112742,chr4,126934500,127213500,279000
112743,chr4,126947500,127214500,267000
112744,chr4,126968500,127213500,245000
112748,chr4,126972500,127018500,46000
112749,chr4,126994500,127141500,147000
112750,chr4,126994500,127214500,220000
112751,chr4,127049500,127143500,94000
112753,chr4,127093500,127222500,129000
112758,chr4,129853500,130186500,333000
112759,chr4,129862500,130199500,337000
112760,chr4,129997500,130082500,85000
112761,chr4,130032500,130082500,50000
112762,chr4,130093500,130186500,93000
112763,chr4,130092500,130336500,244000
112764,chr4,130093500,130139500,46000
112765,chr4,130093500,130154500,61000
112766,chr4,130199500,130366500,167000
112771,chr4,130364500,130409500,45000
112773,chr4,130687500,130938500,251000
112774,chr4,130688500,131128500,440000
112780,chr4,130967500,131566500,599000
112781,chr4,130980500,131092500,112000
112782,chr4,130980500,131159500,179000
112783,chr4,130981500,131422500,441000
112784,chr4,130997500,131157500,160000
112785,chr4,130997500,131213500,216000
112786,chr4,130997500,131565500,568000
112787,chr4,131128500,131214500,86000
112788,chr4,131159500,131564500,405000
112789,chr4,131422500,131565500,143000
112790,chr4,131510500,131564500,54000
112792,chr4,131588500,131696500,108000
112793,chr4,131588500,131905500,317000
112797,chr4,131634500,131750500,116000
112799,chr4,131645500,131805500,160000
112800,chr4,131647500,131776500,129000
112801,chr4,131647500,131871500,224000
112802,chr4,131705500,131905500,200000
112803,chr4,131707500,131750500,43000
112804,chr4,131760500,131806500,46000
112805,chr4,131760500,131904500,144000
112807,chr4,131816500,131873500,57000
112808,chr4,131908500,132073500,165000
112809,chr4,131982500,132073500,91000
112811,chr4,131999500,132075500,76000
112814,chr4,132022500,132072500,50000
112815,chr4,132040500,132073500,33000
112816,chr4,132056500,132242500,186000
112819,chr4,132296500,132363500,67000
112820,chr4,132296500,132404500,108000
112822,chr4,132462500,132494500,32000
112824,chr4,132503500,132658500,155000
112825,chr4,132551500,132658500,107000
112827,chr4,132673500,132784500,111000
112828,chr4,132736500,132978500,242000
112831,chr4,132737500,133146500,409000
112834,chr4,132768500,132846500,78000
112835,chr4,132961500,133026500,65000
112836,chr4,133037500,133147500,110000
112837,chr4,133036500,133178500,142000
112838,chr4,133073500,133147500,74000
112839,chr4,133074500,133178500,104000
112841,chr4,133151500,133240500,89000
112842,chr4,133204500,133240500,36000
112848,chr4,133339500,133377500,38000
112851,chr4,133386500,133481500,95000
112854,chr4,133400500,133481500,81000
112857,chr4,133627500,133844500,217000
112858,chr4,133695500,133808500,113000
112859,chr4,133742500,133850500,108000
112861,chr4,133763500,133814500,51000
112862,chr4,133763500,133851500,88000
112865,chr4,133977500,134017500,40000
112866,chr4,134049500,134084500,35000
112867,chr4,134123500,134203500,80000
112868,chr4,134270500,134609500,339000
112869,chr4,134271500,134475500,204000
112870,chr4,134553500,134606500,53000
112876,chr4,134673500,135044500,371000
112878,chr4,134711500,134933500,222000
112879,chr4,134740500,135101500,361000
112880,chr4,134743500,134877500,134000
112881,chr4,134741500,135044500,303000
112882,chr4,134794500,134877500,83000
112883,chr4,134794500,134933500,139000
112884,chr4,134937500,135101500,164000
112885,chr4,134947500,135066500,119000
112889,chr4,135086500,135396500,310000
112890,chr4,135086500,135138500,52000
112892,chr4,135110500,135394500,284000
112893,chr4,135167500,135394500,227000
112896,chr4,135236500,135529500,293000
112898,chr4,135528500,135668500,140000
112900,chr4,135681500,135887500,206000
112902,chr4,135819500,135877500,58000
112903,chr4,135891500,135927500,36000
112904,chr4,135930500,135967500,37000
112908,chr4,135930500,136347500,417000
112909,chr4,135974500,136039500,65000
112910,chr4,136040500,136329500,289000
112913,chr4,136110500,136348500,238000
112915,chr4,136183500,136236500,53000
112916,chr4,136182500,136253500,71000
112919,chr4,136364500,136776500,412000
112920,chr4,136405500,136496500,91000
112921,chr4,136406500,136568500,162000
112922,chr4,136406500,136604500,198000
112925,chr4,136561500,137004500,443000
112926,chr4,136606500,136799500,193000
112928,chr4,136621500,137013500,392000
112929,chr4,136656500,136799500,143000
112931,chr4,136803500,137035500,232000
112932,chr4,136803500,137169500,366000
112933,chr4,136891500,137015500,124000
112934,chr4,137170500,137450500,280000
112935,chr4,137171500,137273500,102000
112936,chr4,137185500,137245500,60000
112937,chr4,137185500,137273500,88000
112938,chr4,137196500,137322500,126000
112942,chr4,137404500,137524500,120000
112943,chr4,137455500,137637500,182000
112946,chr4,137585500,137637500,52000
112947,chr4,137715500,137835500,120000
112948,chr4,137720500,137943500,223000
112949,chr4,137772500,137833500,61000
112957,chr4,144618500,144832500,214000
112958,chr4,144617500,144850500,233000
112960,chr4,144618500,144887500,269000
112962,chr4,144905500,145012500,107000
112963,chr4,144923500,145013500,90000
112974,chr4,138010500,138046500,36000
112977,chr4,138109500,138579500,470000
112983,chr4,138433500,138521500,88000
112984,chr4,138435500,138611500,176000
112985,chr4,138476500,138551500,75000
112986,chr4,138476500,138611500,135000
112987,chr4,138593500,138804500,211000
112989,chr4,138650500,138742500,92000
112990,chr4,138712500,138804500,92000
112991,chr4,138813500,138934500,121000
112992,chr4,138814500,138979500,165000
112993,chr4,138813500,139397500,584000
112994,chr4,138814500,139037500,223000
112996,chr4,139107500,139350500,243000
112999,chr4,139123500,139187500,64000
113000,chr4,139157500,139397500,240000
113001,chr4,139158500,139363500,205000
113002,chr4,139197500,139339500,142000
113005,chr4,139228500,139338500,110000
113006,chr4,139230500,139363500,133000
113008,chr4,139302500,139560500,258000
113010,chr4,139397500,139586500,189000
113013,chr4,139412500,139585500,173000
113014,chr4,139431500,139584500,153000
113015,chr4,139431500,139567500,136000
113018,chr4,139602500,139884500,282000
113019,chr4,139603500,139795500,192000
113020,chr4,139604500,139674500,70000
113021,chr4,139870500,139972500,102000
113023,chr4,141879500,142141500,262000
113024,chr4,141880500,142003500,123000
113025,chr4,141981500,142076500,95000
113029,chr4,142630500,142694500,64000
113030,chr4,142754500,143038500,284000
113031,chr4,142888500,142938500,50000
113037,chr4,143038500,143106500,68000
113040,chr4,139601500,140255500,654000
113041,chr4,139603500,140197500,594000
113042,chr4,139609500,140094500,485000
113043,chr4,139758500,140273500,515000
113044,chr4,139830500,140133500,303000
113047,chr4,139869500,140132500,263000
113049,chr4,139870500,140197500,327000
113051,chr4,139872500,140154500,282000
113052,chr4,139974500,140134500,160000
113055,chr4,139986500,140167500,181000
113056,chr4,140032500,140218500,186000
113060,chr4,140320500,140471500,151000
113061,chr4,140408500,140440500,32000
113064,chr4,140429500,140688500,259000
113067,chr4,140452500,140685500,233000
113068,chr4,140474500,140630500,156000
113069,chr4,140490500,140630500,140000
113070,chr4,140515500,140792500,277000
113071,chr4,140516500,140685500,169000
113072,chr4,140542500,140630500,88000
113073,chr4,140542500,140686500,144000
113075,chr4,140632500,140686500,54000
113076,chr4,140691500,140791500,100000
113077,chr4,140692500,140758500,66000
113078,chr4,140709500,140792500,83000
113083,chr4,140870500,140995500,125000
113087,chr4,140894500,140996500,102000
113089,chr4,140983500,141090500,107000
113090,chr4,141001500,141034500,33000
113098,chr4,141114500,141288500,174000
113099,chr4,141114500,141302500,188000
113100,chr4,141114500,141318500,204000
113101,chr4,141114500,141500500,386000
113102,chr4,141132500,141319500,187000
113103,chr4,141132500,141287500,155000
113104,chr4,141133500,141302500,169000
113108,chr4,141198500,141303500,105000
113109,chr4,141216500,141287500,71000
113111,chr4,141264500,141301500,37000
113115,chr4,141326500,141519500,193000
113117,chr4,141346500,141500500,154000
113122,chr4,141732500,141825500,93000
113123,chr4,141732500,141871500,139000
113124,chr4,141797500,141896500,99000
113126,chr4,141841500,141975500,134000
113127,chr4,141880500,141976500,96000
113128,chr4,141881500,141913500,32000
113129,chr4,141913500,141975500,62000
113138,chr4,148003500,148038500,35000
113139,chr4,148023500,148170500,147000
113140,chr4,148024500,148122500,98000
113143,chr4,148043500,148250500,207000
113144,chr4,148122500,148169500,47000
113147,chr4,148170500,148245500,75000
113155,chr4,148256500,148352500,96000
113156,chr4,148255500,148422500,167000
113157,chr4,148255500,148547500,292000
113158,chr4,148256500,148334500,78000
113160,chr4,148613500,148692500,79000
113161,chr4,148625500,148691500,66000
113162,chr4,148643500,148675500,32000
113173,chr4,148747500,149160500,413000
113174,chr4,148761500,149202500,441000
113175,chr4,148766500,149159500,393000
113176,chr4,148766500,149221500,455000
113177,chr4,148789500,148987500,198000
113178,chr4,148789500,149221500,432000
113180,chr4,148826500,149221500,395000
113182,chr4,148827500,149037500,210000
113184,chr4,148827500,148889500,62000
113187,chr4,149161500,149220500,59000
113190,chr4,149228500,149295500,67000
113192,chr4,149229500,149267500,38000
113193,chr4,149229500,149392500,163000
113194,chr4,149229500,149534500,305000
113195,chr4,149251500,149392500,141000
113196,chr4,149251500,149509500,258000
113197,chr4,149357500,149627500,270000
113198,chr4,149357500,149409500,52000
113199,chr4,149457500,149628500,171000
113200,chr4,149593500,149626500,33000
113201,chr4,149633500,149676500,43000
113202,chr4,149633500,149795500,162000
113203,chr4,149634500,149738500,104000
113204,chr4,149712500,149795500,83000
113205,chr4,149838500,149881500,43000
113206,chr4,149891500,149926500,35000
113214,chr4,152225500,152519500,294000
113216,chr4,152240500,152369500,129000
113217,chr4,152244500,152399500,155000
113218,chr4,152299500,152368500,69000
113221,chr4,152428500,152467500,39000
113224,chr4,152748500,153246500,498000
113229,chr4,153195500,153566500,371000
113232,chr4,153570500,153846500,276000
113234,chr4,149808500,150064500,256000
113236,chr4,149891500,150042500,151000
113237,chr4,149891500,150064500,173000
113238,chr4,149891500,150117500,226000
113239,chr4,149891500,150157500,266000
113240,chr4,149923500,150064500,141000
113242,chr4,149954500,150042500,88000
113244,chr4,150120500,150157500,37000
113248,chr4,150279500,150332500,53000
113251,chr4,150343500,150379500,36000
113252,chr4,150341500,150550500,209000
113255,chr4,150411500,150550500,139000
113256,chr4,150432500,150711500,279000
113257,chr4,150456500,150653500,197000
113259,chr4,150741500,150827500,86000
113260,chr4,150741500,150859500,118000
113264,chr4,150762500,150994500,232000
113265,chr4,150775500,150984500,209000
113266,chr4,150842500,150935500,93000
113267,chr4,150842500,150984500,142000
113268,chr4,151000500,151141500,141000
113269,chr4,151010500,151049500,39000
113273,chr4,151241500,151387500,146000
113274,chr4,151241500,151491500,250000
113275,chr4,151241500,151585500,344000
113280,chr4,151567500,151723500,156000
113281,chr4,151567500,151964500,397000
113282,chr4,151568500,151979500,411000
113283,chr4,151595500,151778500,183000
113284,chr4,151596500,151724500,128000
113285,chr4,151596500,151978500,382000
113286,chr4,151694500,151981500,287000
113289,chr4,153568500,154026500,458000
113291,chr4,154043500,154096500,53000
113293,chr4,154111500,154227500,116000
113294,chr4,154112500,154189500,77000
113295,chr4,154112500,154357500,245000
113296,chr4,154113500,154291500,178000
113298,chr4,154152500,154189500,37000
113299,chr4,154151500,154357500,206000
113301,chr4,154251500,154330500,79000
113302,chr4,154249500,154357500,108000
113307,chr4,154413500,154503500,90000
113308,chr4,154413500,154850500,437000
113309,chr4,154413500,154910500,497000
113310,chr4,154414500,154477500,63000
113311,chr4,154414500,154721500,307000
113313,chr4,154439500,154910500,471000
113314,chr4,154440500,154503500,63000
113315,chr4,154441500,154760500,319000
113316,chr4,154440500,154882500,442000
113317,chr4,154441500,154721500,280000
113320,chr4,154533500,154759500,226000
113322,chr4,154723500,154759500,36000
113323,chr4,154863500,154909500,46000
113324,chr4,154863500,155149500,286000
113326,chr4,154919500,155148500,229000
113332,chr4,154991500,155151500,160000
113333,chr4,155048500,155151500,103000
113334,chr4,155068500,155334500,266000
113336,chr4,155160500,155333500,173000
113337,chr4,155566500,155651500,85000
113338,chr4,155709500,155789500,80000
113339,chr4,155719500,155833500,114000
113343,chr4,155976500,156281500,305000
113352,chr4,156077500,156193500,116000
113353,chr4,156077500,156320500,243000
113355,chr4,156194500,156320500,126000
113360,chr4,156281500,156320500,39000
113369,chr5,3393500,3593500,200000
113370,chr5,3393500,3629500,236000
113371,chr5,3393500,3646500,253000
113372,chr5,3646500,3696500,50000
113373,chr5,3869500,3940500,71000
113375,chr5,3923500,4155500,232000
113376,chr5,4806500,4968500,162000
113377,chr5,5012500,5430500,418000
113379,chr5,5544500,5693500,149000
113387,chr5,8673500,8898500,225000
113388,chr5,9151500,9211500,60000
113401,chr5,14439500,14857500,418000
113406,chr5,21119500,21173500,54000
113409,chr5,21627500,21791500,164000
113410,chr5,21629500,21850500,221000
113411,chr5,21851500,21906500,55000
113412,chr5,21853500,21989500,136000
113413,chr5,21878500,21990500,112000
113414,chr5,21880500,21940500,60000
113415,chr5,21907500,21939500,32000
113423,chr5,23591500,23638500,47000
113425,chr5,23619500,23879500,260000
113426,chr5,23621500,23678500,57000
113428,chr5,23990500,24050500,60000
113432,chr5,24063500,24259500,196000
113433,chr5,24095500,24258500,163000
113435,chr5,24305500,24369500,64000
113436,chr5,24372500,24470500,98000
113438,chr5,24555500,24630500,75000
113439,chr5,24555500,24594500,39000
113440,chr5,24555500,24806500,251000
113441,chr5,24556500,24650500,94000
113442,chr5,24597500,24652500,55000
113443,chr5,24600500,24734500,134000
113445,chr5,24620500,24675500,55000
113447,chr5,24651500,24782500,131000
113448,chr5,24689500,24735500,46000
113449,chr5,24689500,24856500,167000
113450,chr5,24716500,24802500,86000
113453,chr5,24806500,24889500,83000
113454,chr5,24806500,24956500,150000
113456,chr5,24858500,25214500,356000
113459,chr5,24890500,25047500,157000
113460,chr5,24891500,24936500,45000
113461,chr5,24891500,25113500,222000
113464,chr5,24935500,25216500,281000
113466,chr5,24955500,25215500,260000
113467,chr5,24956500,25047500,91000
113468,chr5,24956500,25112500,156000
113470,chr5,25004500,25217500,213000
113471,chr5,25047500,25113500,66000
113472,chr5,25047500,25214500,167000
113474,chr5,25113500,25305500,192000
113478,chr5,25625500,25800500,175000
113479,chr5,25640500,25939500,299000
113482,chr5,25704500,25759500,55000
113488,chr5,25836500,25938500,102000
113491,chr5,26897500,26956500,59000
113493,chr5,27254500,27821500,567000
113494,chr5,27254500,27857500,603000
113495,chr5,27254500,27750500,496000
113497,chr5,27326500,27749500,423000
113498,chr5,27327500,27820500,493000
113499,chr5,27328500,27620500,292000
113500,chr5,27448500,27547500,99000
113501,chr5,27623500,27749500,126000
113512,chr5,27998500,28297500,299000
113514,chr5,28020500,28277500,257000
113516,chr5,28276500,28371500,95000
113517,chr5,28276500,28416500,140000
113518,chr5,28276500,28522500,246000
113519,chr5,28298500,28534500,236000
113520,chr5,28327500,28415500,88000
113521,chr5,28328500,28593500,265000
113523,chr5,28415500,28603500,188000
113525,chr5,28499500,28533500,34000
113526,chr5,28523500,28602500,79000
113531,chr5,28674500,29540500,866000
113532,chr5,28674500,28826500,152000
113533,chr5,28674500,29116500,442000
113535,chr5,28674500,29479500,805000
113536,chr5,28674500,29498500,824000
113545,chr5,29337500,29400500,63000
113547,chr5,29584500,29682500,98000
113548,chr5,29584500,29774500,190000
113550,chr5,29594500,29823500,229000
113551,chr5,29594500,29839500,245000
113554,chr5,29903500,29941500,38000
113557,chr5,30030500,30219500,189000
113558,chr5,30030500,30318500,288000
113559,chr5,30278500,30317500,39000
113560,chr5,30309500,30413500,104000
113561,chr5,30320500,30359500,39000
113563,chr5,30330500,30500500,170000
113565,chr5,30420500,30639500,219000
113566,chr5,30420500,30500500,80000
113568,chr5,30453500,30796500,343000
113569,chr5,30548500,30640500,92000
113570,chr5,30549500,30839500,290000
113572,chr5,30844500,30932500,88000
113573,chr5,30844500,30954500,110000
113574,chr5,30843500,31157500,314000
113575,chr5,30867500,30953500,86000
113576,chr5,30866500,31101500,235000
113577,chr5,30867500,30932500,65000
113578,chr5,30867500,31157500,290000
113579,chr5,30868500,31045500,177000
113580,chr5,30869500,31074500,205000
113581,chr5,30869500,31027500,158000
113584,chr5,31026500,31205500,179000
113586,chr5,31045500,31208500,163000
113587,chr5,31065500,31205500,140000
113588,chr5,31161500,31283500,122000
113592,chr5,31232500,31357500,125000
113593,chr5,31240500,31283500,43000
113598,chr5,31337500,31377500,40000
113599,chr5,31337500,31448500,111000
113602,chr5,31350500,31653500,303000
113603,chr5,31378500,31448500,70000
113606,chr5,31399500,31445500,46000
113609,chr5,31485500,31628500,143000
113611,chr5,31518500,31627500,109000
113616,chr5,31792500,31854500,62000
113623,chr5,31830500,32349500,519000
113624,chr5,31902500,32298500,396000
113625,chr5,32017500,32293500,276000
113629,chr5,32373500,32460500,87000
113631,chr5,32387500,32460500,73000
113632,chr5,32387500,32677500,290000
113633,chr5,32388500,32731500,343000
113636,chr5,32460500,32678500,218000
113637,chr5,32479500,32731500,252000
113639,chr5,32744500,32926500,182000
113646,chr5,32775500,32867500,92000
113652,chr5,32872500,32905500,33000
113655,chr5,33193500,33430500,237000
113657,chr5,33199500,33360500,161000
113658,chr5,33199500,33360500,161000
113659,chr5,33216500,33300500,84000
113660,chr5,33234500,33300500,66000
113661,chr5,33360500,33600500,240000
113662,chr5,33361500,33404500,43000
113663,chr5,33361500,33454500,93000
113664,chr5,33428500,33747500,319000
113665,chr5,33431500,33591500,160000
113666,chr5,33432500,33694500,262000
113669,chr5,33536500,33814500,278000
113670,chr5,33551500,33894500,343000
113671,chr5,33551500,33652500,101000
113672,chr5,33589500,33695500,106000
113674,chr5,33798500,33894500,96000
113675,chr5,33815500,33977500,162000
113676,chr5,33814500,33940500,126000
113678,chr5,33852500,33978500,126000
113679,chr5,33939500,33977500,38000
113683,chr5,37909500,38248500,339000
113684,chr5,37911500,38354500,443000
113687,chr5,37973500,38355500,382000
113688,chr5,37976500,38316500,340000
113691,chr5,37986500,38317500,331000
113693,chr5,37986500,38125500,139000
113696,chr5,38127500,38196500,69000
113698,chr5,38378500,38718500,340000
113699,chr5,38464500,38738500,274000
113700,chr5,38464500,38811500,347000
113702,chr5,38465500,38687500,222000
113703,chr5,38465500,38756500,291000
113705,chr5,38720500,38813500,93000
113706,chr5,38719500,38841500,122000
113707,chr5,38790500,38911500,121000
113710,chr5,38842500,38911500,69000
113711,chr5,38857500,38910500,53000
113712,chr5,35752500,36042500,290000
113713,chr5,35858500,36041500,183000
113714,chr5,35858500,36131500,273000
113715,chr5,35875500,36015500,140000
113716,chr5,36028500,36130500,102000
113719,chr5,36139500,36175500,36000
113720,chr5,36139500,36381500,242000
113724,chr5,36191500,36261500,70000
113725,chr5,36191500,36615500,424000
113726,chr5,36191500,36641500,450000
113728,chr5,36382500,36554500,172000
113729,chr5,36622500,36853500,231000
113736,chr5,36641500,36852500,211000
113739,chr5,36825500,36898500,73000
113740,chr5,36990500,37320500,330000
113741,chr5,36993500,37077500,84000
113742,chr5,36993500,37338500,345000
113743,chr5,37019500,37077500,58000
113744,chr5,37086500,37337500,251000
113745,chr5,37106500,37304500,198000
113746,chr5,37106500,37337500,231000
113748,chr5,37146500,37400500,254000
113749,chr5,37160500,37266500,106000
113750,chr5,37187500,37246500,59000
113751,chr5,37204500,37246500,42000
113752,chr5,37402500,37494500,92000
113753,chr5,37456500,37511500,55000
113755,chr5,37495500,37874500,379000
113756,chr5,37554500,37909500,355000
113758,chr5,33880500,34141500,261000
113759,chr5,33880500,34153500,273000
113760,chr5,33939500,34093500,154000
113762,chr5,33978500,34092500,114000
113767,chr5,34095500,34139500,44000
113768,chr5,34153500,34344500,191000
113769,chr5,34154500,34445500,291000
113771,chr5,34255500,34349500,94000
113772,chr5,34255500,34412500,157000
113780,chr5,34428500,34637500,209000
113781,chr5,34444500,34794500,350000
113792,chr5,34546500,34637500,91000
113796,chr5,34704500,34801500,97000
113797,chr5,34731500,34793500,62000
113798,chr5,34731500,34817500,86000
113800,chr5,34817500,34919500,102000
113802,chr5,34919500,35106500,187000
113805,chr5,35042500,35199500,157000
113806,chr5,35073500,35246500,173000
113808,chr5,35090500,35200500,110000
113809,chr5,35106500,35262500,156000
113811,chr5,35143500,35182500,39000
113812,chr5,35143500,35246500,103000
113813,chr5,35143500,35288500,145000
113814,chr5,35144500,35506500,362000
113816,chr5,35401500,35506500,105000
113817,chr5,35519500,35687500,168000
113818,chr5,35537500,35668500,131000
113819,chr5,35595500,35668500,73000
113820,chr5,35617500,35668500,51000
113821,chr5,35681500,35718500,37000
113822,chr5,35681500,35871500,190000
113823,chr5,35753500,35853500,100000
113824,chr5,35812500,35871500,59000
113825,chr5,35858500,35912500,54000
113827,chr5,35876500,35912500,36000
113842,chr5,43998500,44080500,82000
113847,chr5,44081500,44147500,66000
113848,chr5,44106500,44138500,32000
113849,chr5,44258500,44383500,125000
113858,chr5,45608500,45650500,42000
113859,chr5,45607500,45827500,220000
113860,chr5,45651500,45827500,176000
113863,chr5,45677500,45827500,150000
113864,chr5,45693500,45825500,132000
113865,chr5,45777500,45819500,42000
113870,chr5,50159500,50373500,214000
113871,chr5,50216500,50278500,62000
113878,chr5,53512500,54029500,517000
113884,chr5,52272500,52347500,75000
113885,chr5,52272500,52724500,452000
113887,chr5,52273500,52396500,123000
113888,chr5,52274500,52681500,407000
113890,chr5,52290500,52682500,392000
113891,chr5,52290500,52728500,438000
113898,chr5,52349500,52393500,44000
113900,chr5,52673500,52729500,56000
113901,chr5,52830500,52898500,68000
113902,chr5,52942500,52989500,47000
113903,chr5,53036500,53270500,234000
113905,chr5,53136500,53269500,133000
113906,chr5,53136500,53291500,155000
113910,chr5,53481500,53866500,385000
113911,chr5,53483500,53967500,484000
113912,chr5,53483500,53752500,269000
113915,chr5,53513500,53714500,201000
113918,chr5,53513500,53626500,113000
113919,chr5,53513500,53750500,237000
113920,chr5,53515500,53698500,183000
113921,chr5,53625500,53713500,88000
113922,chr5,53625500,53828500,203000
113923,chr5,53666500,53712500,46000
113926,chr5,53713500,53747500,34000
113928,chr5,53748500,53828500,80000
113929,chr5,63969500,64063500,94000
113930,chr5,64045500,64227500,182000
113931,chr5,64065500,64160500,95000
113933,chr5,64064500,64432500,368000
113935,chr5,64066500,64125500,59000
113936,chr5,64090500,64126500,36000
113937,chr5,64092500,64206500,114000
113939,chr5,64126500,64251500,125000
113940,chr5,64229500,64433500,204000
113941,chr5,64266500,64432500,166000
113942,chr5,64293500,64432500,139000
113946,chr5,64447500,64566500,119000
113953,chr5,64540500,64743500,203000
113956,chr5,64539500,65090500,551000
113957,chr5,64539500,65148500,609000
113960,chr5,64541500,64661500,120000
113962,chr5,64566500,65023500,457000
113963,chr5,64567500,64972500,405000
113965,chr5,64635500,65024500,389000
113966,chr5,64636500,64971500,335000
113969,chr5,64667500,64737500,70000
113972,chr5,64897500,64959500,62000
113974,chr5,65040500,65158500,118000
113976,chr5,65041500,65091500,50000
113978,chr5,65041500,65370500,329000
113979,chr5,65160500,65349500,189000
113980,chr5,65161500,65371500,210000
113981,chr5,65161500,65314500,153000
113982,chr5,65314500,65370500,56000
113983,chr5,65314500,65398500,84000
113984,chr5,65493500,65694500,201000
113985,chr5,65496500,65683500,187000
113987,chr5,65548500,65649500,101000
113989,chr5,65559500,65619500,60000
113992,chr5,65649500,65855500,206000
113993,chr5,65650500,65693500,43000
113996,chr5,65813500,65850500,37000
113997,chr5,65855500,65921500,66000
113998,chr5,65882500,65920500,38000
114000,chr5,67957500,68001500,44000
114002,chr5,69621500,69678500,57000
114006,chr5,72331500,72401500,70000
114012,chr5,73050500,73166500,116000
114013,chr5,73272500,73355500,83000
114014,chr5,73272500,73537500,265000
114015,chr5,73377500,73412500,35000
114016,chr5,73379500,73451500,72000
114018,chr5,73414500,73449500,35000
114019,chr5,73455500,73536500,81000
114021,chr5,73589500,73697500,108000
114023,chr5,73648500,73805500,157000
114024,chr5,73800500,73860500,60000
114026,chr5,65921500,66114500,193000
114027,chr5,65923500,66096500,173000
114028,chr5,66125500,66291500,166000
114032,chr5,66420500,66526500,106000
114033,chr5,66421500,66797500,376000
114034,chr5,66421500,66851500,430000
114035,chr5,66422500,66479500,57000
114036,chr5,66437500,66543500,106000
114037,chr5,66439500,66797500,358000
114038,chr5,66438500,66820500,382000
114040,chr5,66498500,66833500,335000
114041,chr5,66498500,66777500,279000
114042,chr5,66544500,66820500,276000
114043,chr5,66546500,66777500,231000
114044,chr5,66545500,66798500,253000
114045,chr5,66580500,66797500,217000
114046,chr5,66581500,66776500,195000
114047,chr5,66581500,66820500,239000
114050,chr5,66777500,66833500,56000
114055,chr5,66856500,67152500,296000
114063,chr5,66904500,67154500,250000
114064,chr5,66939500,67172500,233000
114070,chr5,67421500,67463500,42000
114073,chr5,67689500,67911500,222000
114074,chr5,67690500,67805500,115000
114075,chr5,67765500,67884500,119000
114079,chr5,73861500,74443500,582000
114080,chr5,73918500,74439500,521000
114081,chr5,74011500,74153500,142000
114082,chr5,74011500,74251500,240000
114086,chr5,74047500,74226500,179000
114087,chr5,74048500,74104500,56000
114090,chr5,74105500,74253500,148000
114091,chr5,74183500,74437500,254000
114092,chr5,74227500,74356500,129000
114095,chr5,74258500,74354500,96000
114099,chr5,74473500,74593500,120000
114100,chr5,74473500,74615500,142000
114108,chr5,74594500,75318500,724000
114109,chr5,74595500,75102500,507000
114111,chr5,74615500,75318500,703000
114115,chr5,74752500,75317500,565000
114116,chr5,74800500,75318500,518000
114117,chr5,74801500,74954500,153000
114119,chr5,74865500,75315500,450000
114121,chr5,74956500,75094500,138000
114123,chr5,74974500,75316500,342000
114126,chr5,75121500,75303500,182000
114128,chr5,75174500,75242500,68000
114131,chr5,75206500,75240500,34000
114134,chr5,75539500,75897500,358000
114135,chr5,75680500,75735500,55000
114136,chr5,75699500,75735500,36000
114138,chr5,75737500,75785500,48000
114140,chr5,75398500,76011500,613000
114141,chr5,75660500,76013500,353000
114142,chr5,75897500,76012500,115000
114144,chr5,76031500,76141500,110000
114146,chr5,76032500,76201500,169000
114148,chr5,76288500,76331500,43000
114149,chr5,76288500,76452500,164000
114151,chr5,76352500,76561500,209000
114154,chr5,76434500,76469500,35000
114155,chr5,76436500,76516500,80000
114156,chr5,76453500,76512500,59000
114157,chr5,76714500,77001500,287000
114165,chr5,77146500,77317500,171000
114166,chr5,77176500,77365500,189000
114167,chr5,77177500,77319500,142000
114168,chr5,77219500,77364500,145000
114169,chr5,77238500,77317500,79000
114170,chr5,77237500,77341500,104000
114171,chr5,77237500,77365500,128000
114173,chr5,77414500,77457500,43000
114176,chr5,83667500,83752500,85000
114178,chr5,86213500,86320500,107000
114179,chr5,86215500,86337500,122000
114180,chr5,86216500,86251500,35000
114183,chr5,86501500,86578500,77000
114184,chr5,86501500,86797500,296000
114187,chr5,86567500,86797500,230000
114190,chr5,87035500,87291500,256000
114203,chr5,88824500,88868500,44000
114204,chr5,88837500,88912500,75000
114209,chr5,89055500,89370500,315000
114214,chr5,89862500,89967500,105000
114221,chr5,97000500,97205500,205000
114234,chr5,91124500,91455500,331000
114240,chr5,91664500,92059500,395000
114242,chr5,92089500,92266500,177000
114243,chr5,92110500,92191500,81000
114244,chr5,92110500,92263500,153000
114245,chr5,92111500,92230500,119000
114248,chr5,92211500,92265500,54000
114252,chr5,92343500,92386500,43000
114256,chr5,92460500,92545500,85000
114257,chr5,92582500,92653500,71000
114258,chr5,92609500,92654500,45000
114261,chr5,92653500,92751500,98000
114262,chr5,92826500,93071500,245000
114263,chr5,92826500,93102500,276000
114264,chr5,92827500,93119500,292000
114266,chr5,92831500,92958500,127000
114267,chr5,92831500,93045500,214000
114268,chr5,92877500,93102500,225000
114270,chr5,92877500,93069500,192000
114271,chr5,92905500,93070500,165000
114272,chr5,92906500,93118500,212000
114273,chr5,92959500,93045500,86000
114274,chr5,92960500,93071500,111000
114275,chr5,92983500,93102500,119000
114276,chr5,92985500,93069500,84000
114277,chr5,93132500,93312500,180000
114278,chr5,93135500,93241500,106000
114279,chr5,93136500,93353500,217000
114281,chr5,93192500,93241500,49000
114282,chr5,93192500,93354500,162000
114284,chr5,93241500,93354500,113000
114285,chr5,93241500,93275500,34000
114286,chr5,93241500,93415500,174000
114291,chr5,98316500,98477500,161000
114292,chr5,98316500,98402500,86000
114296,chr5,99350500,99395500,45000
114297,chr5,99352500,99742500,390000
114298,chr5,99396500,99742500,346000
114299,chr5,99397500,99760500,363000
114300,chr5,99396500,99778500,382000
114301,chr5,99396500,99856500,460000
114304,chr5,99396500,100047500,651000
114307,chr5,100075500,100493500,418000
114308,chr5,100076500,100177500,101000
114309,chr5,100077500,100199500,122000
114310,chr5,100108500,100181500,73000
114316,chr5,100221500,100452500,231000
114317,chr5,100222500,100492500,270000
114318,chr5,100315500,100469500,154000
114319,chr5,100315500,100388500,73000
114320,chr5,100397500,100493500,96000
114321,chr5,100521500,100625500,104000
114322,chr5,100521500,100660500,139000
114323,chr5,100522500,100684500,162000
114324,chr5,100564500,100647500,83000
114325,chr5,100576500,100647500,71000
114326,chr5,100577500,100665500,88000
114327,chr5,100578500,100614500,36000
114330,chr5,100666500,100821500,155000
114331,chr5,100811500,101062500,251000
114332,chr5,100821500,100944500,123000
114333,chr5,100822500,100968500,146000
114337,chr5,100946500,101062500,116000
114339,chr5,101019500,101060500,41000
114342,chr5,101067500,101836500,769000
114343,chr5,101066500,101848500,782000
114346,chr5,101139500,101817500,678000
114349,chr5,101149500,101818500,669000
114351,chr5,101153500,101817500,664000
114352,chr5,101167500,101818500,651000
114360,chr5,101475500,101817500,342000
114363,chr5,101810500,101913500,103000
114364,chr5,103805500,104074500,269000
114365,chr5,104005500,104187500,182000
114366,chr5,104075500,104485500,410000
114367,chr5,104146500,104205500,59000
114368,chr5,104147500,104223500,76000
114369,chr5,104170500,104255500,85000
114370,chr5,104195500,104253500,58000
114374,chr5,104493500,104579500,86000
114384,chr5,105641500,105802500,161000
114385,chr5,105645500,105848500,203000
114386,chr5,105668500,105802500,134000
114389,chr5,101996500,102202500,206000
114390,chr5,102010500,102221500,211000
114392,chr5,102143500,102274500,131000
114394,chr5,102299500,102353500,54000
114398,chr5,102358500,102913500,555000
114399,chr5,102359500,102839500,480000
114402,chr5,103491500,103736500,245000
114405,chr5,103503500,103766500,263000
114406,chr5,103504500,103734500,230000
114408,chr5,103600500,103801500,201000
114409,chr5,103802500,103965500,163000
114410,chr5,103827500,103876500,49000
114411,chr5,103827500,103965500,138000
114412,chr5,103828500,103991500,163000
114414,chr5,103872500,103962500,90000
114416,chr5,103901500,103963500,62000
114417,chr5,107759500,108007500,248000
114418,chr5,107872500,108018500,146000
114424,chr5,108069500,108177500,108000
114426,chr5,108181500,108268500,87000
114432,chr5,108217500,108250500,33000
114438,chr5,108269500,108311500,42000
114439,chr5,108417500,108459500,42000
114440,chr5,108417500,108515500,98000
114441,chr5,108516500,108841500,325000
114442,chr5,108575500,108781500,206000
114443,chr5,108577500,108815500,238000
114444,chr5,108575500,108875500,300000
114446,chr5,108609500,108777500,168000
114447,chr5,108819500,108874500,55000
114450,chr5,109696500,109744500,48000
114454,chr5,106075500,106574500,499000
114455,chr5,106134500,106574500,440000
114458,chr5,106150500,106573500,423000
114459,chr5,106513500,106574500,61000
114460,chr5,106514500,106600500,86000
114465,chr5,106610500,106798500,188000
114467,chr5,106611500,106950500,339000
114468,chr5,106614500,106709500,95000
114472,chr5,106722500,106842500,120000
114474,chr5,106844500,106905500,61000
114475,chr5,106844500,106921500,77000
114476,chr5,106951500,106995500,44000
114482,chr5,107074500,107112500,38000
114487,chr5,107139500,107468500,329000
114489,chr5,107141500,107435500,294000
114490,chr5,107165500,107468500,303000
114492,chr5,107835500,107871500,36000
114511,chr5,110257500,110377500,120000
114513,chr5,110378500,110433500,55000
114514,chr5,110380500,110416500,36000
114516,chr5,110444500,110480500,36000
114519,chr5,110505500,110641500,136000
114522,chr5,110524500,110784500,260000
114523,chr5,110584500,110616500,32000
114529,chr5,110801500,110917500,116000
114530,chr5,110920500,110986500,66000
114532,chr5,110936500,110973500,37000
114538,chr5,111027500,111127500,100000
114539,chr5,111029500,111404500,375000
114541,chr5,111027500,111478500,451000
114542,chr5,111051500,111417500,366000
114544,chr5,111097500,111357500,260000
114545,chr5,111124500,111418500,294000
114546,chr5,111128500,111334500,206000
114547,chr5,111126500,111356500,230000
114548,chr5,111356500,111404500,48000
114549,chr5,111421500,111489500,68000
114550,chr5,111422500,111511500,89000
114551,chr5,111561500,111875500,314000
114552,chr5,111562500,111957500,395000
114553,chr5,111565500,111657500,92000
114554,chr5,111565500,111725500,160000
114556,chr5,111877500,111958500,81000
114558,chr5,111561500,112021500,460000
114559,chr5,111561500,112225500,664000
114560,chr5,111561500,112329500,768000
114563,chr5,111874500,112329500,455000
114564,chr5,111875500,112022500,147000
114565,chr5,112038500,112162500,124000
114566,chr5,112038500,112329500,291000
114569,chr5,112226500,112301500,75000
114570,chr5,112363500,112484500,121000
114571,chr5,112362500,112576500,214000
114574,chr5,112388500,112576500,188000
114575,chr5,112424500,112490500,66000
114578,chr5,112491500,112575500,84000
114579,chr5,112580500,113227500,647000
114580,chr5,112581500,113202500,621000
114583,chr5,112602500,113203500,601000
114584,chr5,112618500,112722500,104000
114585,chr5,112618500,112790500,172000
114586,chr5,112618500,112916500,298000
114587,chr5,112618500,113202500,584000
114588,chr5,112618500,113228500,610000
114589,chr5,112680500,112790500,110000
114590,chr5,112680500,112917500,237000
114591,chr5,112680500,113202500,522000
114592,chr5,112680500,113226500,546000
114593,chr5,112722500,113227500,505000
114594,chr5,112997500,113227500,230000
114596,chr5,113018500,113227500,209000
114597,chr5,113247500,113303500,56000
114599,chr5,113416500,113871500,455000
114600,chr5,113433500,113952500,519000
114603,chr5,113522500,113653500,131000
114606,chr5,113620500,113718500,98000
114609,chr5,113620500,113686500,66000
114611,chr5,113912500,113983500,71000
114615,chr5,116261500,116547500,286000
114616,chr5,116261500,116731500,470000
114619,chr5,116370500,116591500,221000
114620,chr5,116370500,116731500,361000
114621,chr5,116371500,116519500,148000
114624,chr5,116502500,116612500,110000
114625,chr5,116502500,116679500,177000
114627,chr5,116524500,116678500,154000
114628,chr5,116525500,116613500,88000
114629,chr5,116685500,117071500,386000
114631,chr5,116898500,117006500,108000
114632,chr5,116898500,117071500,173000
114638,chr5,117497500,117546500,49000
114643,chr5,117526500,117632500,106000
114646,chr5,113952500,114092500,140000
114647,chr5,113991500,114090500,99000
114648,chr5,113992500,114071500,79000
114649,chr5,114012500,114045500,33000
114650,chr5,114046500,114268500,222000
114651,chr5,114268500,114313500,45000
114654,chr5,114299500,114446500,147000
114656,chr5,114314500,114519500,205000
114658,chr5,114599500,114706500,107000
114661,chr5,114840500,115079500,239000
114662,chr5,114840500,115115500,275000
114663,chr5,114841500,114965500,124000
114664,chr5,114841500,114997500,156000
114665,chr5,114903500,115040500,137000
114667,chr5,114965500,115042500,77000
114668,chr5,115117500,115300500,183000
114669,chr5,115117500,115414500,297000
114670,chr5,115261500,115413500,152000
114671,chr5,115263500,115301500,38000
114672,chr5,115303500,115414500,111000
114673,chr5,115302500,115373500,71000
114674,chr5,115325500,115373500,48000
114677,chr5,115423500,115484500,61000
114678,chr5,115434500,115605500,171000
114687,chr5,115513500,115579500,66000
114688,chr5,115631500,115676500,45000
114689,chr5,115643500,115694500,51000
114690,chr5,115791500,115869500,78000
114691,chr5,117643500,118207500,564000
114693,chr5,117645500,118139500,494000
114695,chr5,117722500,118071500,349000
114697,chr5,118311500,118381500,70000
114698,chr5,118407500,118569500,162000
114699,chr5,118406500,118846500,440000
114701,chr5,118469500,118844500,375000
114702,chr5,118469500,118875500,406000
114703,chr5,118490500,118585500,95000
114704,chr5,118570500,118846500,276000
114705,chr5,118570500,118875500,305000
114706,chr5,118574500,118618500,44000
114710,chr5,118620500,118697500,77000
114712,chr5,118653500,118696500,43000
114713,chr5,118693500,118875500,182000
114715,chr5,118733500,118846500,113000
114718,chr5,118919500,119016500,97000
114719,chr5,118919500,118952500,33000
114720,chr5,118921500,118976500,55000
114721,chr5,118919500,119067500,148000
114722,chr5,118919500,119828500,909000
114723,chr5,118919500,119850500,931000
114725,chr5,118953500,119849500,896000
114727,chr5,118974500,119837500,863000
114736,chr5,119157500,119352500,195000
114738,chr5,119431500,119710500,279000
114739,chr5,119446500,119826500,380000
114740,chr5,119447500,119848500,401000
114741,chr5,119542500,119827500,285000
114743,chr5,119721500,119820500,99000
114744,chr5,119722500,119847500,125000
114753,chr5,119878500,120226500,348000
114756,chr5,119952500,120089500,137000
114757,chr5,119953500,120242500,289000
114760,chr5,119983500,120225500,242000
114762,chr5,120342500,120579500,237000
114764,chr5,120421500,120594500,173000
114765,chr5,120422500,120562500,140000
114766,chr5,120604500,120743500,139000
114768,chr5,120643500,120728500,85000
114769,chr5,120643500,120812500,169000
114772,chr5,120661500,120742500,81000
114775,chr5,120787500,120851500,64000
114777,chr5,120818500,120852500,34000
114778,chr5,120817500,120882500,65000
114780,chr5,120931500,121233500,302000
114781,chr5,120944500,121120500,176000
114784,chr5,120975500,121233500,258000
114786,chr5,120975500,121052500,77000
114788,chr5,121003500,121120500,117000
114790,chr5,121092500,121264500,172000
114793,chr5,121354500,121468500,114000
114794,chr5,121353500,121515500,162000
114795,chr5,121353500,121584500,231000
114798,chr5,121518500,121615500,97000
114804,chr5,121702500,121740500,38000
114806,chr5,121752500,121794500,42000
114807,chr5,121758500,121815500,57000
114816,chr5,126700500,126746500,46000
114817,chr5,126700500,126776500,76000
114818,chr5,126702500,126837500,135000
114820,chr5,127237500,127311500,74000
114821,chr5,127276500,127339500,63000
114822,chr5,127276500,127311500,35000
114823,chr5,127294500,127339500,45000
114824,chr5,127294500,127418500,124000
114825,chr5,127294500,127442500,148000
114826,chr5,127295500,127558500,263000
114827,chr5,127313500,127438500,125000
114828,chr5,127330500,127418500,88000
114829,chr5,127516500,127660500,144000
114834,chr5,127724500,127792500,68000
114837,chr5,127752500,127793500,41000
114838,chr5,121848500,122189500,341000
114839,chr5,121953500,122226500,273000
114840,chr5,121953500,122196500,243000
114843,chr5,121982500,122227500,245000
114846,chr5,122010500,122213500,203000
114848,chr5,122083500,122137500,54000
114849,chr5,122252500,122402500,150000
114850,chr5,122267500,122481500,214000
114852,chr5,122268500,122401500,133000
114855,chr5,122405500,122456500,51000
114856,chr5,122405500,122765500,360000
114858,chr5,122558500,122911500,353000
114861,chr5,122573500,122765500,192000
114862,chr5,122600500,122939500,339000
114864,chr5,122625500,122765500,140000
114870,chr5,123035500,123195500,160000
114871,chr5,123064500,123277500,213000
114872,chr5,123107500,123150500,43000
114874,chr5,123128500,123276500,148000
114875,chr5,123176500,123276500,100000
114876,chr5,123202500,123395500,193000
114877,chr5,123202500,123292500,90000
114881,chr5,123203500,123270500,67000
114882,chr5,123203500,123360500,157000
114883,chr5,123258500,123292500,34000
114889,chr5,123459500,123575500,116000
114903,chr5,127834500,128015500,181000
114904,chr5,127834500,128516500,682000
114905,chr5,127877500,128516500,639000
114906,chr5,127968500,128516500,548000
114907,chr5,128020500,128515500,495000
114908,chr5,128042500,128189500,147000
114909,chr5,128043500,128177500,134000
114911,chr5,128114500,128470500,356000
114912,chr5,128176500,128469500,293000
114913,chr5,128467500,128515500,48000
114914,chr5,128467500,128578500,111000
114915,chr5,128568500,128788500,220000
114917,chr5,128597500,128810500,213000
114918,chr5,128600500,128714500,114000
114919,chr5,128600500,128761500,161000
114920,chr5,128600500,128789500,189000
114921,chr5,128602500,128680500,78000
114923,chr5,128761500,128810500,49000
114924,chr5,128761500,128853500,92000
114927,chr5,128886500,128991500,105000
114928,chr5,128886500,129031500,145000
114929,chr5,128920500,128991500,71000
114934,chr5,129117500,129612500,495000
114938,chr5,129131500,129818500,687000
114941,chr5,129139500,129408500,269000
114942,chr5,129139500,129433500,294000
114944,chr5,129139500,129254500,115000
114945,chr5,129140500,129578500,438000
114946,chr5,129140500,129801500,661000
114948,chr5,129254500,129498500,244000
114949,chr5,129255500,129432500,177000
114950,chr5,129255500,129461500,206000
114951,chr5,129256500,129407500,151000
114952,chr5,129362500,129662500,300000
114953,chr5,129369500,129541500,172000
114954,chr5,129464500,129578500,114000
114958,chr5,129747500,129790500,43000
114964,chr5,123763500,124044500,281000
114966,chr5,123859500,124045500,186000
114974,chr5,123900500,124538500,638000
114975,chr5,123902500,124056500,154000
114982,chr5,124112500,124231500,119000
114984,chr5,124140500,124437500,297000
114986,chr5,124234500,124465500,231000
114988,chr5,124301500,124397500,96000
114989,chr5,124300500,124423500,123000
114991,chr5,124466500,124563500,97000
114992,chr5,124492500,124582500,90000
114993,chr5,124491500,124619500,128000
114995,chr5,124491500,124690500,199000
114996,chr5,124492500,124563500,71000
115001,chr5,124537500,124685500,148000
115002,chr5,124564500,124621500,57000
115003,chr5,124583500,124619500,36000
115005,chr5,124622500,124677500,55000
115009,chr5,124740500,124838500,98000
115012,chr5,124773500,124946500,173000
115014,chr5,124854500,124945500,91000
115015,chr5,124939500,125255500,316000
115020,chr5,125007500,125347500,340000
115022,chr5,125063500,125312500,249000
115023,chr5,125092500,125346500,254000
115024,chr5,125184500,125346500,162000
115025,chr5,125351500,125426500,75000
115032,chr5,125488500,125539500,51000
115033,chr5,125488500,125584500,96000
115034,chr5,125489500,125603500,114000
115035,chr5,125490500,125565500,75000
115037,chr5,125606500,125691500,85000
115038,chr5,125606500,125711500,105000
115039,chr5,125606500,125726500,120000
115040,chr5,125606500,125785500,179000
115041,chr5,125606500,125810500,204000
115042,chr5,125606500,125877500,271000
115043,chr5,125691500,125810500,119000
115044,chr5,125692500,125877500,185000
115045,chr5,130028500,130169500,141000
115046,chr5,130028500,130066500,38000
115047,chr5,130028500,130193500,165000
115048,chr5,130052500,130171500,119000
115049,chr5,130094500,130168500,74000
115050,chr5,130095500,130192500,97000
115053,chr5,130344500,130839500,495000
115058,chr5,130748500,130883500,135000
115059,chr5,130786500,130841500,55000
115060,chr5,130841500,130883500,42000
115063,chr5,130981500,131036500,55000
115064,chr5,131036500,131308500,272000
115065,chr5,131037500,131289500,252000
115066,chr5,131107500,131309500,202000
115067,chr5,131136500,131456500,320000
115068,chr5,131186500,131289500,103000
115070,chr5,131309500,131456500,147000
115071,chr5,131335500,131457500,122000
115072,chr5,131489500,131521500,32000
115073,chr5,131519500,131592500,73000
115075,chr5,131565500,131625500,60000
115080,chr5,134256500,134370500,114000
115084,chr5,134414500,134515500,101000
115085,chr5,134523500,134679500,156000
115086,chr5,134536500,134645500,109000
115089,chr5,134697500,134732500,35000
115091,chr5,134739500,134928500,189000
115092,chr5,134777500,134929500,152000
115094,chr5,134936500,135042500,106000
115095,chr5,134936500,135133500,197000
115098,chr5,134974500,135038500,64000
115099,chr5,134996500,135038500,42000
115100,chr5,135041500,135217500,176000
115101,chr5,135042500,135105500,63000
115102,chr5,135044500,135314500,270000
115103,chr5,135147500,135220500,73000
115105,chr5,135185500,135220500,35000
115108,chr5,135429500,135487500,58000
115109,chr5,135428500,135618500,190000
115110,chr5,135429500,135792500,363000
115112,chr5,135623500,135801500,178000
115118,chr5,135906500,136089500,183000
115119,chr5,135906500,136166500,260000
115120,chr5,135929500,136089500,160000
115121,chr5,135929500,136167500,238000
115122,chr5,135996500,136113500,117000
115124,chr5,135997500,136090500,93000
115125,chr5,136011500,136073500,62000
115126,chr5,136011500,136167500,156000
115129,chr5,136166500,136782500,616000
115130,chr5,136168500,136281500,113000
115134,chr5,136242500,136781500,539000
115135,chr5,136243500,136280500,37000
115140,chr5,136274500,136595500,321000
115142,chr5,136287500,136654500,367000
115143,chr5,136287500,136693500,406000
115145,chr5,136310500,136652500,342000
115146,chr5,136310500,136693500,383000
115147,chr5,136310500,136784500,474000
115148,chr5,136310500,136735500,425000
115149,chr5,136351500,136693500,342000
115150,chr5,136406500,136735500,329000
115151,chr5,136408500,136652500,244000
115152,chr5,136408500,136785500,377000
115153,chr5,136597500,136693500,96000
115154,chr5,136597500,136784500,187000
115156,chr5,136820500,136910500,90000
115157,chr5,136820500,136954500,134000
115158,chr5,136869500,136910500,41000
115160,chr5,136958500,137149500,191000
115162,chr5,137016500,137059500,43000
115163,chr5,137054500,137135500,81000
115164,chr5,137162500,137485500,323000
115165,chr5,137196500,137486500,290000
115166,chr5,137289500,137485500,196000
115167,chr5,137289500,137376500,87000
115168,chr5,137291500,137500500,209000
115170,chr5,137305500,137500500,195000
115172,chr5,137332500,137376500,44000
115173,chr5,137479500,137764500,285000
115176,chr5,137530500,137596500,66000
115177,chr5,137530500,137776500,246000
115180,chr5,137601500,137639500,38000
115182,chr5,137629500,137779500,150000
115185,chr5,137790500,137877500,87000
115186,chr5,137791500,137950500,159000
115189,chr5,137891500,137971500,80000
115196,chr5,141970500,142196500,226000
115197,chr5,142066500,142196500,130000
115198,chr5,142353500,142386500,33000
115199,chr5,142354500,142434500,80000
115201,chr5,142486500,142606500,120000
115202,chr5,142488500,142535500,47000
115203,chr5,142533500,142805500,272000
115205,chr5,142543500,142841500,298000
115206,chr5,142544500,142863500,319000
115207,chr5,142567500,142606500,39000
115208,chr5,142567500,142703500,136000
115209,chr5,142567500,142840500,273000
115210,chr5,142615500,142806500,191000
115211,chr5,142617500,142877500,260000
115212,chr5,142659500,142703500,44000
115213,chr5,142708500,142840500,132000
115214,chr5,142709500,142862500,153000
115215,chr5,142753500,142840500,87000
115216,chr5,142753500,142862500,109000
115220,chr5,142804500,142891500,87000
115221,chr5,142805500,142913500,108000
115222,chr5,142805500,142947500,142000
115223,chr5,142843500,142918500,75000
115224,chr5,142865500,143052500,187000
115226,chr5,142892500,142947500,55000
115229,chr5,142923500,143164500,241000
115232,chr5,142946500,143239500,293000
115233,chr5,142947500,143108500,161000
115234,chr5,143070500,143135500,65000
115235,chr5,143071500,143162500,91000
115236,chr5,143070500,143285500,215000
115237,chr5,143241500,143276500,35000
115239,chr5,143320500,143532500,212000
115240,chr5,143319500,143483500,164000
115241,chr5,143320500,143380500,60000
115245,chr5,143513500,143717500,204000
115246,chr5,143534500,143717500,183000
115248,chr5,143552500,143912500,360000
115249,chr5,143553500,143854500,301000
115250,chr5,143569500,143696500,127000
115251,chr5,143717500,143911500,194000
115252,chr5,143871500,143913500,42000
115262,chr5,139892500,140126500,234000
115263,chr5,139894500,140277500,383000
115265,chr5,139895500,140318500,423000
115266,chr5,139895500,140376500,481000
115268,chr5,139919500,140316500,397000
115269,chr5,139932500,140278500,346000
115270,chr5,140184500,140277500,93000
115272,chr5,140320500,140398500,78000
115277,chr5,140490500,140688500,198000
115278,chr5,140491500,140596500,105000
115279,chr5,140491500,140634500,143000
115281,chr5,140525500,140649500,124000
115282,chr5,140527500,140629500,102000
115284,chr5,140595500,140633500,38000
115285,chr5,140595500,140688500,93000
115286,chr5,140634500,140688500,54000
115287,chr5,140690500,140816500,126000
115288,chr5,140833500,140942500,109000
115291,chr5,141724500,141897500,173000
115295,chr5,144186500,144319500,133000
115296,chr5,144188500,144671500,483000
115297,chr5,144296500,144698500,402000
115300,chr5,144383500,144669500,286000
115302,chr5,144403500,144671500,268000
115304,chr5,144465500,144575500,110000
115305,chr5,144731500,145007500,276000
115310,chr5,144953500,145007500,54000
115315,chr5,145076500,145139500,63000
115319,chr5,145104500,145138500,34000
115322,chr5,145150500,145303500,153000
115323,chr5,145169500,145217500,48000
115330,chr5,137789500,138136500,347000
115336,chr5,138085500,138155500,70000
115337,chr5,138089500,138136500,47000
115338,chr5,138115500,138153500,38000
115341,chr5,138200500,138250500,50000
115342,chr5,138205500,138237500,32000
115346,chr5,138280500,138439500,159000
115348,chr5,138440500,138619500,179000
115352,chr5,138741500,138980500,239000
115355,chr5,138834500,139241500,407000
115356,chr5,138834500,139282500,448000
115358,chr5,138836500,139133500,297000
115360,chr5,138834500,139311500,477000
115361,chr5,138837500,139095500,258000
115365,chr5,138980500,139135500,155000
115366,chr5,138980500,139185500,205000
115367,chr5,138980500,139238500,258000
115369,chr5,139136500,139185500,49000
115372,chr5,139268500,139310500,42000
115373,chr5,139317500,139654500,337000
115374,chr5,139317500,139736500,419000
115376,chr5,139318500,139522500,204000
115377,chr5,139321500,139489500,168000
115379,chr5,139349500,139384500,35000
115380,chr5,139350500,139403500,53000
115381,chr5,139350500,139520500,170000
115383,chr5,139454500,139490500,36000
115384,chr5,139522500,139654500,132000
115385,chr5,139522500,139734500,212000
115386,chr5,139523500,139673500,150000
115387,chr5,139539500,139672500,133000
115388,chr5,139540500,139653500,113000
115390,chr5,139573500,139732500,159000
115392,chr5,139704500,139804500,100000
115393,chr5,139763500,139806500,43000
115394,chr5,139825500,139956500,131000
115395,chr5,139895500,139957500,62000
115396,chr5,150038500,150082500,44000
115397,chr5,150092500,150290500,198000
115398,chr5,150092500,150156500,64000
115399,chr5,150155500,150326500,171000
115401,chr5,150157500,150291500,134000
115402,chr5,150193500,150289500,96000
115403,chr5,150445500,150589500,144000
115407,chr5,150598500,150873500,275000
115408,chr5,151026500,151213500,187000
115415,chr5,147864500,148010500,146000
115416,chr5,147900500,148010500,110000
115417,chr5,147927500,148177500,250000
115420,chr5,148046500,148176500,130000
115421,chr5,148117500,148176500,59000
115422,chr5,148257500,148522500,265000
115423,chr5,148263500,148686500,423000
115424,chr5,148284500,148388500,104000
115425,chr5,148306500,148388500,82000
115427,chr5,148431500,148492500,61000
115430,chr5,148692500,148816500,124000
115431,chr5,148783500,148815500,32000
115432,chr5,148842500,148885500,43000
115434,chr5,148976500,149219500,243000
115435,chr5,148976500,149259500,283000
115442,chr5,149212500,149259500,47000
115443,chr5,149280500,149340500,60000
115444,chr5,149407500,149447500,40000
115445,chr5,149511500,149559500,48000
115447,chr5,149566500,149601500,35000
115448,chr5,149567500,149636500,69000
115449,chr5,149566500,149666500,100000
115451,chr5,149636500,149944500,308000
115452,chr5,149637500,149774500,137000
115453,chr5,149670500,149703500,33000
115454,chr5,149670500,149945500,275000
115455,chr5,149739500,149774500,35000
115456,chr5,149784500,149944500,160000
115457,chr5,149785500,149836500,51000
115458,chr5,149785500,149973500,188000
115459,chr5,149808500,149944500,136000
115460,chr5,149840500,149972500,132000
115461,chr5,149841500,149919500,78000
115463,chr5,146124500,146240500,116000
115467,chr5,146320500,146356500,36000
115468,chr5,146319500,146377500,58000
115470,chr5,146503500,146607500,104000
115471,chr5,146611500,147234500,623000
115474,chr5,146612500,147256500,644000
115475,chr5,146613500,146781500,168000
115478,chr5,146642500,147257500,615000
115479,chr5,146643500,146760500,117000
115481,chr5,146643500,146839500,196000
115482,chr5,146731500,146769500,38000
115488,chr5,146850500,146937500,87000
115492,chr5,146877500,147164500,287000
115493,chr5,146876500,147231500,355000
115494,chr5,146877500,147256500,379000
115495,chr5,146877500,146936500,59000
115496,chr5,146884500,147014500,130000
115497,chr5,146920500,147231500,311000
115498,chr5,146920500,147256500,336000
115499,chr5,146939500,147256500,317000
115503,chr5,147101500,147163500,62000
115506,chr5,147159500,147207500,48000
115507,chr5,147165500,147256500,91000
115508,chr5,147211500,147244500,33000
115511,chr5,147269500,147518500,249000
115514,chr5,147339500,147518500,179000
115515,chr5,147339500,147757500,418000
115516,chr5,147339500,147783500,444000
115520,chr5,147391500,147459500,68000
115522,chr5,147482500,147757500,275000
115525,chr5,147520500,147756500,236000
115526,chr5,147521500,147785500,264000
115527,chr5,147521500,147670500,149000
115528,chr5,147543500,147756500,213000
115529,chr5,147593500,147756500,163000
115530,chr5,147592500,147784500,192000
115532,chr5,147655500,147785500,130000
115535,chr5,147719500,147784500,65000
115537,chr5,147798500,147830500,32000
115542,chr6,4548500,5400500,852000
115543,chr6,4557500,5383500,826000
115545,chr6,4619500,5391500,772000
115547,chr6,4652500,5383500,731000
115548,chr6,4652500,5401500,749000
115549,chr6,4654500,4747500,93000
115550,chr6,4654500,4903500,249000
115555,chr6,5384500,5589500,205000
115563,chr6,8344500,8737500,393000
115564,chr6,8952500,9234500,282000
115565,chr6,5859500,6003500,144000
115568,chr6,6005500,6861500,856000
115574,chr6,6141500,6181500,40000
115585,chr6,7733500,7857500,124000
115591,chr6,11907500,12125500,218000
115593,chr6,13608500,13677500,69000
115595,chr6,16996500,17087500,91000
115599,chr6,17027500,17359500,332000
115600,chr6,17028500,17087500,59000
115601,chr6,17028500,17589500,561000
115603,chr6,17463500,17588500,125000
115604,chr6,17638500,17694500,56000
115607,chr6,17694500,17839500,145000
115611,chr6,21795500,22071500,276000
115613,chr6,21985500,22070500,85000
115615,chr6,22289500,22446500,157000
115620,chr6,23249500,23410500,161000
115627,chr6,24528500,24664500,136000
115634,chr6,28135500,28215500,80000
115635,chr6,28216500,28261500,45000
115641,chr6,28533500,29023500,490000
115642,chr6,28833500,29025500,192000
115644,chr6,28981500,29021500,40000
115645,chr6,29093500,29143500,50000
115647,chr6,29167500,29241500,74000
115648,chr6,29205500,29241500,36000
115649,chr6,29242500,29278500,36000
115652,chr6,29349500,29468500,119000
115653,chr6,29350500,29526500,176000
115654,chr6,29351500,29649500,298000
115656,chr6,29444500,29525500,81000
115657,chr6,29553500,29585500,32000
115658,chr6,29711500,29758500,47000
115659,chr6,29764500,29819500,55000
115660,chr6,29768500,29917500,149000
115665,chr6,29767500,30048500,281000
115668,chr6,29833500,30357500,524000
115670,chr6,29853500,30357500,504000
115672,chr6,29987500,30027500,40000
115674,chr6,30007500,30357500,350000
115676,chr6,30026500,30175500,149000
115679,chr6,30048500,30175500,127000
115684,chr6,30111500,30359500,248000
115686,chr6,30174500,30302500,128000
115692,chr6,30403500,30935500,532000
115693,chr6,30404500,30489500,85000
115695,chr6,30459500,30693500,234000
115697,chr6,30460500,30935500,475000
115698,chr6,30461500,30509500,48000
115701,chr6,30491500,30957500,466000
115702,chr6,30506500,30959500,453000
115703,chr6,30510500,30874500,364000
115707,chr6,30546500,30693500,147000
115708,chr6,30548500,30737500,189000
115710,chr6,30694500,30735500,41000
115711,chr6,30736500,30935500,199000
115712,chr6,30736500,30958500,222000
115713,chr6,30738500,30873500,135000
115714,chr6,30738500,31012500,274000
115715,chr6,31052500,31133500,81000
115716,chr6,31053500,31346500,293000
115717,chr6,31194500,31347500,153000
115718,chr6,31194500,31375500,181000
115719,chr6,31196500,31295500,99000
115722,chr6,31504500,31638500,134000
115724,chr6,31506500,31538500,32000
115726,chr6,34029500,34170500,141000
115727,chr6,34051500,34170500,119000
115728,chr6,34172500,34208500,36000
115729,chr6,34270500,34348500,78000
115730,chr6,34269500,34450500,181000
115732,chr6,34270500,34902500,632000
115735,chr6,34324500,34424500,100000
115736,chr6,34426500,34736500,310000
115737,chr6,34453500,34756500,303000
115738,chr6,34487500,34755500,268000
115740,chr6,34526500,34899500,373000
115741,chr6,34735500,34899500,164000
115743,chr6,35110500,35154500,44000
115747,chr6,35230500,35354500,124000
115751,chr6,35357500,35512500,155000
115752,chr6,35359500,35544500,185000
115755,chr6,39826500,40279500,453000
115757,chr6,39847500,40280500,433000
115758,chr6,39847500,40213500,366000
115759,chr6,39848500,40026500,178000
115760,chr6,39850500,40300500,450000
115761,chr6,40214500,40280500,66000
115764,chr6,40413500,40448500,35000
115765,chr6,40457500,40666500,209000
115770,chr6,41114500,41532500,418000
115774,chr6,41581500,41680500,99000
115780,chr6,37567500,37766500,199000
115781,chr6,37568500,37667500,99000
115782,chr6,37568500,37744500,176000
115783,chr6,37568500,37870500,302000
115784,chr6,37568500,37984500,416000
115788,chr6,37670500,37705500,35000
115789,chr6,37722500,37881500,159000
115790,chr6,37744500,37848500,104000
115791,chr6,37745500,37802500,57000
115792,chr6,37803500,37849500,46000
115800,chr6,38137500,38303500,166000
115801,chr6,38276500,38331500,55000
115804,chr6,38390500,38507500,117000
115805,chr6,38411500,38528500,117000
115806,chr6,38469500,38508500,39000
115810,chr6,38613500,38853500,240000
115812,chr6,38647500,38888500,241000
115813,chr6,38673500,39045500,372000
115814,chr6,38713500,39044500,331000
115815,chr6,38850500,39044500,194000
115816,chr6,38851500,38887500,36000
115818,chr6,39095500,39183500,88000
115819,chr6,39123500,39320500,197000
115820,chr6,39164500,39542500,378000
115821,chr6,39165500,39246500,81000
115822,chr6,39182500,39322500,140000
115823,chr6,39182500,39396500,214000
115824,chr6,39182500,39425500,243000
115825,chr6,39183500,39233500,50000
115826,chr6,39183500,39246500,63000
115827,chr6,39183500,39353500,170000
115828,chr6,39274500,39427500,153000
115829,chr6,39324500,39428500,104000
115833,chr6,39375500,39424500,49000
115835,chr6,39568500,39759500,191000
115836,chr6,39569500,39786500,217000
115837,chr6,39701500,39787500,86000
115838,chr6,39702500,39757500,55000
115839,chr6,47168500,47290500,122000
115840,chr6,47291500,47370500,79000
115841,chr6,47293500,47610500,317000
115842,chr6,47373500,47502500,129000
115843,chr6,47431500,47571500,140000
115847,chr6,47811500,47923500,112000
115850,chr6,42205500,42237500,32000
115851,chr6,42242500,42300500,58000
115852,chr6,42242500,42326500,84000
115854,chr6,42301500,42349500,48000
115855,chr6,42301500,42560500,259000
115859,chr6,43219500,43273500,54000
115863,chr6,47811500,48062500,251000
115864,chr6,47955500,48025500,70000
115865,chr6,47956500,48062500,106000
115866,chr6,47993500,48062500,69000
115869,chr6,48025500,48062500,37000
115872,chr6,48154500,48374500,220000
115878,chr6,48419500,48573500,154000
115881,chr6,48523500,48749500,226000
115883,chr6,48560500,48618500,58000
115887,chr6,48794500,48834500,40000
115888,chr6,48837500,48889500,52000
115890,chr6,48984500,49163500,179000
115894,chr6,48999500,49194500,195000
115895,chr6,49017500,49225500,208000
115896,chr6,49016500,49332500,316000
115897,chr6,49018500,49164500,146000
115899,chr6,49034500,49119500,85000
115900,chr6,49035500,49333500,298000
115901,chr6,49035500,49226500,191000
115902,chr6,49035500,49375500,340000
115903,chr6,49036500,49210500,174000
115910,chr6,49226500,49333500,107000
115912,chr6,49246500,49374500,128000
115919,chr6,55497500,56002500,505000
115920,chr6,55950500,56002500,52000
115921,chr6,55950500,56026500,76000
115922,chr6,56692500,56774500,82000
115923,chr6,56692500,56810500,118000
115927,chr6,56810500,56900500,90000
115933,chr6,53796500,54230500,434000
115934,chr6,53796500,54142500,346000
115936,chr6,53910500,54206500,296000
115937,chr6,54034500,54142500,108000
115938,chr6,54231500,54306500,75000
115939,chr6,54369500,54456500,87000
115940,chr6,54369500,54561500,192000
115941,chr6,54563500,54606500,43000
115943,chr6,54571500,54794500,223000
115944,chr6,54682500,54919500,237000
115945,chr6,54682500,54992500,310000
115946,chr6,54683500,54969500,286000
115947,chr6,54685500,54829500,144000
115948,chr6,54794500,55015500,221000
115950,chr6,54829500,54930500,101000
115952,chr6,54894500,54993500,99000
115953,chr6,54969500,55144500,175000
115954,chr6,54970500,55015500,45000
115957,chr6,55356500,55488500,132000
115962,chr6,55528500,55789500,261000
115975,chr6,51155500,52202500,1047000
115987,chr6,51564500,52198500,634000
115991,chr6,51590500,52182500,592000
115992,chr6,51751500,52013500,262000
115993,chr6,51751500,52198500,447000
115996,chr6,51835500,52182500,347000
115997,chr6,51836500,52197500,361000
115998,chr6,51849500,52197500,348000
115999,chr6,51850500,52084500,234000
116000,chr6,51977500,52012500,35000
116001,chr6,51984500,52083500,99000
116002,chr6,51988500,52135500,147000
116006,chr6,52152500,52207500,55000
116009,chr6,52191500,52291500,100000
116014,chr6,52208500,52291500,83000
116017,chr6,52234500,52553500,319000
116018,chr6,52234500,52577500,343000
116020,chr6,52247500,52578500,331000
116021,chr6,52247500,52701500,454000
116023,chr6,52282500,52578500,296000
116024,chr6,52282500,52897500,615000
116025,chr6,52617500,52691500,74000
116026,chr6,52640500,52896500,256000
116027,chr6,52640500,52702500,62000
116028,chr6,52904500,52963500,59000
116034,chr6,53503500,53734500,231000
116036,chr6,53579500,53698500,119000
116041,chr6,53796500,53858500,62000
116042,chr6,53796500,53935500,139000
116045,chr6,49496500,50198500,702000
116059,chr6,50090500,50197500,107000
116060,chr6,50287500,50565500,278000
116061,chr6,50289500,50433500,144000
116065,chr6,50786500,50875500,89000
116067,chr6,50974500,51143500,169000
116072,chr6,51157500,51248500,91000
116074,chr6,51185500,51750500,565000
116077,chr6,51186500,51358500,172000
116080,chr6,51195500,51788500,593000
116085,chr6,51247500,51356500,109000
116087,chr6,51361500,51419500,58000
116089,chr6,51446500,51521500,75000
116091,chr6,51447500,51485500,38000
116093,chr6,51487500,51556500,69000
116094,chr6,51564500,51834500,270000
116096,chr6,51752500,51834500,82000
116097,chr6,51854500,51986500,132000
116099,chr6,59225500,59478500,253000
116104,chr6,60941500,61278500,337000
116109,chr6,64661500,64975500,314000
116110,chr6,64707500,64976500,269000
116112,chr6,64975500,65056500,81000
116113,chr6,64977500,65036500,59000
116114,chr6,64988500,65020500,32000
116115,chr6,65000500,65037500,37000
116129,chr6,66457500,66509500,52000
116130,chr6,66818500,67120500,302000
116131,chr6,66939500,67119500,180000
116133,chr6,67015500,67135500,120000
116134,chr6,67090500,67122500,32000
116135,chr6,67148500,67295500,147000
116136,chr6,67175500,67295500,120000
116143,chr6,70691500,70729500,38000
116144,chr6,70908500,71102500,194000
116145,chr6,70932500,71101500,169000
116147,chr6,71126500,71377500,251000
116148,chr6,71126500,71781500,655000
116150,chr6,71135500,71751500,616000
116151,chr6,71143500,71246500,103000
116152,chr6,71144500,71228500,84000
116154,chr6,71220500,71375500,155000
116156,chr6,71248500,71417500,169000
116160,chr6,71417500,71470500,53000
116163,chr6,71418500,71610500,192000
116164,chr6,71420500,71781500,361000
116167,chr6,71521500,71609500,88000
116169,chr6,71521500,71807500,286000
116170,chr6,71559500,71781500,222000
116172,chr6,71574500,71869500,295000
116174,chr6,71581500,71781500,200000
116179,chr6,71609500,71808500,199000
116181,chr6,71609500,71780500,171000
116182,chr6,71655500,71747500,92000
116183,chr6,71655500,71780500,125000
116188,chr6,71923500,72141500,218000
116189,chr6,71923500,72238500,315000
116191,chr6,72163500,72214500,51000
116196,chr6,72383500,72808500,425000
116199,chr6,72405500,72542500,137000
116201,chr6,72416500,72489500,73000
116205,chr6,72524500,72807500,283000
116206,chr6,72544500,72808500,264000
116207,chr6,72578500,72775500,197000
116210,chr6,72593500,72806500,213000
116212,chr6,72613500,72767500,154000
116213,chr6,72613500,72806500,193000
116216,chr6,72653500,72766500,113000
116217,chr6,72653500,72806500,153000
116219,chr6,72764500,72876500,112000
116221,chr6,72809500,73205500,396000
116225,chr6,72877500,72934500,57000
116226,chr6,72878500,73208500,330000
116231,chr6,72917500,73204500,287000
116234,chr6,72934500,73225500,291000
116237,chr6,73024500,73205500,181000
116238,chr6,73120500,73204500,84000
116239,chr6,73344500,73490500,146000
116245,chr6,81933500,82360500,427000
116247,chr6,81953500,82379500,426000
116252,chr6,82150500,82354500,204000
116253,chr6,82152500,82279500,127000
116256,chr6,82468500,82869500,401000
116257,chr6,82584500,82868500,284000
116258,chr6,82625500,82869500,244000
116260,chr6,82681500,82750500,69000
116262,chr6,82750500,82859500,109000
116263,chr6,82974500,83242500,268000
116265,chr6,82974500,83102500,128000
116268,chr6,83010500,83046500,36000
116270,chr6,83032500,83097500,65000
116273,chr6,83051500,83256500,205000
116274,chr6,83083500,83136500,53000
116275,chr6,83099500,83294500,195000
116276,chr6,83103500,83136500,33000
116277,chr6,83141500,83242500,101000
116280,chr6,83302500,83484500,182000
116285,chr6,83669500,83727500,58000
116286,chr6,83670500,83707500,37000
116288,chr6,83857500,83914500,57000
116290,chr6,83857500,83890500,33000
116292,chr6,83915500,84038500,123000
116297,chr6,84055500,84382500,327000
116298,chr6,84070500,84449500,379000
116299,chr6,84072500,84352500,280000
116300,chr6,84074500,84244500,170000
116301,chr6,84297500,84381500,84000
116303,chr6,84352500,84567500,215000
116307,chr6,84402500,84567500,165000
116309,chr6,84893500,85109500,216000
116310,chr6,84893500,84994500,101000
116312,chr6,85014500,85109500,95000
116317,chr6,85116500,85214500,98000
116318,chr6,85117500,85374500,257000
116321,chr6,85134500,85373500,239000
116323,chr6,85165500,85310500,145000
116324,chr6,85239500,85373500,134000
116325,chr6,85240500,85386500,146000
116326,chr6,85267500,85372500,105000
116327,chr6,85268500,85387500,119000
116328,chr6,85323500,85387500,64000
116331,chr6,85428500,85489500,61000
116343,chr6,87828500,88022500,194000
116345,chr6,87884500,88081500,197000
116348,chr6,87988500,88050500,62000
116363,chr6,88088500,88855500,767000
116364,chr6,88089500,88828500,739000
116366,chr6,88101500,88219500,118000
116367,chr6,88101500,88495500,394000
116369,chr6,88128500,88477500,349000
116370,chr6,88165500,88299500,134000
116371,chr6,88166500,88442500,276000
116378,chr6,88423500,88495500,72000
116383,chr6,88495500,88818500,323000
116384,chr6,88495500,88835500,340000
116387,chr6,88526500,88807500,281000
116390,chr6,88556500,88668500,112000
116391,chr6,88567500,88806500,239000
116392,chr6,88567500,88827500,260000
116393,chr6,88703500,88806500,103000
116397,chr6,88904500,89011500,107000
116399,chr6,88957500,89530500,573000
116401,chr6,89063500,89530500,467000
116402,chr6,89104500,89531500,427000
116404,chr6,89339500,89572500,233000
116405,chr6,89339500,89610500,271000
116412,chr6,85998500,86062500,64000
116413,chr6,86077500,86339500,262000
116414,chr6,86104500,86306500,202000
116415,chr6,86104500,86340500,236000
116416,chr6,86117500,86377500,260000
116417,chr6,86120500,86308500,188000
116418,chr6,86171500,86341500,170000
116419,chr6,86253500,86340500,87000
116420,chr6,86254500,86306500,52000
116421,chr6,86275500,86339500,64000
116422,chr6,86344500,86378500,34000
116424,chr6,86347500,86415500,68000
116428,chr6,86381500,86503500,122000
116429,chr6,86398500,86649500,251000
116430,chr6,86415500,86503500,88000
116431,chr6,86416500,86448500,32000
116432,chr6,86448500,86519500,71000
116433,chr6,86449500,86503500,54000
116434,chr6,86464500,86646500,182000
116441,chr6,86523500,86672500,149000
116443,chr6,86710500,86826500,116000
116445,chr6,86826500,86987500,161000
116446,chr6,86826500,87019500,193000
116448,chr6,87020500,87312500,292000
116450,chr6,87078500,87268500,190000
116454,chr6,87097500,87253500,156000
116455,chr6,87443500,87490500,47000
116456,chr6,87443500,87646500,203000
116457,chr6,87494500,87647500,153000
116458,chr6,87592500,87647500,55000
116459,chr6,87651500,87698500,47000
116460,chr6,87683500,87812500,129000
116461,chr6,87709500,87788500,79000
116463,chr6,87827500,87890500,63000
116464,chr6,87828500,87864500,36000
116468,chr6,87864500,87975500,111000
116471,chr6,87874500,87910500,36000
116479,chr6,96827500,97004500,177000
116480,chr6,97004500,97082500,78000
116481,chr6,97024500,97080500,56000
116482,chr6,97039500,97077500,38000
116488,chr6,97228500,97393500,165000
116490,chr6,97254500,97392500,138000
116491,chr6,97254500,97715500,461000
116493,chr6,97284500,97373500,89000
116494,chr6,97287500,97392500,105000
116495,chr6,97289500,97329500,40000
116496,chr6,97466500,97716500,250000
116497,chr6,97594500,97717500,123000
116501,chr6,93755500,94016500,261000
116502,chr6,93963500,94016500,53000
116503,chr6,94159500,94259500,100000
116505,chr6,94519500,94997500,478000
116509,chr6,94573500,94944500,371000
116510,chr6,94599500,94930500,331000
116511,chr6,94600500,94944500,344000
116513,chr6,94675500,94752500,77000
116515,chr6,95200500,95277500,77000
116517,chr6,91533500,92053500,520000
116519,chr6,91855500,92068500,213000
116524,chr6,92197500,92537500,340000
116525,chr6,92224500,92473500,249000
116526,chr6,92248500,92720500,472000
116527,chr6,92263500,92705500,442000
116528,chr6,92264500,92418500,154000
116531,chr6,92398500,92536500,138000
116532,chr6,92398500,92642500,244000
116533,chr6,92538500,92641500,103000
116534,chr6,92643500,92720500,77000
116536,chr6,92762500,93328500,566000
116539,chr6,92789500,92918500,129000
116540,chr6,92820500,92918500,98000
116545,chr6,92924500,93520500,596000
116547,chr6,93533500,93705500,172000
116548,chr6,93534500,93732500,198000
116551,chr6,93607500,93733500,126000
116552,chr6,93609500,93703500,94000
116553,chr6,93634500,93733500,99000
116554,chr6,93735500,93980500,245000
116555,chr6,93758500,93961500,203000
116556,chr6,93796500,93961500,165000
116557,chr6,93826500,93889500,63000
116558,chr6,93828500,93960500,132000
116559,chr6,93848500,93961500,113000
116570,chr6,89652500,90377500,725000
116572,chr6,89657500,90346500,689000
116576,chr6,89658500,90514500,856000
116590,chr6,90305500,90514500,209000
116591,chr6,90347500,90398500,51000
116595,chr6,90427500,90514500,87000
116597,chr6,90516500,90551500,35000
116600,chr6,90609500,90705500,96000
116602,chr6,90713500,91093500,380000
116603,chr6,90713500,90965500,252000
116606,chr6,90795500,91258500,463000
116613,chr6,91094500,91133500,39000
116615,chr6,91134500,91419500,285000
116617,chr6,91262500,91449500,187000
116619,chr6,91451500,91661500,210000
116623,chr6,91495500,91856500,361000
116624,chr6,91504500,91752500,248000
116625,chr6,91504500,91875500,371000
116628,chr6,91552500,91830500,278000
116630,chr6,91589500,91719500,130000
116631,chr6,91594500,91659500,65000
116633,chr6,91609500,91718500,109000
116634,chr6,91645500,91687500,42000
116640,chr6,103283500,103674500,391000
116643,chr6,98249500,98359500,110000
116645,chr6,98413500,98459500,46000
116648,chr6,98948500,99429500,481000
116649,chr6,98987500,99500500,513000
116652,chr6,99180500,99498500,318000
116653,chr6,99240500,99499500,259000
116654,chr6,99355500,99499500,144000
116656,chr6,99627500,99760500,133000
116657,chr6,99648500,99759500,111000
116658,chr6,99881500,99966500,85000
116661,chr6,99781500,100490500,709000
116662,chr6,99781500,100542500,761000
116663,chr6,99842500,100504500,662000
116664,chr6,99880500,100489500,609000
116665,chr6,100249500,100489500,240000
116666,chr6,100249500,100505500,256000
116667,chr6,100265500,100310500,45000
116668,chr6,100264500,100475500,211000
116670,chr6,100312500,100475500,163000
116672,chr6,100400500,100474500,74000
116674,chr6,100625500,100850500,225000
116675,chr6,100652500,100747500,95000
116676,chr6,100682500,100809500,127000
116681,chr6,100862500,101054500,192000
116682,chr6,101355500,101511500,156000
116687,chr6,111425500,111464500,39000
116691,chr6,108043500,108189500,146000
116695,chr6,108075500,108713500,638000
116696,chr6,108075500,108385500,310000
116698,chr6,108076500,108687500,611000
116700,chr6,108394500,108687500,293000
116701,chr6,108394500,108712500,318000
116702,chr6,108404500,108639500,235000
116703,chr6,108417500,108688500,271000
116704,chr6,108417500,108712500,295000
116706,chr6,108433500,108637500,204000
116707,chr6,108433500,108686500,253000
116708,chr6,108434500,108547500,113000
116709,chr6,108508500,108636500,128000
116710,chr6,108547500,108687500,140000
116712,chr6,108651500,108712500,61000
116715,chr6,108760500,108805500,45000
116722,chr6,112468500,112672500,204000
116723,chr6,112536500,112978500,442000
116732,chr6,112694500,112758500,64000
116735,chr6,112758500,112977500,219000
116746,chr6,113054500,113284500,230000
116748,chr6,113090500,113125500,35000
116751,chr6,113149500,113278500,129000
116752,chr6,113171500,113259500,88000
116753,chr6,113283500,113354500,71000
116754,chr6,113305500,113354500,49000
116755,chr6,113418500,113579500,161000
116757,chr6,113419500,113471500,52000
116759,chr6,113579500,113674500,95000
116760,chr6,113615500,113673500,58000
116762,chr6,113739500,113887500,148000
116763,chr6,113800500,113888500,88000
116765,chr6,117909500,118074500,165000
116768,chr6,117983500,118075500,92000
116769,chr6,117985500,118357500,372000
116770,chr6,118043500,118075500,32000
116771,chr6,118042500,118173500,131000
116772,chr6,118043500,118115500,72000
116773,chr6,118075500,118356500,281000
116774,chr6,118116500,118174500,58000
116776,chr6,118156500,118252500,96000
116777,chr6,118156500,118397500,241000
116779,chr6,118172500,118355500,183000
116780,chr6,118173500,118396500,223000
116785,chr6,118571500,119083500,512000
116786,chr6,118584500,119082500,498000
116789,chr6,118603500,119081500,478000
116792,chr6,118623500,118899500,276000
116794,chr6,119107500,119324500,217000
116795,chr6,119152500,119325500,173000
116796,chr6,119153500,119396500,243000
116798,chr6,119196500,119363500,167000
116800,chr6,119197500,119421500,224000
116801,chr6,119328500,119406500,78000
116803,chr6,119395500,119456500,61000
116807,chr6,119467500,119718500,251000
116808,chr6,119466500,119768500,302000
116809,chr6,119467500,119764500,297000
116811,chr6,119521500,119825500,304000
116816,chr6,119520500,120174500,654000
116817,chr6,119734500,120173500,439000
116821,chr6,119900500,120172500,272000
116826,chr6,119924500,120172500,248000
116835,chr6,120015500,120283500,268000
116840,chr6,120042500,120164500,122000
116841,chr6,120176500,120278500,102000
116846,chr6,120352500,120406500,54000
116848,chr6,120471500,120507500,36000
116850,chr6,120511500,120812500,301000
116853,chr6,120516500,120713500,197000
116854,chr6,120540500,120713500,173000
116855,chr6,120812500,121158500,346000
116856,chr6,120878500,121094500,216000
116859,chr6,121107500,121155500,48000
116862,chr6,121249500,121343500,94000
116863,chr6,121278500,121510500,232000
116865,chr6,121315500,121588500,273000
116866,chr6,121343500,121509500,166000
116867,chr6,121370500,121509500,139000
116868,chr6,121537500,121588500,51000
116874,chr6,115988500,116146500,158000
116875,chr6,115987500,116171500,184000
116879,chr6,116172500,116242500,70000
116881,chr6,116242500,116315500,73000
116884,chr6,116631500,116743500,112000
116886,chr6,116631500,116674500,43000
116888,chr6,117143500,117653500,510000
116894,chr6,117637500,117803500,166000
116897,chr6,117819500,117855500,36000
116903,chr6,117909500,117985500,76000
116904,chr6,117910500,117942500,32000
116905,chr6,114066500,114383500,317000
116907,chr6,114113500,114321500,208000
116908,chr6,114201500,114437500,236000
116910,chr6,114201500,114306500,105000
116912,chr6,114299500,114437500,138000
116913,chr6,114322500,114438500,116000
116916,chr6,114384500,114437500,53000
116917,chr6,114417500,114676500,259000
116920,chr6,114676500,114900500,224000
116921,chr6,114701500,114947500,246000
116922,chr6,114793500,114848500,55000
116923,chr6,114820500,114900500,80000
116924,chr6,114850500,114898500,48000
116926,chr6,114905500,115006500,101000
116927,chr6,114905500,115042500,137000
116929,chr6,115026500,115149500,123000
116931,chr6,115042500,115516500,474000
116933,chr6,115151500,115245500,94000
116940,chr6,115338500,115516500,178000
116941,chr6,115521500,115653500,132000
116942,chr6,115522500,115709500,187000
116943,chr6,115522500,115781500,259000
116944,chr6,115523500,115578500,55000
116946,chr6,115584500,115641500,57000
116947,chr6,115585500,115779500,194000
116948,chr6,115586500,115749500,163000
116949,chr6,115586500,115712500,126000
116956,chr6,115674500,115781500,107000
116957,chr6,115675500,115710500,35000
116959,chr6,115705500,115780500,75000
116972,chr6,122236500,122282500,46000
116974,chr6,122296500,122368500,72000
116975,chr6,122310500,122368500,58000
116978,chr6,122318500,122447500,129000
116982,chr6,122379500,122416500,37000
116983,chr6,122448500,122585500,137000
116985,chr6,122469500,122585500,116000
116987,chr6,122473500,122537500,64000
116988,chr6,122572500,122609500,37000
116989,chr6,122585500,122680500,95000
116990,chr6,122584500,122741500,157000
116992,chr6,122641500,122741500,100000
116996,chr6,122680500,122742500,62000
117000,chr6,122868500,123236500,368000
117002,chr6,122913500,122981500,68000
117010,chr6,124240500,124323500,83000
117012,chr6,124459500,124736500,277000
117013,chr6,124470500,124519500,49000
117014,chr6,124489500,124614500,125000
117015,chr6,124489500,124738500,249000
117019,chr6,124618500,124716500,98000
117021,chr6,124640500,124735500,95000
117024,chr6,124689500,124806500,117000
117026,chr6,124720500,125063500,343000
117031,chr6,124798500,125079500,281000
117034,chr6,124806500,124943500,137000
117035,chr6,124807500,124908500,101000
117036,chr6,124822500,124906500,84000
117037,chr6,124820500,125009500,189000
117038,chr6,124823500,125061500,238000
117039,chr6,124837500,124906500,69000
117040,chr6,124836500,125007500,171000
117041,chr6,124837500,124944500,107000
117042,chr6,124837500,124974500,137000
117043,chr6,124880500,125007500,127000
117045,chr6,124881500,124943500,62000
117046,chr6,124895500,124943500,48000
117050,chr6,125077500,125116500,39000
117052,chr6,125107500,125248500,141000
117053,chr6,125108500,125192500,84000
117054,chr6,125114500,125161500,47000
117057,chr6,125131500,125187500,56000
117060,chr6,125170500,125248500,78000
117061,chr6,125195500,125247500,52000
117065,chr6,125283500,125386500,103000
117073,chr6,125506500,125576500,70000
117074,chr6,125599500,125638500,39000
117077,chr6,127946500,128122500,176000
117078,chr6,127946500,128284500,338000
117079,chr6,128010500,128067500,57000
117080,chr6,128011500,128121500,110000
117082,chr6,128120500,128177500,57000
117083,chr6,128120500,128277500,157000
117084,chr6,128156500,128285500,129000
117085,chr6,128156500,128285500,129000
117087,chr6,128178500,128334500,156000
117088,chr6,128210500,128336500,126000
117089,chr6,128212500,128388500,176000
117098,chr6,128560500,128731500,171000
117099,chr6,128580500,128778500,198000
117101,chr6,128590500,128645500,55000
117109,chr6,128780500,128817500,37000
117114,chr6,128865500,128948500,83000
117121,chr6,129010500,129231500,221000
117122,chr6,129025500,129216500,191000
117123,chr6,129158500,129211500,53000
117125,chr6,129369500,129453500,84000
117128,chr6,125584500,126450500,866000
117139,chr6,125704500,126144500,440000
117144,chr6,125720500,126144500,424000
117148,chr6,125845500,126349500,504000
117155,chr6,126022500,126144500,122000
117158,chr6,126130500,126349500,219000
117162,chr6,126145500,126348500,203000
117164,chr6,126477500,126656500,179000
117165,chr6,126477500,126559500,82000
117166,chr6,126541500,126656500,115000
117167,chr6,126620500,126680500,60000
117168,chr6,126621500,126716500,95000
117169,chr6,126769500,126915500,146000
117170,chr6,126783500,126854500,71000
117171,chr6,126783500,126897500,114000
117172,chr6,126783500,127011500,228000
117173,chr6,126783500,127059500,276000
117174,chr6,126783500,127099500,316000
117175,chr6,126790500,126825500,35000
117178,chr6,126917500,127082500,165000
117181,chr6,126931500,127099500,168000
117183,chr6,127085500,127129500,44000
117184,chr6,127124500,127356500,232000
117185,chr6,127130500,127228500,98000
117187,chr6,127301500,127423500,122000
117188,chr6,127302500,127336500,34000
117189,chr6,127337500,127423500,86000
117190,chr6,127479500,127602500,123000
117191,chr6,127480500,127897500,417000
117192,chr6,127480500,127942500,462000
117196,chr6,127518500,127898500,380000
117197,chr6,127519500,127559500,40000
117198,chr6,127519500,127602500,83000
117200,chr6,127538500,127858500,320000
117201,chr6,127538500,127897500,359000
117202,chr6,127538500,127922500,384000
117203,chr6,127594500,127897500,303000
117205,chr6,127647500,127922500,275000
117207,chr6,127862500,127922500,60000
117212,chr6,133881500,134366500,485000
117215,chr6,133937500,134430500,493000
117218,chr6,133940500,134012500,72000
117219,chr6,133963500,134222500,259000
117221,chr6,133964500,134012500,48000
117222,chr6,134402500,134616500,214000
117223,chr6,134403500,134804500,401000
117226,chr6,134597500,134839500,242000
117227,chr6,134618500,134770500,152000
117228,chr6,134619500,134805500,186000
117229,chr6,134619500,134924500,305000
117230,chr6,134636500,134924500,288000
117231,chr6,134636500,134723500,87000
117232,chr6,134636500,134771500,135000
117233,chr6,134770500,134805500,35000
117237,chr6,134824500,134924500,100000
117239,chr6,134934500,135121500,187000
117242,chr6,134989500,135059500,70000
117245,chr6,135065500,135227500,162000
117246,chr6,135065500,135354500,289000
117247,chr6,135126500,135354500,228000
117248,chr6,135160500,135377500,217000
117249,chr6,135178500,135353500,175000
117250,chr6,135226500,135376500,150000
117251,chr6,135241500,135354500,113000
117255,chr6,135420500,135882500,462000
117256,chr6,135420500,135851500,431000
117257,chr6,135502500,135623500,121000
117258,chr6,135502500,135668500,166000
117259,chr6,135503500,135806500,303000
117273,chr6,135883500,136094500,211000
117275,chr6,136094500,136330500,236000
117276,chr6,136151500,136330500,179000
117278,chr6,136364500,136536500,172000
117279,chr6,136398500,136669500,271000
117281,chr6,136398500,136698500,300000
117282,chr6,136399500,136719500,320000
117284,chr6,136446500,136497500,51000
117287,chr6,136463500,136499500,36000
117288,chr6,136467500,136509500,42000
117290,chr6,136468500,136530500,62000
117294,chr6,136539500,136580500,41000
117300,chr6,136622500,136667500,45000
117301,chr6,136621500,136698500,77000
117302,chr6,136621500,136719500,98000
117305,chr6,136973500,137168500,195000
117307,chr6,137031500,137237500,206000
117308,chr6,137030500,137146500,116000
117309,chr6,137031500,137373500,342000
117310,chr6,137076500,137146500,70000
117311,chr6,137121500,137168500,47000
117314,chr6,137183500,137373500,190000
117318,chr6,137391500,137724500,333000
117321,chr6,137481500,137518500,37000
117322,chr6,137646500,137685500,39000
117325,chr6,137774500,137817500,43000
117328,chr6,140203500,140366500,163000
117329,chr6,140204500,140415500,211000
117330,chr6,140204500,140462500,258000
117332,chr6,140419500,140462500,43000
117334,chr6,140524500,140577500,53000
117335,chr6,140524500,140577500,53000
117336,chr6,140547500,140655500,108000
117338,chr6,140569500,140626500,57000
117342,chr6,140609500,140655500,46000
117344,chr6,140661500,140799500,138000
117349,chr6,140712500,140799500,87000
117354,chr6,140870500,141376500,506000
117362,chr6,142291500,142461500,170000
117363,chr6,142292500,142332500,40000
117364,chr6,142333500,142698500,365000
117366,chr6,142360500,142463500,103000
117367,chr6,142374500,142465500,91000
117369,chr6,142455500,142699500,244000
117370,chr6,142471500,142604500,133000
117371,chr6,142471500,142652500,181000
117372,chr6,142471500,142760500,289000
117374,chr6,142516500,142699500,183000
117375,chr6,142652500,142730500,78000
117376,chr6,142725500,142760500,35000
117377,chr6,142725500,143049500,324000
117378,chr6,142760500,142910500,150000
117379,chr6,142891500,143049500,158000
117381,chr6,142968500,143047500,79000
117382,chr6,142981500,143049500,68000
117387,chr6,143166500,143272500,106000
117388,chr6,143165500,143319500,154000
117398,chr6,144220500,144400500,180000
117399,chr6,144285500,144375500,90000
117400,chr6,144493500,144760500,267000
117401,chr6,144590500,144761500,171000
117402,chr6,144589500,144854500,265000
117413,chr6,145221500,145285500,64000
117415,chr6,145305500,145363500,58000
117416,chr6,145363500,145601500,238000
117417,chr6,145363500,145738500,375000
117419,chr6,145603500,145770500,167000
117420,chr6,145624500,145737500,113000
117421,chr6,145812500,145880500,68000
117423,chr6,145741500,146200500,459000
117424,chr6,145775500,146159500,384000
117425,chr6,145776500,146200500,424000
117426,chr6,145981500,146158500,177000
117427,chr6,145981500,146200500,219000
117428,chr6,146311500,146481500,170000
117432,chr6,146455500,146504500,49000
117436,chr6,146735500,146879500,144000
117437,chr6,146766500,146880500,114000
117438,chr6,146789500,146992500,203000
117439,chr6,146910500,147017500,107000
117440,chr6,146910500,146989500,79000
117445,chr6,148114500,148257500,143000
117448,chr6,148116500,148273500,157000
117450,chr6,148257500,148345500,88000
117453,chr6,148344500,148732500,388000
117454,chr6,148345500,148797500,452000
117455,chr6,148669500,148814500,145000
117456,chr6,148732500,148797500,65000
117460,chr6,148846500,149003500,157000
117462,chr6,149029500,149292500,263000
117465,chr6,149032500,149387500,355000
117466,chr6,149034500,149243500,209000
117467,chr6,149033500,149292500,259000
117468,chr6,149033500,149340500,307000
117475,chr7,3217500,3262500,45000
117479,chr7,3253500,3396500,143000
117480,chr7,3255500,3417500,162000
117482,chr7,3270500,3350500,80000
117483,chr7,3272500,3425500,153000
117484,chr7,3272500,3496500,224000
117485,chr7,3378500,3425500,47000
117491,chr7,3606500,4107500,501000
117492,chr7,3609500,4527500,918000
117493,chr7,3619500,4449500,830000
117495,chr7,3696500,4480500,784000
117499,chr7,4105500,4429500,324000
117500,chr7,4106500,4148500,42000
117504,chr7,4137500,4448500,311000
117505,chr7,4149500,4476500,327000
117506,chr7,4151500,4429500,278000
117507,chr7,4152500,4527500,375000
117519,chr7,4434500,4474500,40000
117520,chr7,4483500,4526500,43000
117524,chr7,4691500,4742500,51000
117525,chr7,4688500,4795500,107000
117527,chr7,4743500,4796500,53000
117531,chr7,4868500,4904500,36000
117532,chr7,4868500,4943500,75000
117535,chr7,4998500,5055500,57000
117543,chr7,6132500,6176500,44000
117544,chr7,6176500,6262500,86000
117545,chr7,6199500,6231500,32000
117546,chr7,6199500,6265500,66000
117547,chr7,6199500,6285500,86000
117549,chr7,6244500,6285500,41000
117552,chr7,6286500,6433500,147000
117553,chr7,6287500,6346500,59000
117554,chr7,6288500,6366500,78000
117557,chr7,6437500,6922500,485000
117558,chr7,6438500,6690500,252000
117564,chr7,6663500,6729500,66000
117565,chr7,6663500,6921500,258000
117566,chr7,6663500,6960500,297000
117584,chr7,12156500,12211500,55000
117585,chr7,12212500,12513500,301000
117588,chr7,12660500,12763500,103000
117596,chr7,15663500,15888500,225000
117597,chr7,15664500,15701500,37000
117598,chr7,15680500,15832500,152000
117599,chr7,15683500,15783500,100000
117601,chr7,15685500,15797500,112000
117602,chr7,15704500,15887500,183000
117603,chr7,15707500,15784500,77000
117604,chr7,15708500,15887500,179000
117606,chr7,15830500,15888500,58000
117609,chr7,16028500,16107500,79000
117610,chr7,16028500,16225500,197000
117611,chr7,16028500,16060500,32000
117612,chr7,16028500,16160500,132000
117615,chr7,16044500,16134500,90000
117619,chr7,16109500,16159500,50000
117621,chr7,16130500,16225500,95000
117622,chr7,16130500,16197500,67000
117624,chr7,16199500,16430500,231000
117626,chr7,16199500,16364500,165000
117628,chr7,16226500,16352500,126000
117629,chr7,16349500,16515500,166000
117630,chr7,16364500,16429500,65000
117631,chr7,16363500,16445500,82000
117632,chr7,16363500,16592500,229000
117633,chr7,16363500,16647500,284000
117636,chr7,16480500,16593500,113000
117639,chr7,16546500,16625500,79000
117643,chr7,16594500,16647500,53000
117644,chr7,16594500,16626500,32000
117646,chr7,16619500,16657500,38000
117651,chr7,16666500,16784500,118000
117652,chr7,16685500,16799500,114000
117653,chr7,16685500,16734500,49000
117654,chr7,16737500,16799500,62000
117668,chr7,24102500,24171500,69000
117670,chr7,24173500,24298500,125000
117671,chr7,24301500,24341500,40000
117672,chr7,24478500,24664500,186000
117673,chr7,24517500,24604500,87000
117675,chr7,24545500,24604500,59000
117676,chr7,24585500,24776500,191000
117680,chr7,24763500,25088500,325000
117681,chr7,24776500,24981500,205000
117682,chr7,24777500,25016500,239000
117685,chr7,24785500,25101500,316000
117686,chr7,24805500,25078500,273000
117687,chr7,24805500,24977500,172000
117688,chr7,24832500,25033500,201000
117689,chr7,24831500,25108500,277000
117690,chr7,24832500,24886500,54000
117692,chr7,24832500,24936500,104000
117694,chr7,24919500,24979500,60000
117695,chr7,24920500,25016500,96000
117697,chr7,24938500,25015500,77000
117698,chr7,24942500,25033500,91000
117700,chr7,24981500,25015500,34000
117701,chr7,25001500,25096500,95000
117707,chr7,25325500,25371500,46000
117712,chr7,25569500,25602500,33000
117731,chr7,18739500,18827500,88000
117734,chr7,18804500,18850500,46000
117737,chr7,18869500,19031500,162000
117738,chr7,18870500,18906500,36000
117740,chr7,18912500,19033500,121000
117741,chr7,18912500,19096500,184000
117743,chr7,18931500,19012500,81000
117744,chr7,18931500,19032500,101000
117745,chr7,18973500,19011500,38000
117746,chr7,19018500,19076500,58000
117747,chr7,19034500,19077500,43000
117748,chr7,19035500,19098500,63000
117749,chr7,19123500,19317500,194000
117750,chr7,19138500,19400500,262000
117751,chr7,19138500,19484500,346000
117752,chr7,19140500,19236500,96000
117753,chr7,19139500,19252500,113000
117754,chr7,19139500,19298500,159000
117755,chr7,19139500,19352500,213000
117756,chr7,19140500,19445500,305000
117757,chr7,19140500,19277500,137000
117758,chr7,19177500,19323500,146000
117759,chr7,19178500,19352500,174000
117760,chr7,19191500,19480500,289000
117761,chr7,19238500,19322500,84000
117762,chr7,19238500,19353500,115000
117767,chr7,19400500,19483500,83000
117768,chr7,19401500,19446500,45000
117771,chr7,19402500,19435500,33000
117772,chr7,19420500,19559500,139000
117776,chr7,19481500,19551500,70000
117778,chr7,19486500,19606500,120000
117781,chr7,19534500,19623500,89000
117782,chr7,19536500,19704500,168000
117783,chr7,19610500,19690500,80000
117784,chr7,19610500,19703500,93000
117798,chr7,30035500,30191500,156000
117799,chr7,30047500,30172500,125000
117800,chr7,30072500,30132500,60000
117801,chr7,30072500,30172500,100000
117803,chr7,30190500,30250500,60000
117806,chr7,30380500,30500500,120000
117807,chr7,30507500,30777500,270000
117808,chr7,30509500,30655500,146000
117809,chr7,30509500,30603500,94000
117810,chr7,30696500,30777500,81000
117811,chr7,30757500,30874500,117000
117812,chr7,30758500,30796500,38000
117822,chr7,26366500,26406500,40000
117825,chr7,26478500,26851500,373000
117827,chr7,26832500,26885500,53000
117828,chr7,26863500,26928500,65000
117833,chr7,26948500,26985500,37000
117834,chr7,26972500,27104500,132000
117835,chr7,26989500,27028500,39000
117836,chr7,26989500,27084500,95000
117837,chr7,26989500,27102500,113000
117838,chr7,26990500,27139500,149000
117839,chr7,27004500,27083500,79000
117842,chr7,27035500,27083500,48000
117843,chr7,27056500,27097500,41000
117844,chr7,27137500,27384500,247000
117845,chr7,27137500,27225500,88000
117848,chr7,27276500,27344500,68000
117849,chr7,27277500,27383500,106000
117850,chr7,27290500,27346500,56000
117853,chr7,27351500,27500500,149000
117856,chr7,27351500,27385500,34000
117863,chr7,27433500,27501500,68000
117864,chr7,27459500,27495500,36000
117865,chr7,27505500,27537500,32000
117866,chr7,27506500,27674500,168000
117867,chr7,27611500,27663500,52000
117870,chr7,27750500,27851500,101000
117871,chr7,27750500,27868500,118000
117872,chr7,27751500,27913500,162000
117873,chr7,27750500,27966500,216000
117875,chr7,27910500,27966500,56000
117877,chr7,27973500,28086500,113000
117878,chr7,27974500,28044500,70000
117881,chr7,28053500,28085500,32000
117885,chr7,28092500,28300500,208000
117886,chr7,28116500,28300500,184000
117887,chr7,28147500,28189500,42000
117889,chr7,28190500,28300500,110000
117891,chr7,28228500,28300500,72000
117892,chr7,28268500,28300500,32000
117893,chr7,28303500,28350500,47000
117895,chr7,28441500,28567500,126000
117896,chr7,28441500,28740500,299000
117897,chr7,28479500,28567500,88000
117898,chr7,28495500,28566500,71000
117899,chr7,28495500,28739500,244000
117902,chr7,28567500,28738500,171000
117904,chr7,28672500,28738500,66000
117906,chr7,28827500,28944500,117000
117908,chr7,28880500,28935500,55000
117912,chr7,28946500,28995500,49000
117913,chr7,28947500,29221500,274000
117917,chr7,29000500,29063500,63000
117918,chr7,29018500,29221500,203000
117919,chr7,29224500,29296500,72000
117920,chr7,29466500,29555500,89000
117921,chr7,29467500,29517500,50000
117922,chr7,29518500,29552500,34000
117923,chr7,29560500,29791500,231000
117924,chr7,29561500,29600500,39000
117925,chr7,29607500,29682500,75000
117927,chr7,29607500,29791500,184000
117930,chr7,29654500,29731500,77000
117931,chr7,29654500,29791500,137000
117932,chr7,29854500,29916500,62000
117935,chr7,33932500,34088500,156000
117936,chr7,33933500,34012500,79000
117937,chr7,33951500,34035500,84000
117939,chr7,34106500,34315500,209000
117941,chr7,34107500,34288500,181000
117942,chr7,34135500,34239500,104000
117943,chr7,34136500,34206500,70000
117944,chr7,34184500,34371500,187000
117945,chr7,34207500,34371500,164000
117946,chr7,34242500,34370500,128000
117947,chr7,34270500,34370500,100000
117948,chr7,34293500,34370500,77000
117949,chr7,34316500,34355500,39000
117958,chr7,34511500,34933500,422000
117959,chr7,34525500,34930500,405000
117960,chr7,34525500,34965500,440000
117961,chr7,34526500,34619500,93000
117962,chr7,34526500,34725500,199000
117963,chr7,34548500,34871500,323000
117964,chr7,34548500,34700500,152000
117966,chr7,34549500,34619500,70000
117967,chr7,34704500,34872500,168000
117968,chr7,34725500,34930500,205000
117969,chr7,34756500,34818500,62000
117970,chr7,34755500,34932500,177000
117971,chr7,34756500,34965500,209000
117972,chr7,34818500,34932500,114000
117973,chr7,34819500,34870500,51000
117974,chr7,34884500,34930500,46000
117975,chr7,34968500,35090500,122000
117980,chr7,34996500,35089500,93000
117981,chr7,34998500,35067500,69000
117983,chr7,35020500,35083500,63000
117989,chr7,35285500,35346500,61000
117992,chr7,35357500,35440500,83000
117993,chr7,35358500,35397500,39000
117994,chr7,35358500,35455500,97000
117995,chr7,35382500,35455500,73000
117996,chr7,35381500,35558500,177000
117997,chr7,35422500,35558500,136000
117998,chr7,35454500,35502500,48000
117999,chr7,35489500,35558500,69000
118000,chr7,35579500,35872500,293000
118001,chr7,35601500,35658500,57000
118002,chr7,35602500,35734500,132000
118004,chr7,35771500,35872500,101000
118005,chr7,40414500,40548500,134000
118006,chr7,41148500,41209500,61000
118007,chr7,41149500,41249500,100000
118008,chr7,41149500,41282500,133000
118009,chr7,41210500,41282500,72000
118010,chr7,41249500,41282500,33000
118021,chr7,36285500,36409500,124000
118022,chr7,36319500,36618500,299000
118023,chr7,36320500,36704500,384000
118024,chr7,36320500,37045500,725000
118025,chr7,36320500,37056500,736000
118027,chr7,36344500,36376500,32000
118031,chr7,36396500,36450500,54000
118032,chr7,36968500,37023500,55000
118033,chr7,37070500,37493500,423000
118034,chr7,37122500,37181500,59000
118035,chr7,37268500,37471500,203000
118036,chr7,37324500,37470500,146000
118037,chr7,37699500,37742500,43000
118039,chr7,37807500,37927500,120000
118042,chr7,42154500,42241500,87000
118048,chr7,42775500,42853500,78000
118051,chr7,42931500,43117500,186000
118052,chr7,42933500,42982500,49000
118053,chr7,42933500,43144500,211000
118054,chr7,43071500,43116500,45000
118057,chr7,43233500,43319500,86000
118059,chr7,43330500,43523500,193000
118060,chr7,43523500,43569500,46000
118061,chr7,43523500,43909500,386000
118064,chr7,43578500,43907500,329000
118067,chr7,43661500,43865500,204000
118069,chr7,43707500,43769500,62000
118070,chr7,43709500,43846500,137000
118071,chr7,43927500,43967500,40000
118074,chr7,48439500,48529500,90000
118076,chr7,48526500,48771500,245000
118078,chr7,48543500,48588500,45000
118083,chr7,48897500,49100500,203000
118084,chr7,48923500,49076500,153000
118085,chr7,48960500,49075500,115000
118086,chr7,48992500,49076500,84000
118087,chr7,48997500,49099500,102000
118088,chr7,49119500,49402500,283000
118089,chr7,49121500,49250500,129000
118090,chr7,49144500,49403500,259000
118091,chr7,49266500,49427500,161000
118092,chr7,49266500,49572500,306000
118095,chr7,49285500,49338500,53000
118096,chr7,49286500,49561500,275000
118098,chr7,49288500,49327500,39000
118100,chr7,49403500,49572500,169000
118106,chr7,49603500,49675500,72000
118108,chr7,45746500,46044500,298000
118109,chr7,45929500,46256500,327000
118110,chr7,46028500,46256500,228000
118111,chr7,46043500,46184500,141000
118112,chr7,46363500,46444500,81000
118113,chr7,46446500,46495500,49000
118115,chr7,46613500,46730500,117000
118126,chr7,43914500,44110500,196000
118127,chr7,43926500,44000500,74000
118131,chr7,43958500,44004500,46000
118132,chr7,43958500,44079500,121000
118133,chr7,44009500,44199500,190000
118134,chr7,44011500,44134500,123000
118135,chr7,44049500,44133500,84000
118137,chr7,44151500,44210500,59000
118138,chr7,44151500,44298500,147000
118139,chr7,44171500,44210500,39000
118140,chr7,44171500,44266500,95000
118143,chr7,44211500,44299500,88000
118144,chr7,44226500,44267500,41000
118148,chr7,44355500,44622500,267000
118149,chr7,44357500,44466500,109000
118150,chr7,44356500,44545500,189000
118152,chr7,44373500,44474500,101000
118153,chr7,44374500,44607500,233000
118154,chr7,44374500,44509500,135000
118155,chr7,44397500,44498500,101000
118157,chr7,44499500,44635500,136000
118159,chr7,44521500,44604500,83000
118166,chr7,44728500,44822500,94000
118169,chr7,44812500,44847500,35000
118170,chr7,44897500,44947500,50000
118171,chr7,44926500,45096500,170000
118182,chr7,45100500,45241500,141000
118183,chr7,45100500,45318500,218000
118184,chr7,45102500,45331500,229000
118187,chr7,45119500,45278500,159000
118188,chr7,45119500,45318500,199000
118189,chr7,45121500,45332500,211000
118190,chr7,45124500,45240500,116000
118191,chr7,45126500,45211500,85000
118193,chr7,45166500,45240500,74000
118194,chr7,45166500,45210500,44000
118195,chr7,45186500,45239500,53000
118196,chr7,45205500,45239500,34000
118198,chr7,45367500,45480500,113000
118201,chr7,45388500,45548500,160000
118203,chr7,45521500,45659500,138000
118205,chr7,45747500,45853500,106000
118206,chr7,45746500,45876500,130000
118207,chr7,45746500,45928500,182000
118211,chr7,57241500,57291500,50000
118213,chr7,57617500,57681500,64000
118226,chr7,61876500,62049500,173000
118232,chr7,62573500,62995500,422000
118233,chr7,62973500,63387500,414000
118234,chr7,62996500,63322500,326000
118236,chr7,63095500,63320500,225000
118238,chr7,63403500,63807500,404000
118240,chr7,63405500,63561500,156000
118241,chr7,63406500,63587500,181000
118242,chr7,63506500,63586500,80000
118243,chr7,63541500,63586500,45000
118244,chr7,63562500,63607500,45000
118247,chr7,63665500,63880500,215000
118248,chr7,63710500,63976500,266000
118252,chr7,63814500,64009500,195000
118253,chr7,63938500,64042500,104000
118254,chr7,63976500,64391500,415000
118255,chr7,64023500,64390500,367000
118256,chr7,64041500,64390500,349000
118257,chr7,64074500,64379500,305000
118259,chr7,64490500,64522500,32000
118261,chr7,64616500,64722500,106000
118265,chr7,64968500,65170500,202000
118270,chr7,65021500,65102500,81000
118273,chr7,65295500,65342500,47000
118277,chr7,65355500,65676500,321000
118280,chr7,65385500,65705500,320000
118281,chr7,65471500,65705500,234000
118282,chr7,65752500,65992500,240000
118284,chr7,65929500,65984500,55000
118285,chr7,65960500,65992500,32000
118289,chr7,71029500,71061500,32000
118290,chr7,71890500,72012500,122000
118291,chr7,72050500,73049500,999000
118292,chr7,72788500,73070500,282000
118293,chr7,72789500,73025500,236000
118296,chr7,73073500,73297500,224000
118302,chr7,73173500,73276500,103000
118303,chr7,73173500,73297500,124000
118306,chr7,73207500,73267500,60000
118308,chr7,73306500,73399500,93000
118310,chr7,73305500,73535500,230000
118322,chr7,66039500,66311500,272000
118323,chr7,66084500,66310500,226000
118327,chr7,66339500,66489500,150000
118329,chr7,66469500,66849500,380000
118330,chr7,66469500,67281500,812000
118331,chr7,66491500,67280500,789000
118332,chr7,66492500,66849500,357000
118333,chr7,66851500,67281500,430000
118334,chr7,66867500,67280500,413000
118336,chr7,66893500,67280500,387000
118337,chr7,67023500,67294500,271000
118338,chr7,67296500,67408500,112000
118339,chr7,67321500,67611500,290000
118341,chr7,67439500,67704500,265000
118342,chr7,67438500,67778500,340000
118343,chr7,67453500,67952500,499000
118345,chr7,67498500,67601500,103000
118346,chr7,67602500,67925500,323000
118347,chr7,67780500,67951500,171000
118349,chr7,75562500,76003500,441000
118351,chr7,75577500,76043500,466000
118354,chr7,74019500,74205500,186000
118357,chr7,75020500,75204500,184000
118358,chr7,75390500,75559500,169000
118363,chr7,75411500,75512500,101000
118369,chr7,78247500,78416500,169000
118370,chr7,78246500,78540500,294000
118371,chr7,78417500,78540500,123000
118372,chr7,78561500,78923500,362000
118373,chr7,78574500,79017500,443000
118374,chr7,78573500,78906500,333000
118375,chr7,78574500,78708500,134000
118380,chr7,79021500,79142500,121000
118381,chr7,79022500,79074500,52000
118382,chr7,79042500,79115500,73000
118386,chr7,79059500,79337500,278000
118391,chr7,79145500,79213500,68000
118393,chr7,79198500,79244500,46000
118394,chr7,79227500,79377500,150000
118395,chr7,79262500,79298500,36000
118401,chr7,79430500,79564500,134000
118402,chr7,79662500,79801500,139000
118403,chr7,79663500,79780500,117000
118407,chr7,79789500,79971500,182000
118408,chr7,79806500,79906500,100000
118409,chr7,79791500,80073500,282000
118414,chr7,80037500,80368500,331000
118416,chr7,80036500,80074500,38000
118417,chr7,80036500,80390500,354000
118420,chr7,80352500,80500500,148000
118421,chr7,80379500,80499500,120000
118423,chr7,80397500,80429500,32000
118424,chr7,80429500,80494500,65000
118425,chr7,80450500,80497500,47000
118428,chr7,80535500,80987500,452000
118429,chr7,80536500,80739500,203000
118435,chr7,80587500,80623500,36000
118438,chr7,80740500,80804500,64000
118444,chr7,80993500,81173500,180000
118445,chr7,80993500,81221500,228000
118446,chr7,80994500,81104500,110000
118448,chr7,81104500,81220500,116000
118449,chr7,81104500,81172500,68000
118451,chr7,81129500,81173500,44000
118452,chr7,81129500,81220500,91000
118458,chr7,81517500,81769500,252000
118459,chr7,81584500,81642500,58000
118463,chr7,81642500,81984500,342000
118466,chr7,81825500,81883500,58000
118467,chr7,81825500,81883500,58000
118468,chr7,81825500,81910500,85000
118470,chr7,88734500,88776500,42000
118472,chr7,88776500,89068500,292000
118473,chr7,88818500,89042500,224000
118474,chr7,88818500,89123500,305000
118475,chr7,88961500,89066500,105000
118476,chr7,89127500,89491500,364000
118477,chr7,89127500,89541500,414000
118478,chr7,89127500,89556500,429000
118481,chr7,89149500,89541500,392000
118482,chr7,89149500,89557500,408000
118483,chr7,89167500,89491500,324000
118484,chr7,89493500,89914500,421000
118485,chr7,89555500,89914500,359000
118486,chr7,89589500,89913500,324000
118488,chr7,89590500,89780500,190000
118491,chr7,89623500,89914500,291000
118493,chr7,89629500,89780500,151000
118494,chr7,89878500,89915500,37000
118499,chr7,84005500,84096500,91000
118500,chr7,84243500,84427500,184000
118501,chr7,82153500,82258500,105000
118505,chr7,82347500,82529500,182000
118506,chr7,82364500,82562500,198000
118507,chr7,82365500,82680500,315000
118509,chr7,82460500,82515500,55000
118511,chr7,82517500,82603500,86000
118518,chr7,83318500,83536500,218000
118519,chr7,83319500,83422500,103000
118522,chr7,83416500,83536500,120000
118523,chr7,83552500,83898500,346000
118524,chr7,83563500,83991500,428000
118525,chr7,83736500,83800500,64000
118526,chr7,83737500,83992500,255000
118527,chr7,83801500,83897500,96000
118528,chr7,95801500,95860500,59000
118538,chr7,92545500,92586500,41000
118544,chr7,91107500,91231500,124000
118545,chr7,91106500,91250500,144000
118546,chr7,95800500,96203500,403000
118549,chr7,96730500,96946500,216000
118550,chr7,96730500,96977500,247000
118552,chr7,97049500,97346500,297000
118553,chr7,97073500,97327500,254000
118554,chr7,97076500,97228500,152000
118555,chr7,97075500,97389500,314000
118556,chr7,97131500,97228500,97000
118557,chr7,97130500,97347500,217000
118558,chr7,97225500,97328500,103000
118559,chr7,97229500,97296500,67000
118560,chr7,97229500,97345500,116000
118561,chr7,97368500,97626500,258000
118562,chr7,97394500,97734500,340000
118563,chr7,97396500,97700500,304000
118565,chr7,97397500,97537500,140000
118567,chr7,97405500,97451500,46000
118569,chr7,97702500,97769500,67000
118570,chr7,97720500,97992500,272000
118571,chr7,97753500,97841500,88000
118572,chr7,97774500,97840500,66000
118573,chr7,97774500,97991500,217000
118574,chr7,97803500,97991500,188000
118575,chr7,97805500,97840500,35000
118576,chr7,97843500,97992500,149000
118577,chr7,97939500,97990500,51000
118578,chr7,103848500,104018500,170000
118586,chr7,104820500,105176500,356000
118587,chr7,105203500,105284500,81000
118588,chr7,105229500,105282500,53000
118590,chr7,105375500,105467500,92000
118592,chr7,97939500,98080500,141000
118593,chr7,97998500,98096500,98000
118596,chr7,98130500,98486500,356000
118598,chr7,98130500,98238500,108000
118599,chr7,98130500,98385500,255000
118600,chr7,98131500,98744500,613000
118601,chr7,98306500,98464500,158000
118602,chr7,98305500,98487500,182000
118604,chr7,98306500,98351500,45000
118605,chr7,98345500,98728500,383000
118606,chr7,98351500,98486500,135000
118607,chr7,98352500,98464500,112000
118608,chr7,98392500,98744500,352000
118609,chr7,98392500,98537500,145000
118617,chr7,98611500,98729500,118000
118618,chr7,98756500,99100500,344000
118619,chr7,98757500,98800500,43000
118621,chr7,98832500,99117500,285000
118623,chr7,98982500,99014500,32000
118624,chr7,99002500,99118500,116000
118625,chr7,99028500,99117500,89000
118631,chr7,99268500,99360500,92000
118632,chr7,99309500,99359500,50000
118636,chr7,99507500,99629500,122000
118638,chr7,99576500,99630500,54000
118639,chr7,99637500,99757500,120000
118640,chr7,99638500,99678500,40000
118641,chr7,99638500,99837500,199000
118642,chr7,99771500,99808500,37000
118643,chr7,99771500,99876500,105000
118645,chr7,99809500,99876500,67000
118646,chr7,99840500,99883500,43000
118647,chr7,101775500,102102500,327000
118650,chr7,101833500,102099500,266000
118652,chr7,101859500,102091500,232000
118653,chr7,101916500,102091500,175000
118657,chr7,102161500,102286500,125000
118664,chr7,99876500,100021500,145000
118665,chr7,99928500,100041500,113000
118666,chr7,99929500,100077500,148000
118669,chr7,100021500,100145500,124000
118671,chr7,100078500,100170500,92000
118672,chr7,100169500,100286500,117000
118673,chr7,100169500,100515500,346000
118674,chr7,100170500,100333500,163000
118675,chr7,100186500,100256500,70000
118677,chr7,100257500,100355500,98000
118678,chr7,100294500,100334500,40000
118679,chr7,100294500,100515500,221000
118680,chr7,100336500,100378500,42000
118681,chr7,100337500,100422500,85000
118682,chr7,100335500,100468500,133000
118683,chr7,100335500,100515500,180000
118684,chr7,100337500,100535500,198000
118685,chr7,100422500,100515500,93000
118687,chr7,100498500,100534500,36000
118689,chr7,100581500,100757500,176000
118690,chr7,100580500,100948500,368000
118691,chr7,100592500,100700500,108000
118692,chr7,100607500,100937500,330000
118693,chr7,100637500,100935500,298000
118694,chr7,100636500,100884500,248000
118697,chr7,100710500,101098500,388000
118698,chr7,100711500,100902500,191000
118700,chr7,100960500,101022500,62000
118701,chr7,100960500,101062500,102000
118702,chr7,101063500,101151500,88000
118703,chr7,101062500,101189500,127000
118704,chr7,101062500,101269500,207000
118705,chr7,101062500,101300500,238000
118706,chr7,101077500,101189500,112000
118707,chr7,101099500,101188500,89000
118708,chr7,101099500,101269500,170000
118711,chr7,101315500,101499500,184000
118712,chr7,101314500,101469500,155000
118713,chr7,101315500,101512500,197000
118714,chr7,101329500,101468500,139000
118718,chr7,101546500,101582500,36000
118726,chr7,106810500,106938500,128000
118728,chr7,106809500,107193500,384000
118729,chr7,106814500,107172500,358000
118730,chr7,106838500,106938500,100000
118731,chr7,106837500,107153500,316000
118733,chr7,106938500,107153500,215000
118735,chr7,107260500,107308500,48000
118739,chr7,108200500,108274500,74000
118740,chr7,108214500,108275500,61000
118743,chr7,108566500,108621500,55000
118747,chr7,108739500,109044500,305000
118748,chr7,108739500,108855500,116000
118749,chr7,108771500,109038500,267000
118752,chr7,109127500,109299500,172000
118753,chr7,109127500,109318500,191000
118754,chr7,109212500,109299500,87000
118755,chr7,109321500,109492500,171000
118756,chr7,109348500,109491500,143000
118757,chr7,109391500,109563500,172000
118759,chr7,109585500,109721500,136000
118770,chr7,109721500,109762500,41000
118771,chr7,109764500,109886500,122000
118784,chr7,109886500,110244500,358000
118786,chr7,109983500,110244500,261000
118788,chr7,110033500,110230500,197000
118789,chr7,110148500,110228500,80000
118793,chr7,110629500,110679500,50000
118795,chr7,110682500,110721500,39000
118797,chr7,110781500,110840500,59000
118798,chr7,110782500,111059500,277000
118801,chr7,111381500,111457500,76000
118802,chr7,111473500,111567500,94000
118803,chr7,111684500,111928500,244000
118805,chr7,111783500,111899500,116000
118806,chr7,111783500,111927500,144000
118809,chr7,111976500,112467500,491000
118811,chr7,111999500,112385500,386000
118812,chr7,111998500,112507500,509000
118813,chr7,111999500,112227500,228000
118814,chr7,111999500,112732500,733000
118819,chr7,112069500,112243500,174000
118820,chr7,112069500,112411500,342000
118822,chr7,112244500,112292500,48000
118823,chr7,112278500,112442500,164000
118824,chr7,112279500,112383500,104000
118825,chr7,112518500,112767500,249000
118826,chr7,112519500,112868500,349000
118827,chr7,112520500,112704500,184000
118828,chr7,112519500,112850500,331000
118829,chr7,112520500,112634500,114000
118833,chr7,112743500,112867500,124000
118836,chr7,112746500,112785500,39000
118840,chr7,113035500,113193500,158000
118842,chr7,113358500,113497500,139000
118846,chr7,113372500,113619500,247000
118849,chr7,113666500,113795500,129000
118851,chr7,113835500,113869500,34000
118854,chr7,115959500,116209500,250000
118862,chr7,116849500,116973500,124000
118869,chr7,117310500,117482500,172000
118870,chr7,117482500,117655500,173000
118871,chr7,117717500,117767500,50000
118875,chr7,117769500,117839500,70000
118880,chr7,114180500,114234500,54000
118881,chr7,114235500,114340500,105000
118882,chr7,114235500,114417500,182000
118883,chr7,114291500,114417500,126000
118889,chr7,115731500,115846500,115000
118890,chr7,115732500,115798500,66000
118891,chr7,115759500,115798500,39000
118892,chr7,115760500,115845500,85000
118898,chr7,117904500,118153500,249000
118899,chr7,117904500,118195500,291000
118900,chr7,118047500,118193500,146000
118904,chr7,118194500,118304500,110000
118908,chr7,118312500,118593500,281000
118925,chr7,118786500,119026500,240000
118926,chr7,119118500,119270500,152000
118929,chr7,119273500,119316500,43000
118936,chr7,119449500,119723500,274000
118937,chr7,119461500,119494500,33000
118940,chr7,119698500,119926500,228000
118941,chr7,119724500,119926500,202000
118942,chr7,119724500,119803500,79000
118944,chr7,119758500,119800500,42000
118946,chr7,120232500,120424500,192000
118948,chr7,120269500,120354500,85000
118949,chr7,120270500,120326500,56000
118954,chr7,120518500,120581500,63000
118955,chr7,120517500,120633500,116000
118957,chr7,120581500,120633500,52000
118959,chr7,120676500,120719500,43000
118960,chr7,120729500,121140500,411000
118961,chr7,120759500,121139500,380000
118964,chr7,120858500,121138500,280000
118967,chr7,121306500,121580500,274000
118970,chr7,121332500,121575500,243000
118971,chr7,121332500,121625500,293000
118972,chr7,121334500,121432500,98000
118975,chr7,121618500,121700500,82000
118976,chr7,121620500,121666500,46000
118977,chr7,121667500,121732500,65000
118978,chr7,121667500,121758500,91000
118981,chr7,121700500,121758500,58000
118984,chr7,121798500,121888500,90000
118989,chr7,125043500,125090500,47000
118990,chr7,125347500,125669500,322000
118992,chr7,125347500,125688500,341000
118993,chr7,125366500,125689500,323000
118994,chr7,125382500,125669500,287000
118995,chr7,125861500,125896500,35000
118996,chr7,125860500,125919500,59000
119014,chr7,121844500,122535500,691000
119023,chr7,122094500,122266500,172000
119031,chr7,122805500,122894500,89000
119032,chr7,122805500,122998500,193000
119035,chr7,123123500,123165500,42000
119037,chr7,125924500,126078500,154000
119038,chr7,125993500,126101500,108000
119040,chr7,126036500,126127500,91000
119042,chr7,126082500,126293500,211000
119045,chr7,126102500,126294500,192000
119046,chr7,126137500,126236500,99000
119047,chr7,126137500,126291500,154000
119048,chr7,126165500,126294500,129000
119049,chr7,126243500,126349500,106000
119050,chr7,126325500,126700500,375000
119051,chr7,126353500,126705500,352000
119052,chr7,126358500,126626500,268000
119057,chr7,126460500,126794500,334000
119059,chr7,126461500,126615500,154000
119061,chr7,126626500,126807500,181000
119062,chr7,126783500,126828500,45000
119064,chr7,126853500,127111500,258000
119065,chr7,126860500,126942500,82000
119066,chr7,126908500,127002500,94000
119067,chr7,126961500,127001500,40000
119069,chr7,127077500,127110500,33000
119070,chr7,127077500,127187500,110000
119080,chr7,127259500,127360500,101000
119086,chr7,127371500,127534500,163000
119087,chr7,127375500,127567500,192000
119088,chr7,127376500,127475500,99000
119090,chr7,127399500,127458500,59000
119091,chr7,127533500,127837500,304000
119092,chr7,127534500,127566500,32000
119093,chr7,127566500,127836500,270000
119094,chr7,127592500,127807500,215000
119095,chr7,127606500,127836500,230000
119097,chr7,127622500,127807500,185000
119099,chr7,127906500,127946500,40000
119100,chr7,127974500,128307500,333000
119101,chr7,128010500,128307500,297000
119105,chr7,128062500,128341500,279000
119106,chr7,128063500,128125500,62000
119112,chr7,128381500,128485500,104000
119114,chr7,128487500,128908500,421000
119115,chr7,128837500,128908500,71000
119116,chr7,128837500,129109500,272000
119119,chr7,129252500,129968500,716000
119120,chr7,129255500,129525500,270000
119121,chr7,129256500,129489500,233000
119122,chr7,129282500,129526500,244000
119123,chr7,129282500,129872500,590000
119125,chr7,129675500,129872500,197000
119128,chr7,136090500,136409500,319000
119131,chr7,136848500,136922500,74000
119136,chr7,129993500,130077500,84000
119138,chr7,130121500,130248500,127000
119139,chr7,130134500,130266500,132000
119142,chr7,130205500,130272500,67000
119143,chr7,130249500,130293500,44000
119145,chr7,130275500,130336500,61000
119146,chr7,130275500,130365500,90000
119147,chr7,130373500,130533500,160000
119148,chr7,130373500,130645500,272000
119149,chr7,130374500,130429500,55000
119150,chr7,130429500,130532500,103000
119151,chr7,130467500,130538500,71000
119152,chr7,130467500,130548500,81000
119156,chr7,131011500,131162500,151000
119157,chr7,131012500,131144500,132000
119158,chr7,131070500,131142500,72000
119159,chr7,131106500,131476500,370000
119161,chr7,131142500,131402500,260000
119162,chr7,131141500,131361500,220000
119164,chr7,131142500,131197500,55000
119167,chr7,131361500,131483500,122000
119168,chr7,131847500,131918500,71000
119169,chr7,133456500,134168500,712000
119175,chr7,134978500,135089500,111000
119176,chr7,135005500,135066500,61000
119179,chr7,135455500,135744500,289000
119180,chr7,135612500,135652500,40000
119185,chr7,131828500,132111500,283000
119187,chr7,132155500,132241500,86000
119189,chr7,132178500,132240500,62000
119190,chr7,132198500,132240500,42000
119191,chr7,132200500,132413500,213000
119192,chr7,132200500,132499500,299000
119196,chr7,132258500,132336500,78000
119197,chr7,132258500,132461500,203000
119198,chr7,132258500,132484500,226000
119200,chr7,132337500,132499500,162000
119201,chr7,132413500,132498500,85000
119203,chr7,132415500,132453500,38000
119207,chr7,132656500,132735500,79000
119210,chr7,132741500,133173500,432000
119212,chr7,132786500,133157500,371000
119213,chr7,132787500,133079500,292000
119214,chr7,132787500,133176500,389000
119215,chr7,132787500,133237500,450000
119216,chr7,133108500,133236500,128000
119217,chr7,133178500,133235500,57000
119219,chr7,133240500,133361500,121000
119220,chr7,133240500,133378500,138000
119223,chr7,133244500,133317500,73000
119229,chr7,133408500,133840500,432000
119231,chr7,133426500,133825500,399000
119234,chr7,133458500,133840500,382000
119237,chr7,133826500,133950500,124000
119238,chr7,133865500,133903500,38000
119239,chr7,133864500,133950500,86000
119240,chr7,133865500,133984500,119000
119242,chr7,137080500,138429500,1349000
119246,chr7,138000500,138401500,401000
119247,chr7,138034500,138429500,395000
119248,chr7,138056500,138431500,375000
119250,chr7,138100500,138401500,301000
119251,chr7,138442500,138525500,83000
119252,chr7,138443500,138643500,200000
119253,chr7,138449500,138510500,61000
119258,chr7,138660500,138879500,219000
119259,chr7,138665500,138969500,304000
119261,chr7,138788500,138879500,91000
119262,chr7,138793500,138968500,175000
119263,chr7,138793500,138828500,35000
119264,chr7,138793500,139161500,368000
119265,chr7,138812500,139053500,241000
119266,chr7,138814500,139164500,350000
119268,chr7,138828500,138968500,140000
119270,chr7,138968500,139162500,194000
119271,chr7,139228500,139264500,36000
119272,chr7,139284500,139575500,291000
119273,chr7,139283500,139642500,359000
119275,chr7,139524500,139640500,116000
119277,chr7,139659500,139767500,108000
119279,chr7,141870500,142228500,358000
119280,chr7,141870500,142268500,398000
119281,chr7,141888500,142133500,245000
119282,chr7,141941500,142213500,272000
119283,chr7,141994500,142134500,140000
119284,chr7,142036500,142133500,97000
119285,chr7,142076500,142227500,151000
119287,chr7,142165500,142211500,46000
119290,chr7,142353500,142404500,51000
119291,chr7,142353500,142640500,287000
119293,chr7,142449500,142557500,108000
119295,chr7,142463500,142640500,177000
119299,chr7,142562500,142640500,78000
119300,chr7,142564500,142606500,42000
119302,chr7,142566500,143016500,450000
119303,chr7,142598500,142639500,41000
119304,chr7,142607500,143014500,407000
119305,chr7,142607500,143057500,450000
119307,chr7,142624500,143016500,392000
119308,chr7,142648500,142705500,57000
119309,chr7,142648500,143020500,372000
119310,chr7,142648500,143060500,412000
119312,chr7,142669500,142705500,36000
119313,chr7,142670500,143019500,349000
119315,chr7,142677500,143057500,380000
119317,chr7,142792500,143017500,225000
119325,chr7,143102500,143153500,51000
119327,chr7,143138500,143249500,111000
119328,chr7,143137500,143303500,166000
119330,chr7,143260500,143302500,42000
119331,chr7,143362500,143461500,99000
119332,chr7,143362500,143626500,264000
119334,chr7,143382500,143531500,149000
119335,chr7,143383500,143626500,243000
119336,chr7,143609500,143980500,371000
119337,chr7,143651500,143734500,83000
119338,chr7,143651500,143979500,328000
119339,chr7,143734500,143980500,246000
119340,chr7,143771500,143916500,145000
119341,chr7,143806500,143979500,173000
119344,chr7,139660500,140408500,748000
119351,chr7,139763500,140409500,646000
119358,chr7,139786500,140346500,560000
119359,chr7,139807500,140371500,564000
119362,chr7,140424500,140650500,226000
119363,chr7,140424500,140942500,518000
119365,chr7,140461500,140774500,313000
119367,chr7,140488500,140650500,162000
119369,chr7,140520500,140628500,108000
119371,chr7,140539500,140606500,67000
119374,chr7,140630500,140755500,125000
119375,chr7,140671500,140755500,84000
119377,chr7,140807500,140942500,135000
119379,chr7,140846500,140943500,97000
119380,chr7,140988500,141253500,265000
119382,chr7,140990500,141037500,47000
119384,chr7,141013500,141046500,33000
119385,chr7,141055500,141142500,87000
119390,chr7,141308500,141723500,415000
119391,chr7,141309500,141591500,282000
119392,chr7,141309500,141652500,343000
119393,chr7,141456500,141503500,47000
119394,chr7,141503500,141649500,146000
119395,chr7,141570500,141651500,81000
119399,chr7,141650500,141838500,188000
119401,chr7,141724500,141803500,79000
119402,chr7,141740500,141802500,62000
119403,chr7,141871500,141990500,119000
119407,chr7,144024500,144135500,111000
119408,chr7,144140500,144250500,110000
119409,chr7,144223500,144330500,107000
119412,chr7,144352500,144405500,53000
119417,chr7,144489500,144652500,163000
119418,chr7,144489500,144878500,389000
119419,chr7,144492500,144728500,236000
119423,chr7,144495500,144585500,90000
119424,chr7,144667500,144796500,129000
119429,chr8,3408500,3489500,81000
119430,chr8,3408500,3540500,132000
119432,chr8,3542500,3723500,181000
119433,chr8,3553500,3607500,54000
119434,chr8,3565500,3723500,158000
119439,chr8,4191500,4374500,183000
119440,chr8,4243500,4308500,65000
119442,chr8,4308500,4374500,66000
119443,chr8,4463500,4565500,102000
119447,chr8,8711500,9042500,331000
119450,chr8,9046500,9225500,179000
119451,chr8,9278500,9985500,707000
119452,chr8,9844500,9985500,141000
119455,chr8,10465500,11061500,596000
119457,chr8,10488500,11223500,735000
119458,chr8,10488500,11237500,749000
119459,chr8,10488500,11265500,777000
119460,chr8,10489500,10622500,133000
119462,chr8,10624500,11223500,599000
119463,chr8,10715500,10974500,259000
119466,chr8,10996500,11056500,60000
119470,chr8,11362500,11527500,165000
119471,chr8,11404500,11443500,39000
119473,chr8,11481500,11665500,184000
119474,chr8,11500500,11536500,36000
119475,chr8,11596500,11666500,70000
119476,chr8,11606500,11778500,172000
119477,chr8,11605500,11808500,203000
119478,chr8,11616500,11750500,134000
119480,chr8,11666500,11750500,84000
119483,chr8,11685500,11778500,93000
119485,chr8,11805500,11993500,188000
119489,chr8,13940500,14143500,203000
119490,chr8,13942500,14103500,161000
119493,chr8,13961500,14103500,142000
119494,chr8,13982500,14182500,200000
119495,chr8,14001500,14102500,101000
119508,chr8,14961500,15078500,117000
119509,chr8,15003500,15155500,152000
119512,chr8,15189500,15266500,77000
119518,chr8,15839500,15893500,54000
119529,chr8,12009500,12241500,232000
119530,chr8,12008500,12679500,671000
119533,chr8,12031500,12657500,626000
119534,chr8,12049500,12469500,420000
119535,chr8,12049500,12657500,608000
119538,chr8,12242500,12614500,372000
119539,chr8,12243500,12656500,413000
119540,chr8,12259500,12613500,354000
119541,chr8,12445500,12530500,85000
119546,chr8,12481500,12550500,69000
119548,chr8,12534500,12595500,61000
119549,chr8,12553500,12595500,42000
119550,chr8,12614500,12727500,113000
119552,chr8,12807500,12922500,115000
119553,chr8,12924500,12963500,39000
119554,chr8,12923500,12978500,55000
119555,chr8,12923500,13155500,232000
119556,chr8,12923500,13251500,328000
119557,chr8,12923500,13338500,415000
119559,chr8,12946500,13182500,236000
119561,chr8,12946500,13155500,209000
119562,chr8,12946500,13263500,317000
119563,chr8,12946500,13303500,357000
119564,chr8,13029500,13303500,274000
119565,chr8,13029500,13343500,314000
119566,chr8,13155500,13209500,54000
119567,chr8,13155500,13251500,96000
119569,chr8,13155500,13337500,182000
119570,chr8,13155500,13389500,234000
119571,chr8,13183500,13264500,81000
119572,chr8,13209500,13388500,179000
119573,chr8,13209500,13337500,128000
119576,chr8,13228500,13263500,35000
119577,chr8,13253500,13338500,85000
119579,chr8,13337500,13388500,51000
119587,chr8,13427500,13821500,394000
119588,chr8,13461500,13939500,478000
119589,chr8,13462500,13512500,50000
119590,chr8,13505500,13598500,93000
119591,chr8,13543500,13727500,184000
119592,chr8,13543500,13807500,264000
119593,chr8,13652500,13802500,150000
119595,chr8,13809500,13939500,130000
119597,chr8,18396500,18615500,219000
119598,chr8,18438500,18614500,176000
119599,chr8,18510500,18614500,104000
119600,chr8,18645500,18949500,304000
119603,chr8,18665500,18986500,321000
119604,chr8,18667500,18950500,283000
119606,chr8,19212500,19344500,132000
119607,chr8,19212500,19381500,169000
119620,chr8,22551500,22613500,62000
119621,chr8,22551500,22655500,104000
119622,chr8,22615500,22655500,40000
119627,chr8,22682500,22913500,231000
119630,chr8,22848500,23064500,216000
119631,chr8,22848500,23112500,264000
119632,chr8,22888500,23083500,195000
119635,chr8,22917500,23082500,165000
119637,chr8,22967500,23083500,116000
119638,chr8,22974500,23053500,79000
119640,chr8,23147500,23599500,452000
119641,chr8,23148500,23417500,269000
119642,chr8,23198500,23464500,266000
119644,chr8,23295500,23464500,169000
119646,chr8,23313500,23654500,341000
119649,chr8,23359500,23418500,59000
119650,chr8,23360500,23597500,237000
119651,chr8,23418500,23598500,180000
119652,chr8,23441500,23598500,157000
119653,chr8,23464500,23640500,176000
119654,chr8,23548500,23641500,93000
119656,chr8,23699500,23746500,47000
119657,chr8,23746500,23901500,155000
119661,chr8,23808500,24020500,212000
119665,chr8,23838500,24064500,226000
119667,chr8,23901500,24052500,151000
119672,chr8,24086500,25035500,949000
119674,chr8,24167500,24730500,563000
119676,chr8,24769500,24863500,94000
119677,chr8,24885500,25035500,150000
119678,chr8,24928500,25015500,87000
119680,chr8,25037500,25452500,415000
119683,chr8,25312500,25453500,141000
119686,chr8,25314500,25641500,327000
119687,chr8,25471500,25706500,235000
119688,chr8,25506500,25691500,185000
119689,chr8,25533500,25610500,77000
119690,chr8,25533500,25705500,172000
119691,chr8,25651500,25705500,54000
119692,chr8,31556500,31635500,79000
119700,chr8,33876500,33933500,57000
119707,chr8,25746500,26090500,344000
119710,chr8,25755500,26209500,454000
119715,chr8,25764500,26027500,263000
119716,chr8,25765500,26009500,244000
119720,chr8,26008500,26090500,82000
119723,chr8,26028500,26065500,37000
119724,chr8,26034500,26089500,55000
119727,chr8,26091500,26209500,118000
119728,chr8,26090500,26243500,153000
119729,chr8,26221500,26658500,437000
119732,chr8,26276500,26333500,57000
119735,chr8,26286500,26320500,34000
119737,chr8,26304500,26659500,355000
119741,chr8,26336500,26552500,216000
119744,chr8,26393500,26658500,265000
119746,chr8,26416500,26483500,67000
119747,chr8,26483500,26658500,175000
119748,chr8,26484500,26608500,124000
119749,chr8,26505500,26609500,104000
119750,chr8,26505500,26647500,142000
119752,chr8,26506500,26554500,48000
119753,chr8,26552500,26610500,58000
119754,chr8,26554500,26647500,93000
119759,chr8,26675500,26835500,160000
119762,chr8,26762500,26933500,171000
119763,chr8,26809500,27476500,667000
119765,chr8,26835500,27141500,306000
119769,chr8,26870500,27141500,271000
119770,chr8,26871500,26933500,62000
119771,chr8,26938500,27134500,196000
119772,chr8,27177500,27429500,252000
119773,chr8,27336500,27469500,133000
119776,chr8,27612500,27677500,65000
119778,chr8,27611500,27769500,158000
119781,chr8,27665500,27751500,86000
119783,chr8,27697500,27768500,71000
119784,chr8,27712500,27768500,56000
119790,chr8,40641500,40833500,192000
119792,chr8,40641500,40871500,230000
119793,chr8,41036500,41346500,310000
119795,chr8,41062500,41346500,284000
119801,chr8,41753500,41891500,138000
119806,chr8,33792500,34052500,260000
119807,chr8,33876500,34006500,130000
119808,chr8,33876500,34089500,213000
119810,chr8,34091500,34129500,38000
119811,chr8,34092500,34145500,53000
119812,chr8,34090500,34188500,98000
119815,chr8,34143500,34221500,78000
119818,chr8,34229500,34565500,336000
119821,chr8,34256500,34533500,277000
119822,chr8,34257500,34386500,129000
119823,chr8,34287500,34385500,98000
119824,chr8,34288500,34532500,244000
119826,chr8,34405500,34453500,48000
119828,chr8,34421500,34568500,147000
119829,chr8,34456500,34533500,77000
119830,chr8,34471500,34568500,97000
119835,chr8,34621500,35275500,654000
119836,chr8,34646500,34736500,90000
119838,chr8,34892500,35283500,391000
119840,chr8,34952500,35309500,357000
119841,chr8,35015500,35281500,266000
119842,chr8,35293500,35937500,644000
119843,chr8,35312500,35935500,623000
119844,chr8,35360500,35627500,267000
119845,chr8,35364500,35934500,570000
119846,chr8,35432500,35626500,194000
119847,chr8,35673500,35935500,262000
119848,chr8,35695500,35935500,240000
119855,chr8,36055500,36174500,119000
119857,chr8,36176500,36315500,139000
119863,chr8,36668500,36904500,236000
119868,chr8,36904500,36989500,85000
119869,chr8,36925500,36990500,65000
119870,chr8,37000500,37105500,105000
119871,chr8,37001500,37047500,46000
119872,chr8,37016500,37078500,62000
119878,chr8,45391500,45451500,60000
119879,chr8,45390500,45517500,127000
119884,chr8,43744500,43781500,37000
119897,chr8,46453500,46605500,152000
119899,chr8,46638500,46735500,97000
119900,chr8,46638500,46758500,120000
119901,chr8,46664500,47004500,340000
119903,chr8,46695500,46734500,39000
119904,chr8,46695500,47020500,325000
119905,chr8,46924500,47004500,80000
119907,chr8,47005500,47070500,65000
119913,chr8,47421500,47825500,404000
119920,chr8,47658500,47803500,145000
119921,chr8,47742500,47776500,34000
119922,chr8,47741500,47790500,49000
119923,chr8,47741500,47822500,81000
119926,chr8,47987500,48127500,140000
119927,chr8,47986500,48166500,180000
119930,chr8,48196500,48281500,85000
119933,chr8,48202500,48445500,243000
119935,chr8,48324500,48430500,106000
119936,chr8,48431500,48465500,34000
119938,chr8,48660500,48980500,320000
119939,chr8,48674500,49008500,334000
119940,chr8,48675500,48966500,291000
119941,chr8,49005500,49179500,174000
119944,chr8,54982500,55176500,194000
119945,chr8,54991500,55112500,121000
119946,chr8,55035500,55113500,78000
119948,chr8,56983500,57067500,84000
119950,chr8,57807500,57983500,176000
119953,chr8,57857500,57984500,127000
119954,chr8,57883500,57956500,73000
119955,chr8,57886500,57937500,51000
119958,chr8,58027500,58247500,220000
119960,chr8,58106500,58185500,79000
119961,chr8,58105500,58218500,113000
119964,chr8,60958500,61344500,386000
119965,chr8,61070500,61318500,248000
119966,chr8,61070500,61343500,273000
119967,chr8,61070500,61365500,295000
119968,chr8,61070500,61386500,316000
119970,chr8,61085500,61343500,258000
119971,chr8,61086500,61318500,232000
119972,chr8,61114500,61287500,173000
119976,chr8,61495500,61952500,457000
119977,chr8,61496500,61932500,436000
119978,chr8,61676500,61932500,256000
119979,chr8,61838500,61932500,94000
119982,chr8,64477500,65001500,524000
119984,chr8,64659500,64819500,160000
119987,chr8,64820500,64860500,40000
119988,chr8,65071500,65171500,100000
119989,chr8,65187500,65301500,114000
119990,chr8,65397500,65563500,166000
119991,chr8,65399500,65488500,89000
119995,chr8,61975500,62138500,163000
119996,chr8,61975500,62328500,353000
119997,chr8,61987500,62043500,56000
119998,chr8,61992500,62152500,160000
120004,chr8,62347500,62512500,165000
120006,chr8,67164500,67366500,202000
120009,chr8,68447500,68685500,238000
120010,chr8,68570500,68685500,115000
120016,chr8,68814500,69009500,195000
120017,chr8,68814500,69187500,373000
120019,chr8,68820500,68869500,49000
120021,chr8,69246500,69477500,231000
120022,chr8,69266500,69476500,210000
120023,chr8,69290500,69658500,368000
120025,chr8,69332500,69541500,209000
120026,chr8,69479500,69660500,181000
120027,chr8,69542500,69661500,119000
120042,chr8,70077500,70169500,92000
120043,chr8,70078500,70202500,124000
120045,chr8,70078500,70305500,227000
120046,chr8,70078500,70340500,262000
120047,chr8,70328500,70647500,319000
120048,chr8,70327500,70455500,128000
120050,chr8,70355500,70664500,309000
120053,chr8,70371500,70619500,248000
120054,chr8,70372500,70495500,123000
120055,chr8,70387500,70451500,64000
120056,chr8,70391500,70424500,33000
120058,chr8,70540500,70619500,79000
120059,chr8,70746500,70782500,36000
120061,chr8,70784500,70957500,173000
120062,chr8,70784500,71048500,264000
120064,chr8,70807500,70978500,171000
120065,chr8,70806500,71062500,256000
120066,chr8,70813500,70956500,143000
120068,chr8,70836500,70956500,120000
120069,chr8,70837500,71036500,199000
120071,chr8,70866500,71037500,171000
120073,chr8,70961500,71050500,89000
120076,chr8,71062500,71318500,256000
120077,chr8,71062500,71151500,89000
120078,chr8,71064500,71206500,142000
120079,chr8,71065500,71105500,40000
120083,chr8,71151500,71319500,168000
120085,chr8,71172500,71222500,50000
120086,chr8,71172500,71278500,106000
120087,chr8,71172500,71322500,150000
120090,chr8,71174500,71344500,170000
120091,chr8,71215500,71293500,78000
120092,chr8,71216500,71322500,106000
120093,chr8,71216500,71346500,130000
120096,chr8,71274500,71322500,48000
120098,chr8,71296500,71345500,49000
120107,chr8,71390500,71706500,316000
120113,chr8,71725500,71820500,95000
120114,chr8,71793500,71859500,66000
120115,chr8,71825500,71858500,33000
120116,chr8,71834500,71960500,126000
120117,chr8,71895500,71928500,33000
120118,chr8,71928500,71961500,33000
120121,chr8,71894500,72012500,118000
120123,chr8,71894500,72113500,219000
120125,chr8,71895500,72161500,266000
120127,chr8,72014500,72048500,34000
120136,chr8,72161500,72741500,580000
120155,chr8,72662500,72724500,62000
120156,chr8,72663500,72740500,77000
120168,chr8,72813500,72856500,43000
120169,chr8,72842500,72968500,126000
120170,chr8,72842500,73011500,169000
120171,chr8,72858500,72970500,112000
120173,chr8,72890500,73174500,284000
120174,chr8,72916500,72973500,57000
120176,chr8,72915500,73174500,259000
120177,chr8,72931500,72968500,37000
120181,chr8,73015500,73136500,121000
120182,chr8,73015500,73292500,277000
120184,chr8,73047500,73118500,71000
120189,chr8,73175500,73324500,149000
120191,chr8,73208500,73344500,136000
120192,chr8,73247500,73302500,55000
120193,chr8,73247500,73324500,77000
120195,chr8,73372500,73472500,100000
120196,chr8,73372500,73485500,113000
120202,chr8,73733500,73950500,217000
120203,chr8,73734500,73929500,195000
120205,chr8,78147500,78276500,129000
120206,chr8,78357500,78730500,373000
120208,chr8,78790500,79012500,222000
120209,chr8,78792500,79160500,368000
120213,chr8,78931500,79192500,261000
120216,chr8,79196500,79288500,92000
120218,chr8,79547500,79756500,209000
120219,chr8,75661500,75705500,44000
120220,chr8,75721500,75836500,115000
120222,chr8,75761500,75819500,58000
120223,chr8,75761500,75835500,74000
120225,chr8,75798500,75858500,60000
120226,chr8,75798500,75961500,163000
120231,chr8,75859500,75960500,101000
120232,chr8,79977500,80330500,353000
120233,chr8,80023500,80255500,232000
120234,chr8,80024500,80331500,307000
120235,chr8,80025500,80289500,264000
120236,chr8,80063500,80331500,268000
120237,chr8,80065500,80311500,246000
120238,chr8,80066500,80215500,149000
120240,chr8,80111500,80213500,102000
120242,chr8,80214500,80290500,76000
120243,chr8,80255500,80332500,77000
120244,chr8,80256500,80289500,33000
120245,chr8,80256500,80311500,55000
120250,chr8,80390500,80429500,39000
120269,chr8,81219500,81436500,217000
120272,chr8,81457500,81723500,266000
120273,chr8,81466500,81606500,140000
120274,chr8,81466500,81741500,275000
120276,chr8,81480500,81722500,242000
120277,chr8,81541500,81722500,181000
120278,chr8,81585500,81739500,154000
120280,chr8,81606500,81741500,135000
120282,chr8,83827500,84049500,222000
120283,chr8,83893500,84057500,164000
120284,chr8,83987500,84049500,62000
120291,chr8,84335500,84379500,44000
120292,chr8,84390500,84623500,233000
120294,chr8,84443500,84730500,287000
120295,chr8,84451500,84683500,232000
120296,chr8,84452500,84647500,195000
120297,chr8,84466500,84626500,160000
120298,chr8,84481500,84620500,139000
120299,chr8,84509500,84601500,92000
120300,chr8,84509500,84681500,172000
120301,chr8,84510500,84556500,46000
120302,chr8,84510500,84648500,138000
120303,chr8,84530500,84620500,90000
120304,chr8,84568500,84620500,52000
120306,chr8,84626500,84682500,56000
120308,chr8,84627500,84724500,97000
120309,chr8,84682500,84724500,42000
120314,chr8,84737500,85084500,347000
120318,chr8,84766500,84937500,171000
120319,chr8,84786500,84938500,152000
120324,chr8,84914500,85084500,170000
120330,chr8,85090500,85264500,174000
120331,chr8,85090500,85321500,231000
120332,chr8,85090500,85208500,118000
120333,chr8,85090500,85281500,191000
120334,chr8,85090500,85340500,250000
120336,chr8,85286500,85366500,80000
120337,chr8,85367500,85538500,171000
120339,chr8,85390500,85568500,178000
120343,chr8,85463500,85538500,75000
120348,chr8,85702500,85799500,97000
120349,chr8,85717500,85752500,35000
120354,chr8,83827500,83986500,159000
120360,chr8,88198500,88263500,65000
120362,chr8,88264500,88474500,210000
120363,chr8,88321500,88556500,235000
120364,chr8,88367500,88475500,108000
120365,chr8,88388500,88686500,298000
120367,chr8,88389500,88443500,54000
120368,chr8,88390500,88557500,167000
120370,chr8,88390500,88749500,359000
120372,chr8,88558500,88686500,128000
120373,chr8,88633500,88686500,53000
120377,chr8,88845500,88926500,81000
120379,chr8,88864500,88926500,62000
120380,chr8,88925500,89354500,429000
120381,chr8,88926500,89088500,162000
120382,chr8,88978500,89084500,106000
120383,chr8,88979500,89117500,138000
120385,chr8,88996500,89033500,37000
120386,chr8,88994500,89425500,431000
120387,chr8,89012500,89347500,335000
120390,chr8,89041500,89347500,306000
120394,chr8,89088500,89248500,160000
120395,chr8,89110500,89480500,370000
120396,chr8,89118500,89347500,229000
120397,chr8,89180500,89248500,68000
120398,chr8,89247500,89423500,176000
120399,chr8,89354500,89423500,69000
120400,chr8,89375500,89421500,46000
120401,chr8,89668500,89861500,193000
120405,chr8,89675500,89790500,115000
120409,chr8,89731500,89769500,38000
120415,chr8,85808500,86026500,218000
120416,chr8,86026500,86281500,255000
120418,chr8,86159500,86281500,122000
120423,chr8,86199500,86320500,121000
120425,chr8,86254500,86391500,137000
120426,chr8,86330500,86391500,61000
120429,chr8,86405500,87310500,905000
120430,chr8,86425500,86775500,350000
120432,chr8,86426500,87121500,695000
120436,chr8,87091500,87311500,220000
120437,chr8,87314500,87652500,338000
120438,chr8,87350500,87472500,122000
120439,chr8,87351500,87611500,260000
120440,chr8,87373500,87634500,261000
120444,chr8,87454500,87632500,178000
120445,chr8,87472500,87612500,140000
120446,chr8,87484500,87613500,129000
120448,chr8,87568500,87629500,61000
120455,chr8,92794500,92860500,66000
120456,chr8,93373500,93447500,74000
120458,chr8,93545500,93652500,107000
120459,chr8,93547500,93687500,140000
120462,chr8,95645500,96057500,412000
120464,chr8,95980500,96029500,49000
120465,chr8,95981500,96057500,76000
120466,chr8,96059500,96161500,102000
120472,chr8,96324500,96576500,252000
120473,chr8,96326500,96441500,115000
120474,chr8,96327500,96465500,138000
120475,chr8,96326500,96616500,290000
120479,chr8,96441500,96614500,173000
120484,chr8,96484500,96558500,74000
120486,chr8,96520500,96558500,38000
120489,chr8,96679500,96851500,172000
120490,chr8,96701500,96879500,178000
120491,chr8,96957500,97044500,87000
120501,chr8,94318500,94659500,341000
120512,chr8,94762500,94899500,137000
120513,chr8,94762500,94915500,153000
120514,chr8,94762500,94940500,178000
120515,chr8,94764500,94823500,59000
120516,chr8,94784500,94929500,145000
120524,chr8,95057500,95407500,350000
120525,chr8,95058500,95429500,371000
120526,chr8,95113500,95328500,215000
120529,chr8,95218500,95407500,189000
120530,chr8,95218500,95429500,211000
120531,chr8,95256500,95407500,151000
120532,chr8,95258500,95328500,70000
120533,chr8,95328500,95393500,65000
120535,chr8,95431500,95565500,134000
120536,chr8,95431500,95586500,155000
120537,chr8,95432500,95511500,79000
120538,chr8,95567500,95635500,68000
120539,chr8,95600500,95636500,36000
120541,chr8,95669500,95962500,293000
120542,chr8,95676500,95930500,254000
120544,chr8,95752500,95962500,210000
120545,chr8,95826500,95930500,104000
120551,chr8,89634500,90297500,663000
120560,chr8,90576500,90727500,151000
120566,chr8,90727500,90789500,62000
120571,chr8,91435500,91519500,84000
120574,chr8,91523500,91746500,223000
120576,chr8,91523500,91876500,353000
120578,chr8,91541500,91663500,122000
120579,chr8,91540500,91746500,206000
120580,chr8,91540500,91875500,335000
120581,chr8,91552500,91861500,309000
120582,chr8,91556500,91663500,107000
120583,chr8,91555500,91682500,127000
120584,chr8,91555500,91746500,191000
120591,chr8,91797500,91860500,63000
120593,chr8,101460500,101499500,39000
120596,chr8,104675500,104754500,79000
120597,chr8,104703500,104755500,52000
120598,chr8,104759500,104803500,44000
120599,chr8,104759500,104946500,187000
120600,chr8,104826500,104870500,44000
120601,chr8,104872500,104980500,108000
120603,chr8,104873500,105067500,194000
120604,chr8,104975500,105122500,147000
120605,chr8,104976500,105067500,91000
120606,chr8,104976500,105169500,193000
120607,chr8,105067500,105318500,251000
120608,chr8,105068500,105262500,194000
120609,chr8,105070500,105237500,167000
120610,chr8,105071500,105219500,148000
120611,chr8,105261500,105328500,67000
120612,chr8,105295500,105328500,33000
120628,chr8,105488500,105742500,254000
120631,chr8,105793500,105943500,150000
120632,chr8,105847500,105944500,97000
120633,chr8,105865500,105943500,78000
120634,chr8,105866500,105984500,118000
120635,chr8,105882500,105985500,103000
120636,chr8,105897500,105981500,84000
120637,chr8,105897500,105993500,96000
120639,chr8,107811500,108050500,239000
120640,chr8,107863500,108131500,268000
120641,chr8,108114500,108151500,37000
120642,chr8,108138500,108304500,166000
120643,chr8,108163500,108314500,151000
120651,chr8,109441500,109518500,77000
120652,chr8,109516500,109741500,225000
120661,chr8,112068500,112353500,285000
120662,chr8,112248500,112369500,121000
120664,chr8,112262500,112352500,90000
120665,chr8,112263500,112374500,111000
120667,chr8,112406500,112604500,198000
120668,chr8,112405500,112621500,216000
120669,chr8,112439500,112760500,321000
120670,chr8,112466500,112550500,84000
120671,chr8,112581500,112718500,137000
120672,chr8,112583500,112760500,177000
120673,chr8,112601500,112739500,138000
120674,chr8,112607500,112646500,39000
120675,chr8,112607500,112716500,109000
120676,chr8,112646500,112761500,115000
120677,chr8,112647500,112716500,69000
120679,chr8,112774500,113225500,451000
120684,chr8,112789500,112896500,107000
120685,chr8,113138500,113225500,87000
120690,chr8,105865500,106009500,144000
120691,chr8,105884500,106010500,126000
120693,chr8,106020500,106074500,54000
120697,chr8,106167500,106204500,37000
120698,chr8,106167500,106280500,113000
120699,chr8,106210500,106260500,50000
120701,chr8,106323500,106658500,335000
120702,chr8,106348500,106412500,64000
120703,chr8,106348500,106658500,310000
120704,chr8,106363500,106427500,64000
120706,chr8,106363500,106587500,224000
120709,chr8,106428500,106738500,310000
120710,chr8,106432500,106785500,353000
120711,chr8,106440500,106803500,363000
120712,chr8,106562500,106657500,95000
120716,chr8,106717500,106749500,32000
120717,chr8,106717500,106803500,86000
120718,chr8,106717500,106842500,125000
120719,chr8,106865500,106937500,72000
120720,chr8,106867500,107038500,171000
120721,chr8,106895500,106937500,42000
120723,chr8,107139500,107258500,119000
120724,chr8,107139500,107280500,141000
120725,chr8,107139500,107373500,234000
120727,chr8,107159500,107280500,121000
120729,chr8,107159500,107374500,215000
120730,chr8,107166500,107200500,34000
120736,chr8,107426500,107730500,304000
120737,chr8,107426500,107614500,188000
120738,chr8,107445500,107614500,169000
120739,chr8,107445500,107729500,284000
120740,chr8,107619500,107782500,163000
120744,chr8,107844500,107921500,77000
120746,chr8,110006500,110262500,256000
120747,chr8,110292500,110432500,140000
120748,chr8,110334500,110432500,98000
120750,chr8,110432500,110595500,163000
120751,chr8,110505500,110594500,89000
120752,chr8,110580500,110730500,150000
120753,chr8,110580500,110798500,218000
120754,chr8,110674500,110729500,55000
120755,chr8,110673500,110798500,125000
120756,chr8,110697500,110729500,32000
120758,chr8,110844500,111276500,432000
120759,chr8,110847500,111027500,180000
120760,chr8,110846500,111143500,297000
120761,chr8,110872500,111205500,333000
120762,chr8,110894500,111027500,133000
120763,chr8,110895500,111054500,159000
120764,chr8,110894500,111276500,382000
120765,chr8,110895500,111146500,251000
120766,chr8,110928500,111026500,98000
120767,chr8,110928500,111147500,219000
120769,chr8,110945500,110993500,48000
120770,chr8,110999500,111204500,205000
120771,chr8,111001500,111146500,145000
120773,chr8,111478500,111702500,224000
120774,chr8,111476500,111817500,341000
120775,chr8,111484500,111758500,274000
120776,chr8,111484500,111786500,302000
120784,chr8,111585500,111704500,119000
120788,chr8,111783500,111818500,35000
120790,chr8,114089500,114309500,220000
120792,chr8,114209500,114308500,99000
120793,chr8,114311500,114358500,47000
120794,chr8,114363500,114711500,348000
120796,chr8,114391500,114576500,185000
120800,chr8,114807500,115068500,261000
120801,chr8,114812500,115039500,227000
120804,chr8,115179500,115443500,264000
120807,chr8,117776500,118200500,424000
120808,chr8,117796500,118201500,405000
120810,chr8,117926500,118198500,272000
120811,chr8,117967500,118068500,101000
120813,chr8,117984500,118067500,83000
120815,chr8,118423500,118590500,167000
120821,chr8,118657500,118963500,306000
120823,chr8,118685500,118963500,278000
120824,chr8,118685500,119578500,893000
120826,chr8,118686500,119061500,375000
120828,chr8,119120500,119250500,130000
120829,chr8,119797500,119921500,124000
120833,chr8,117209500,117525500,316000
120834,chr8,117398500,117482500,84000
120835,chr8,117499500,117599500,100000
120838,chr8,117647500,117720500,73000
120839,chr8,117648500,117705500,57000
120841,chr8,117671500,117719500,48000
120844,chr8,120085500,120403500,318000
120845,chr8,120107500,120403500,296000
120846,chr8,120139500,120223500,84000
120847,chr8,120139500,120332500,193000
120848,chr8,120139500,120402500,263000
120849,chr8,120171500,120223500,52000
120850,chr8,120170500,120246500,76000
120851,chr8,120413500,120470500,57000
120854,chr8,120671500,120804500,133000
120856,chr8,120694500,120804500,110000
120861,chr8,120906500,120971500,65000
120864,chr8,121008500,121046500,38000
120865,chr8,121053500,121160500,107000
120866,chr8,121053500,121297500,244000
120867,chr8,121054500,121090500,36000
120870,chr8,121133500,121323500,190000
120871,chr8,121133500,121261500,128000
120872,chr8,121198500,121261500,63000
120873,chr8,121215500,121261500,46000
120881,chr8,121407500,121450500,43000
120882,chr8,121425500,121523500,98000
120883,chr8,121450500,121524500,74000
120885,chr8,121550500,121612500,62000
120886,chr8,127918500,128031500,113000
120887,chr8,127918500,128056500,138000
120888,chr8,128057500,128330500,273000
120893,chr8,129247500,129435500,188000
120894,chr8,129378500,129452500,74000
120905,chr8,123835500,124017500,182000
120910,chr8,124356500,124528500,172000
120913,chr8,124380500,124495500,115000
120914,chr8,124516500,124560500,44000
120915,chr8,124517500,124650500,133000
120916,chr8,124517500,124630500,113000
120919,chr8,124533500,124585500,52000
120920,chr8,124533500,124747500,214000
120921,chr8,124561500,125075500,514000
120926,chr8,124652500,125096500,444000
120927,chr8,124665500,124731500,66000
120928,chr8,124675500,124748500,73000
120930,chr8,124748500,124958500,210000
120933,chr8,124758500,125077500,319000
120936,chr8,124779500,125095500,316000
120938,chr8,124780500,125042500,262000
120940,chr8,124805500,125076500,271000
120941,chr8,124877500,125075500,198000
120943,chr8,125125500,125216500,91000
120944,chr8,125126500,125404500,278000
120946,chr8,125344500,125485500,141000
120948,chr8,125449500,125520500,71000
120949,chr8,125478500,125519500,41000
120950,chr8,125520500,125589500,69000
120951,chr8,125520500,125675500,155000
120952,chr8,125589500,125624500,35000
120953,chr8,125589500,125739500,150000
120954,chr8,125590500,125675500,85000
120955,chr8,125614500,125707500,93000
120956,chr8,125615500,125772500,157000
120957,chr8,125624500,125739500,115000
120958,chr8,125624500,125675500,51000
120959,chr8,125657500,125772500,115000
120960,chr8,125675500,125780500,105000
120961,chr8,125676500,125739500,63000
120962,chr8,125793500,125893500,100000
120965,chr8,121810500,122046500,236000
120969,chr8,121838500,122270500,432000
120970,chr8,121839500,122120500,281000
120975,chr8,121943500,122120500,177000
120976,chr8,122150500,122239500,89000
120977,chr8,122273500,122479500,206000
120978,chr8,122379500,122457500,78000
120981,chr8,122577500,122636500,59000
120985,chr8,122634500,122676500,42000
120990,chr8,122704500,123096500,392000
120997,chr8,123103500,123203500,100000
121000,chr8,123205500,123299500,94000
121001,chr8,123227500,123337500,110000
121008,chr8,123405500,123557500,152000
121013,chr8,123633500,123827500,194000
121015,chr8,123770500,123828500,58000
121016,chr8,123793500,123827500,34000
121019,chr8,125779500,126596500,817000
121022,chr8,125855500,126597500,742000
121023,chr8,125892500,126585500,693000
121024,chr8,125892500,126297500,405000
121025,chr8,125893500,126446500,553000
121026,chr8,126018500,126296500,278000
121027,chr8,126125500,126296500,171000
121028,chr8,126187500,126295500,108000
121030,chr8,126299500,126394500,95000
121031,chr8,126337500,126446500,109000
121035,chr8,126677500,127109500,432000
121036,chr8,126679500,126885500,206000
121037,chr8,126682500,126964500,282000
121046,chr8,127187500,127647500,460000
121048,chr8,127201500,127320500,119000
121050,chr8,127201500,127671500,470000
121051,chr8,127207500,127649500,442000
121052,chr8,127208500,127541500,333000
121053,chr8,127209500,127702500,493000
121055,chr8,127225500,127285500,60000
121056,chr8,127224500,127632500,408000
121059,chr8,127285500,127320500,35000
121060,chr8,127285500,127553500,268000
121062,chr8,127289500,127540500,251000
121064,chr8,127307500,127540500,233000
121065,chr8,127307500,127632500,325000
121066,chr8,127308500,127414500,106000
121067,chr8,127308500,127513500,205000
121068,chr8,127317500,127670500,353000
121069,chr8,127320500,127392500,72000
121075,chr8,127791500,127865500,74000
121076,chr9,3439500,3532500,93000
121081,chr9,3872500,3988500,116000
121085,chr9,7604500,7855500,251000
121086,chr9,7604500,7897500,293000
121087,chr9,7714500,7821500,107000
121091,chr9,7906500,8074500,168000
121093,chr9,8005500,8039500,34000
121094,chr9,8701500,8762500,61000
121095,chr9,8701500,8901500,200000
121103,chr9,9238500,9373500,135000
121105,chr9,13232500,13598500,366000
121106,chr9,13231500,13702500,471000
121109,chr9,13247500,13297500,50000
121110,chr9,13297500,13563500,266000
121127,chr9,13961500,14251500,290000
121128,chr9,14085500,14187500,102000
121129,chr9,14145500,14186500,41000
121130,chr9,14260500,14299500,39000
121131,chr9,14260500,14610500,350000
121133,chr9,14352500,14611500,259000
121134,chr9,14353500,14675500,322000
121135,chr9,14412500,14695500,283000
121137,chr9,14696500,15191500,495000
121142,chr9,14735500,14927500,192000
121143,chr9,14756500,14956500,200000
121144,chr9,14758500,15031500,273000
121145,chr9,14757500,15084500,327000
121146,chr9,14758500,15196500,438000
121147,chr9,14778500,14926500,148000
121148,chr9,14806500,14926500,120000
121149,chr9,14942500,15082500,140000
121150,chr9,14942500,15122500,180000
121152,chr9,14956500,15031500,75000
121159,chr9,15258500,15592500,334000
121162,chr9,15283500,15322500,39000
121167,chr9,18236500,18656500,420000
121168,chr9,19533500,19605500,72000
121173,chr9,24671500,24952500,281000
121175,chr9,24672500,24819500,147000
121176,chr9,24730500,24789500,59000
121177,chr9,25063500,25163500,100000
121180,chr9,25395500,25474500,79000
121181,chr9,20377500,20652500,275000
121182,chr9,20378500,20457500,79000
121183,chr9,20378500,20521500,143000
121184,chr9,20432500,20554500,122000
121186,chr9,20652500,20742500,90000
121187,chr9,20652500,20809500,157000
121188,chr9,20773500,20910500,137000
121193,chr9,20800500,20863500,63000
121196,chr9,20810500,20941500,131000
121198,chr9,20827500,20909500,82000
121200,chr9,20888500,21074500,186000
121201,chr9,20888500,20942500,54000
121202,chr9,20943500,21075500,132000
121204,chr9,21076500,21149500,73000
121205,chr9,21133500,21268500,135000
121207,chr9,21134500,21321500,187000
121208,chr9,21201500,21457500,256000
121209,chr9,21224500,21321500,97000
121210,chr9,21278500,21380500,102000
121211,chr9,21279500,21321500,42000
121213,chr9,21327500,21380500,53000
121215,chr9,21515500,21673500,158000
121216,chr9,21539500,21785500,246000
121217,chr9,21540500,21862500,322000
121218,chr9,21593500,21784500,191000
121220,chr9,21664500,21716500,52000
121221,chr9,21667500,21782500,115000
121224,chr9,21871500,21964500,93000
121225,chr9,21868500,22065500,197000
121231,chr9,22067500,22320500,253000
121233,chr9,22073500,22136500,63000
121236,chr9,22137500,22300500,163000
121237,chr9,22141500,22239500,98000
121238,chr9,22142500,22285500,143000
121239,chr9,22170500,22239500,69000
121241,chr9,22323500,22386500,63000
121242,chr9,22430500,22614500,184000
121246,chr9,22562500,22614500,52000
121248,chr9,22623500,23124500,501000
121249,chr9,22623500,22927500,304000
121251,chr9,22623500,23160500,537000
121253,chr9,22939500,23161500,222000
121254,chr9,22964500,23161500,197000
121258,chr9,25655500,26686500,1031000
121259,chr9,26717500,26910500,193000
121262,chr9,26941500,27066500,125000
121264,chr9,27017500,27237500,220000
121265,chr9,27045500,27086500,41000
121266,chr9,27103500,27212500,109000
121267,chr9,27162500,27198500,36000
121268,chr9,27162500,27237500,75000
121270,chr9,27323500,28109500,786000
121271,chr9,27324500,28082500,758000
121273,chr9,29573500,30211500,638000
121275,chr9,29915500,30226500,311000
121278,chr9,30360500,30850500,490000
121283,chr9,30921500,30962500,41000
121287,chr9,30945500,30979500,34000
121288,chr9,31010500,31310500,300000
121296,chr9,31471500,31719500,248000
121297,chr9,31488500,31720500,232000
121302,chr9,31571500,31837500,266000
121303,chr9,31882500,32070500,188000
121304,chr9,31943500,32007500,64000
121305,chr9,31943500,32047500,104000
121306,chr9,31999500,32070500,71000
121307,chr9,32007500,32047500,40000
121308,chr9,32183500,32315500,132000
121309,chr9,32316500,32367500,51000
121311,chr9,32454500,32607500,153000
121315,chr9,34409500,34759500,350000
121316,chr9,34895500,34928500,33000
121318,chr9,35027500,35084500,57000
121319,chr9,35088500,35121500,33000
121321,chr9,35134500,35451500,317000
121327,chr9,35211500,35447500,236000
121330,chr9,39420500,39522500,102000
121331,chr9,40105500,40150500,45000
121333,chr9,40151500,40309500,158000
121335,chr9,40244500,40326500,82000
121336,chr9,40527500,40662500,135000
121343,chr9,40723500,40893500,170000
121344,chr9,40723500,40939500,216000
121345,chr9,40747500,40783500,36000
121346,chr9,40747500,41118500,371000
121347,chr9,40788500,41068500,280000
121348,chr9,40900500,41118500,218000
121349,chr9,40902500,40939500,37000
121350,chr9,41119500,41862500,743000
121365,chr9,41745500,41862500,117000
121366,chr9,41786500,41861500,75000
121368,chr9,36347500,36627500,280000
121373,chr9,36638500,36678500,40000
121378,chr9,36658500,36697500,39000
121383,chr9,36727500,36797500,70000
121384,chr9,36827500,36880500,53000
121385,chr9,36828500,37078500,250000
121386,chr9,36827500,37141500,314000
121387,chr9,36882500,37058500,176000
121388,chr9,36946500,37077500,131000
121389,chr9,36947500,37141500,194000
121390,chr9,36965500,37057500,92000
121393,chr9,37167500,37260500,93000
121394,chr9,37318500,37547500,229000
121395,chr9,37318500,37599500,281000
121396,chr9,37318500,37528500,210000
121397,chr9,37341500,37598500,257000
121398,chr9,37342500,37527500,185000
121399,chr9,37342500,37547500,205000
121403,chr9,37343500,37440500,97000
121404,chr9,37372500,37439500,67000
121405,chr9,37373500,37547500,174000
121407,chr9,37400500,37456500,56000
121408,chr9,37400500,37568500,168000
121409,chr9,37400500,37525500,125000
121410,chr9,37439500,37526500,87000
121414,chr9,37643500,37843500,200000
121416,chr9,41866500,42151500,285000
121417,chr9,42072500,42186500,114000
121418,chr9,42073500,42119500,46000
121419,chr9,42236500,42599500,363000
121420,chr9,42238500,42697500,459000
121422,chr9,42462500,42658500,196000
121423,chr9,42484500,42856500,372000
121424,chr9,42670500,42856500,186000
121425,chr9,42857500,43195500,338000
121426,chr9,42911500,43194500,283000
121430,chr9,43133500,43195500,62000
121432,chr9,43250500,43758500,508000
121433,chr9,43251500,43834500,583000
121434,chr9,43251500,43402500,151000
121435,chr9,43251500,43738500,487000
121436,chr9,43464500,43713500,249000
121437,chr9,43464500,43884500,420000
121439,chr9,43606500,43713500,107000
121440,chr9,43642500,43712500,70000
121441,chr9,43655500,43712500,57000
121442,chr9,43655500,43756500,101000
121443,chr9,43655500,43835500,180000
121446,chr9,48088500,48266500,178000
121447,chr9,48177500,48471500,294000
121448,chr9,48177500,48497500,320000
121449,chr9,48358500,48530500,172000
121450,chr9,48359500,48497500,138000
121451,chr9,48378500,48451500,73000
121452,chr9,48378500,48530500,152000
121455,chr9,48747500,48895500,148000
121456,chr9,48875500,48963500,88000
121464,chr9,48965500,49398500,433000
121469,chr9,49251500,49397500,146000
121470,chr9,49275500,49396500,121000
121471,chr9,49406500,49578500,172000
121472,chr9,49438500,49853500,415000
121473,chr9,49440500,49578500,138000
121474,chr9,49441500,49709500,268000
121475,chr9,49441500,49874500,433000
121476,chr9,49527500,49894500,367000
121477,chr9,49528500,49851500,323000
121478,chr9,49568500,49707500,139000
121480,chr9,49626500,49852500,226000
121481,chr9,49664500,49706500,42000
121483,chr9,45823500,46158500,335000
121484,chr9,45893500,46185500,292000
121486,chr9,45915500,46140500,225000
121489,chr9,45923500,46067500,144000
121491,chr9,46142500,46181500,39000
121492,chr9,46265500,46299500,34000
121493,chr9,46287500,46765500,478000
121494,chr9,46304500,46647500,343000
121495,chr9,46304500,46423500,119000
121498,chr9,47037500,47162500,125000
121501,chr9,47200500,47620500,420000
121504,chr9,43896500,44005500,109000
121505,chr9,43896500,44181500,285000
121510,chr9,44057500,44267500,210000
121513,chr9,44205500,44267500,62000
121514,chr9,44250500,44301500,51000
121519,chr9,44329500,44515500,186000
121521,chr9,44364500,44647500,283000
121524,chr9,44389500,44563500,174000
121526,chr9,44392500,44515500,123000
121532,chr9,44566500,44648500,82000
121534,chr9,44589500,45056500,467000
121537,chr9,44682500,44877500,195000
121538,chr9,44683500,44792500,109000
121539,chr9,44683500,45057500,374000
121541,chr9,44750500,44878500,128000
121542,chr9,44793500,44831500,38000
121545,chr9,44934500,45002500,68000
121546,chr9,44934500,45031500,97000
121548,chr9,45133500,45209500,76000
121550,chr9,45211500,45320500,109000
121553,chr9,45215500,45255500,40000
121554,chr9,45257500,45320500,63000
121555,chr9,45327500,45709500,382000
121556,chr9,45740500,45848500,108000
121557,chr9,45741500,45789500,48000
121558,chr9,45818500,45865500,47000
121559,chr9,45818500,45895500,77000
121562,chr9,53736500,54019500,283000
121563,chr9,53898500,54087500,189000
121564,chr9,53898500,54230500,332000
121566,chr9,54076500,54322500,246000
121567,chr9,54089500,54244500,155000
121568,chr9,54089500,54324500,235000
121569,chr9,54345500,54512500,167000
121570,chr9,54346500,54537500,191000
121572,chr9,54640500,54857500,217000
121576,chr9,54738500,54804500,66000
121577,chr9,54739500,54852500,113000
121580,chr9,54775500,54813500,38000
121581,chr9,54854500,55017500,163000
121582,chr9,54931500,55018500,87000
121583,chr9,54931500,55299500,368000
121584,chr9,54953500,55218500,265000
121585,chr9,54954500,55016500,62000
121586,chr9,55056500,55234500,178000
121587,chr9,55069500,55159500,90000
121588,chr9,55109500,55218500,109000
121589,chr9,55137500,55218500,81000
121591,chr9,55317500,55433500,116000
121592,chr9,55317500,55825500,508000
121593,chr9,55336500,55433500,97000
121595,chr9,55336500,55825500,489000
121599,chr9,55449500,55845500,396000
121605,chr9,51877500,52010500,133000
121606,chr9,51877500,52198500,321000
121608,chr9,51959500,52079500,120000
121615,chr9,53160500,53447500,287000
121616,chr9,53166500,53348500,182000
121617,chr9,53506500,53585500,79000
121620,chr9,53658500,53855500,197000
121622,chr9,53678500,53713500,35000
121626,chr9,49405500,50331500,926000
121629,chr9,49439500,50332500,893000
121630,chr9,49441500,50350500,909000
121631,chr9,49440500,50083500,643000
121634,chr9,50244500,50331500,87000
121635,chr9,50336500,50442500,106000
121637,chr9,50431500,50581500,150000
121638,chr9,50514500,50679500,165000
121641,chr9,50586500,50646500,60000
121642,chr9,50586500,50678500,92000
121643,chr9,50586500,50693500,107000
121645,chr9,50621500,50676500,55000
121646,chr9,50620500,50693500,73000
121648,chr9,50694500,51063500,369000
121650,chr9,50920500,51014500,94000
121651,chr9,50921500,51063500,142000
121655,chr9,51874500,51959500,85000
121656,chr9,55933500,56026500,93000
121657,chr9,55983500,56025500,42000
121658,chr9,56067500,56543500,476000
121660,chr9,56108500,56705500,597000
121661,chr9,56109500,56604500,495000
121662,chr9,56120500,56460500,340000
121663,chr9,56120500,56542500,422000
121664,chr9,56167500,56281500,114000
121665,chr9,56226500,56281500,55000
121666,chr9,56324500,56543500,219000
121667,chr9,56325500,56442500,117000
121668,chr9,56413500,56459500,46000
121669,chr9,56544500,56753500,209000
121670,chr9,56633500,56754500,121000
121671,chr9,56633500,56705500,72000
121672,chr9,56633500,56796500,163000
121673,chr9,56751500,56795500,44000
121674,chr9,56798500,56980500,182000
121679,chr9,56855500,56938500,83000
121680,chr9,56855500,57038500,183000
121683,chr9,56983500,57055500,72000
121688,chr9,57038500,57127500,89000
121691,chr9,57116500,57258500,142000
121694,chr9,57168500,57427500,259000
121696,chr9,57393500,57562500,169000
121698,chr9,57430500,57562500,132000
121700,chr9,57566500,57667500,101000
121701,chr9,57567500,57681500,114000
121702,chr9,57595500,57652500,57000
121703,chr9,57595500,57905500,310000
121704,chr9,57672500,57742500,70000
121705,chr9,57694500,57905500,211000
121706,chr9,57768500,57841500,73000
121707,chr9,59867500,60074500,207000
121711,chr9,60152500,60391500,239000
121714,chr9,60182500,60429500,247000
121715,chr9,60499500,60587500,88000
121716,chr9,60601500,60653500,52000
121717,chr9,60601500,60766500,165000
121718,chr9,60601500,60780500,179000
121719,chr9,60601500,60795500,194000
121720,chr9,60625500,60794500,169000
121722,chr9,60663500,60795500,132000
121723,chr9,60701500,60764500,63000
121725,chr9,60726500,60765500,39000
121728,chr9,60800500,61786500,986000
121729,chr9,60847500,61768500,921000
121730,chr9,60847500,61786500,939000
121732,chr9,60927500,61786500,859000
121733,chr9,60927500,61605500,678000
121734,chr9,60927500,61630500,703000
121736,chr9,60953500,61134500,181000
121737,chr9,60953500,61605500,652000
121738,chr9,60953500,61768500,815000
121739,chr9,60953500,61786500,833000
121740,chr9,60955500,61184500,229000
121741,chr9,60954500,61313500,359000
121744,chr9,61311500,61604500,293000
121745,chr9,61607500,61805500,198000
121746,chr9,61631500,61673500,42000
121747,chr9,61631500,61767500,136000
121748,chr9,61631500,61786500,155000
121751,chr9,61856500,61946500,90000
121752,chr9,61856500,61958500,102000
121753,chr9,61873500,61958500,85000
121757,chr9,57946500,58175500,229000
121758,chr9,57946500,58189500,243000
121760,chr9,58021500,58105500,84000
121762,chr9,58109500,58187500,78000
121763,chr9,58129500,58189500,60000
121764,chr9,58131500,58175500,44000
121766,chr9,58155500,58187500,32000
121767,chr9,58183500,58363500,180000
121768,chr9,58238500,58276500,38000
121769,chr9,58395500,58730500,335000
121770,chr9,58446500,58486500,40000
121773,chr9,58485500,58781500,296000
121774,chr9,58486500,58559500,73000
121775,chr9,58489500,58730500,241000
121779,chr9,58652500,58729500,77000
121782,chr9,58810500,59157500,347000
121783,chr9,58810500,59177500,367000
121785,chr9,58835500,59158500,323000
121786,chr9,58876500,59157500,281000
121787,chr9,58920500,59177500,257000
121788,chr9,58920500,59189500,269000
121790,chr9,58943500,59177500,234000
121791,chr9,58943500,59198500,255000
121794,chr9,59202500,59259500,57000
121795,chr9,59247500,59492500,245000
121796,chr9,59260500,59392500,132000
121797,chr9,59342500,59389500,47000
121798,chr9,59393500,59485500,92000
121801,chr9,59485500,59523500,38000
121802,chr9,59485500,59563500,78000
121803,chr9,59525500,59561500,36000
121804,chr9,59564500,59658500,94000
121805,chr9,59588500,59657500,69000
121806,chr9,59657500,59864500,207000
121808,chr9,61814500,62152500,338000
121809,chr9,61854500,62030500,176000
121811,chr9,61856500,62152500,296000
121813,chr9,61892500,62152500,260000
121816,chr9,62195500,62529500,334000
121817,chr9,62202500,62281500,79000
121818,chr9,62220500,62461500,241000
121822,chr9,62250500,62443500,193000
121826,chr9,62464500,62683500,219000
121827,chr9,62652500,62684500,32000
121828,chr9,62652500,63031500,379000
121829,chr9,62691500,63031500,340000
121836,chr9,62821500,63032500,211000
121837,chr9,62824500,62881500,57000
121841,chr9,63041500,63284500,243000
121843,chr9,63044500,63109500,65000
121850,chr9,63370500,63752500,382000
121851,chr9,63510500,63666500,156000
121852,chr9,63513500,63752500,239000
121853,chr9,63514500,63723500,209000
121855,chr9,63557500,63668500,111000
121856,chr9,63557500,63723500,166000
121857,chr9,63675500,63723500,48000
121858,chr9,63866500,63927500,61000
121860,chr9,63791500,64008500,217000
121863,chr9,63824500,64047500,223000
121864,chr9,63864500,64008500,144000
121865,chr9,63933500,64007500,74000
121867,chr9,64046500,64181500,135000
121872,chr9,64088500,64160500,72000
121891,chr9,64219500,64546500,327000
121892,chr9,64221500,64681500,460000
121897,chr9,64247500,64843500,596000
121901,chr9,64256500,64415500,159000
121902,chr9,64255500,64673500,418000
121903,chr9,64270500,64854500,584000
121904,chr9,64270500,64858500,588000
121905,chr9,64293500,64574500,281000
121906,chr9,64295500,64644500,349000
121907,chr9,64301500,64598500,297000
121908,chr9,64302500,64415500,113000
121909,chr9,64645500,64868500,223000
121910,chr9,64685500,64866500,181000
121911,chr9,64687500,64769500,82000
121912,chr9,64688500,64844500,156000
121913,chr9,64693500,64810500,117000
121914,chr9,64846500,65027500,181000
121915,chr9,64868500,64940500,72000
121916,chr9,64918500,65028500,110000
121917,chr9,64918500,65096500,178000
121918,chr9,64939500,65029500,90000
121919,chr9,64979500,65027500,48000
121920,chr9,65009500,65086500,77000
121921,chr9,65040500,65072500,32000
121922,chr9,65040500,65191500,151000
121925,chr9,65121500,65253500,132000
121927,chr9,65133500,65190500,57000
121929,chr9,65252500,65342500,90000
121930,chr9,65253500,65487500,234000
121931,chr9,65300500,65339500,39000
121932,chr9,65300500,65488500,188000
121937,chr9,65507500,65814500,307000
121938,chr9,65511500,65589500,78000
121941,chr9,65537500,65734500,197000
121942,chr9,65573500,65736500,163000
121943,chr9,65794500,65966500,172000
121944,chr9,65810500,65911500,101000
121945,chr9,67922500,68640500,718000
121946,chr9,67924500,68184500,260000
121951,chr9,69055500,69203500,148000
121952,chr9,69265500,69409500,144000
121953,chr9,69283500,69409500,126000
121954,chr9,69284500,69387500,103000
121955,chr9,69413500,69807500,394000
121956,chr9,69413500,69642500,229000
121957,chr9,69413500,69715500,302000
121958,chr9,69487500,69808500,321000
121959,chr9,69488500,69835500,347000
121962,chr9,69570500,69697500,127000
121965,chr9,69856500,69894500,38000
121967,chr9,69906500,69988500,82000
121969,chr9,71552500,72128500,576000
121971,chr9,71554500,72098500,544000
121972,chr9,71716500,72099500,383000
121973,chr9,71716500,72127500,411000
121974,chr9,71716500,72315500,599000
121976,chr9,71738500,72127500,389000
121977,chr9,71739500,72315500,576000
121978,chr9,71740500,72001500,261000
121979,chr9,71739500,72099500,360000
121980,chr9,71783500,72099500,316000
121981,chr9,71831500,72099500,268000
121983,chr9,72098500,72315500,217000
121985,chr9,72400500,72436500,36000
121986,chr9,72439500,72547500,108000
121987,chr9,72439500,72570500,131000
121989,chr9,72543500,72577500,34000
121993,chr9,72642500,72792500,150000
121994,chr9,72673500,72862500,189000
121996,chr9,72674500,72842500,168000
121998,chr9,72709500,72789500,80000
121999,chr9,72833500,72893500,60000
122000,chr9,72863500,72999500,136000
122002,chr9,72877500,72999500,122000
122007,chr9,73069500,73357500,288000
122008,chr9,73069500,73464500,395000
122009,chr9,73092500,73357500,265000
122011,chr9,73092500,73432500,340000
122016,chr9,69926500,70013500,87000
122017,chr9,69992500,70326500,334000
122018,chr9,69992500,70102500,110000
122019,chr9,69993500,70048500,55000
122023,chr9,70016500,70104500,88000
122024,chr9,70017500,70060500,43000
122025,chr9,70017500,70299500,282000
122027,chr9,70109500,70245500,136000
122028,chr9,70109500,70263500,154000
122034,chr9,70327500,70450500,123000
122038,chr9,70384500,70450500,66000
122039,chr9,70411500,70449500,38000
122043,chr9,70528500,70837500,309000
122047,chr9,70575500,70982500,407000
122048,chr9,70576500,70909500,333000
122050,chr9,70586500,70724500,138000
122052,chr9,70703500,70832500,129000
122053,chr9,70837500,70981500,144000
122056,chr9,71119500,71424500,305000
122059,chr9,71227500,71522500,295000
122060,chr9,71317500,71524500,207000
122061,chr9,71384500,71423500,39000
122063,chr9,71532500,71714500,182000
122078,chr9,66191500,66280500,89000
122080,chr9,66258500,66419500,161000
122083,chr9,66372500,66571500,199000
122085,chr9,66420500,66519500,99000
122086,chr9,66421500,66611500,190000
122091,chr9,66553500,66612500,59000
122092,chr9,66553500,66733500,180000
122094,chr9,66553500,66887500,334000
122096,chr9,66702500,66827500,125000
122097,chr9,66703500,66741500,38000
122098,chr9,66742500,66827500,85000
122100,chr9,66827500,66882500,55000
122102,chr9,66854500,66949500,95000
122104,chr9,66884500,66951500,67000
122105,chr9,66909500,66950500,41000
122106,chr9,66908500,67152500,244000
122108,chr9,66909500,67063500,154000
122109,chr9,66953500,67064500,111000
122110,chr9,66954500,67153500,199000
122111,chr9,66954500,67180500,226000
122112,chr9,67002500,67079500,77000
122113,chr9,67042500,67152500,110000
122114,chr9,67042500,67120500,78000
122116,chr9,67091500,67180500,89000
122118,chr9,67223500,67275500,52000
122119,chr9,67540500,67667500,127000
122120,chr9,67590500,67641500,51000
122121,chr9,67591500,67709500,118000
122122,chr9,67619500,67709500,90000
122124,chr9,67736500,67783500,47000
122126,chr9,79975500,80072500,97000
122128,chr9,75668500,76075500,407000
122131,chr9,77314500,77515500,201000
122132,chr9,77392500,77450500,58000
122133,chr9,77452500,77659500,207000
122134,chr9,77563500,77663500,100000
122135,chr9,77563500,77688500,125000
122136,chr9,77713500,77946500,233000
122142,chr9,74813500,74858500,45000
122143,chr9,74860500,74944500,84000
122144,chr9,74860500,74978500,118000
122145,chr9,74933500,75188500,255000
122147,chr9,74945500,75139500,194000
122148,chr9,74957500,75105500,148000
122149,chr9,75193500,75344500,151000
122150,chr9,75190500,75422500,232000
122151,chr9,75207500,75374500,167000
122152,chr9,75207500,75422500,215000
122153,chr9,75211500,75317500,106000
122155,chr9,75221500,75316500,95000
122156,chr9,75241500,75343500,102000
122158,chr9,75290500,75343500,53000
122162,chr9,75404500,75489500,85000
122165,chr9,78019500,78100500,81000
122169,chr9,78247500,78294500,47000
122171,chr9,78248500,78379500,131000
122175,chr9,78282500,78351500,69000
122176,chr9,78303500,78348500,45000
122177,chr9,78382500,78455500,73000
122181,chr9,78608500,79629500,1021000
122182,chr9,78629500,79628500,999000
122183,chr9,78695500,79627500,932000
122184,chr9,78696500,78952500,256000
122185,chr9,79667500,79700500,33000
122187,chr9,79714500,79881500,167000
122188,chr9,79714500,79933500,219000
122191,chr9,83250500,83491500,241000
122192,chr9,83294500,83491500,197000
122193,chr9,83371500,83491500,120000
122194,chr9,83534500,83608500,74000
122196,chr9,84122500,84165500,43000
122197,chr9,84135500,84225500,90000
122198,chr9,85631500,86334500,703000
122200,chr9,85725500,86333500,608000
122202,chr9,86454500,86626500,172000
122204,chr9,86528500,86682500,154000
122209,chr9,87590500,87956500,366000
122210,chr9,87622500,88104500,482000
122211,chr9,88122500,88212500,90000
122212,chr9,88124500,88231500,107000
122213,chr9,88125500,88246500,121000
122214,chr9,88321500,88404500,83000
122215,chr9,88320500,88429500,109000
122217,chr9,88343500,88402500,59000
122218,chr9,88365500,88429500,64000
122227,chr9,89504500,89586500,82000
122229,chr9,89588500,89675500,87000
122230,chr9,89588500,89855500,267000
122231,chr9,89709500,89792500,83000
122232,chr9,89750500,89791500,41000
122234,chr9,89821500,89958500,137000
122239,chr9,90045500,90152500,107000
122241,chr9,90089500,90123500,34000
122251,chr9,95353500,95391500,38000
122252,chr9,95355500,95579500,224000
122256,chr9,95423500,95554500,131000
122257,chr9,95441500,95738500,297000
122258,chr9,95441500,95727500,286000
122259,chr9,95481500,95555500,74000
122261,chr9,96143500,96406500,263000
122262,chr9,96144500,96374500,230000
122263,chr9,96166500,96374500,208000
122264,chr9,96167500,96435500,268000
122265,chr9,96167500,96404500,237000
122266,chr9,96211500,96404500,193000
122267,chr9,96232500,96373500,141000
122268,chr9,96232500,96404500,172000
122269,chr9,96454500,96641500,187000
122271,chr9,96455500,96768500,313000
122272,chr9,96481500,96700500,219000
122274,chr9,96554500,96671500,117000
122280,chr9,96673500,96755500,82000
122281,chr9,96720500,96769500,49000
122282,chr9,96798500,96968500,170000
122283,chr9,96798500,97008500,210000
122286,chr9,96843500,96899500,56000
122287,chr9,96900500,96994500,94000
122288,chr9,96950500,97045500,95000
122290,chr9,96984500,97044500,60000
122292,chr9,97055500,97203500,148000
122296,chr9,98306500,98445500,139000
122297,chr9,98325500,98420500,95000
122299,chr9,98496500,98725500,229000
122300,chr9,98496500,98822500,326000
122301,chr9,98496500,98847500,351000
122302,chr9,98528500,98692500,164000
122303,chr9,98528500,98845500,317000
122304,chr9,98579500,98691500,112000
122305,chr9,98605500,98692500,87000
122306,chr9,98606500,98744500,138000
122307,chr9,98812500,98845500,33000
122308,chr9,98812500,99258500,446000
122311,chr9,98838500,99125500,287000
122313,chr9,98868500,99021500,153000
122315,chr9,98963500,99123500,160000
122317,chr9,99221500,99258500,37000
122318,chr9,99259500,99331500,72000
122323,chr9,99728500,100264500,536000
122327,chr9,99829500,100280500,451000
122329,chr9,100085500,100281500,196000
122330,chr9,100336500,100525500,189000
122334,chr9,100451500,100524500,73000
122335,chr9,100489500,100522500,33000
122337,chr9,100886500,101000500,114000
122349,chr9,101568500,102246500,678000
122350,chr9,102140500,102230500,90000
122351,chr9,102232500,102422500,190000
122352,chr9,102281500,102421500,140000
122353,chr9,102369500,102421500,52000
122357,chr9,102511500,102794500,283000
122359,chr9,102568500,102657500,89000
122362,chr9,102593500,102712500,119000
122363,chr9,102878500,102966500,88000
122365,chr9,102970500,103077500,107000
122366,chr9,102987500,103079500,92000
122368,chr9,103079500,103241500,162000
122379,chr9,103348500,103636500,288000
122380,chr9,103369500,103500500,131000
122381,chr9,103413500,103878500,465000
122382,chr9,103453500,103635500,182000
122385,chr9,103580500,103636500,56000
122388,chr9,103881500,103955500,74000
122392,chr9,103881500,104007500,126000
122394,chr9,103912500,104183500,271000
122397,chr9,103952500,104036500,84000
122398,chr9,103954500,104255500,301000
122400,chr9,104288500,104412500,124000
122403,chr9,104451500,104554500,103000
122405,chr9,104930500,105007500,77000
122406,chr9,105274500,105371500,97000
122409,chr9,105372500,105519500,147000
122413,chr9,105571500,105990500,419000
122414,chr9,105736500,105864500,128000
122416,chr9,111940500,112076500,136000
122421,chr9,113249500,113458500,209000
122422,chr9,113249500,113474500,225000
122423,chr9,113269500,113458500,189000
122424,chr9,113538500,113760500,222000
122425,chr9,113570500,113759500,189000
122426,chr9,113820500,113922500,102000
122427,chr9,113872500,113921500,49000
122430,chr9,105996500,106033500,37000
122431,chr9,105996500,106299500,303000
122433,chr9,106047500,106353500,306000
122434,chr9,106048500,106331500,283000
122437,chr9,106078500,106331500,253000
122438,chr9,106091500,106157500,66000
122439,chr9,106091500,106300500,209000
122440,chr9,106104500,106297500,193000
122441,chr9,106158500,106245500,87000
122442,chr9,106184500,106298500,114000
122443,chr9,106184500,106352500,168000
122444,chr9,106245500,106331500,86000
122445,chr9,106246500,106297500,51000
122446,chr9,106303500,106352500,49000
122456,chr9,106562500,106764500,202000
122458,chr9,106564500,106646500,82000
122466,chr9,106769500,107109500,340000
122469,chr9,106780500,107124500,344000
122471,chr9,106781500,107168500,387000
122478,chr9,107123500,107168500,45000
122479,chr9,107171500,107233500,62000
122480,chr9,107174500,107421500,247000
122481,chr9,107235500,107422500,187000
122482,chr9,107479500,107554500,75000
122484,chr9,107507500,107585500,78000
122489,chr9,107780500,107929500,149000
122490,chr9,107781500,107839500,58000
122491,chr9,107841500,107929500,88000
122494,chr9,109961500,110075500,114000
122497,chr9,109981500,110126500,145000
122498,chr9,110013500,110126500,113000
122500,chr9,110055500,110125500,70000
122503,chr9,110238500,110483500,245000
122504,chr9,110239500,110565500,326000
122505,chr9,110242500,110294500,52000
122512,chr9,110306500,110360500,54000
122513,chr9,110320500,110460500,140000
122514,chr9,110360500,110484500,124000
122515,chr9,110361500,110453500,92000
122519,chr9,110546500,110700500,154000
122521,chr9,110558500,110609500,51000
122523,chr9,110615500,110905500,290000
122526,chr9,110752500,110825500,73000
122527,chr9,110773500,110900500,127000
122529,chr9,110825500,111119500,294000
122530,chr9,110825500,111143500,318000
122531,chr9,110899500,111143500,244000
122532,chr9,110922500,111063500,141000
122533,chr9,110922500,111119500,197000
122536,chr9,111063500,111143500,80000
122539,chr9,111118500,111307500,189000
122545,chr9,111324500,111401500,77000
122546,chr9,111326500,111379500,53000
122548,chr9,111381500,111646500,265000
122549,chr9,111400500,111646500,246000
122550,chr9,111401500,111747500,346000
122552,chr9,111405500,111563500,158000
122555,chr9,107781500,108078500,297000
122558,chr9,108122500,108157500,35000
122561,chr9,108216500,108394500,178000
122573,chr9,108686500,108765500,79000
122579,chr9,108916500,108951500,35000
122604,chr9,109466500,109556500,90000
122606,chr9,109638500,109691500,53000
122607,chr9,109704500,109961500,257000
122608,chr9,109705500,109761500,56000
122612,chr9,109722500,109901500,179000
122614,chr9,109760500,109946500,186000
122615,chr9,109814500,109929500,115000
122622,chr9,114230500,114392500,162000
122624,chr9,114246500,114442500,196000
122625,chr9,114247500,114410500,163000
122626,chr9,114297500,114410500,113000
122627,chr9,114329500,114410500,81000
122629,chr9,114351500,114409500,58000
122630,chr9,114356500,114391500,35000
122635,chr9,114477500,114539500,62000
122636,chr9,114477500,114556500,79000
122637,chr9,114477500,114580500,103000
122640,chr9,114626500,114717500,91000
122642,chr9,114627500,114785500,158000
122643,chr9,114657500,114717500,60000
122644,chr9,114742500,114786500,44000
122646,chr9,114992500,115090500,98000
122648,chr9,115435500,115533500,98000
122650,chr9,115482500,115532500,50000
122652,chr9,115539500,115700500,161000
122653,chr9,115539500,115775500,236000
122654,chr9,115766500,115870500,104000
122655,chr9,115890500,116214500,324000
122656,chr9,115891500,116252500,361000
122659,chr9,115917500,116025500,108000
122660,chr9,115917500,116213500,296000
122661,chr9,115963500,116213500,250000
122663,chr9,116255500,116319500,64000
122664,chr9,116255500,116363500,108000
122665,chr9,116319500,116360500,41000
122668,chr9,116895500,117183500,288000
122669,chr9,116895500,117297500,402000
122670,chr9,117139500,117313500,174000
122671,chr9,117731500,117867500,136000
122679,chr9,118017500,118200500,183000
122681,chr9,118419500,118700500,281000
122682,chr9,118420500,118894500,474000
122683,chr9,118435500,118737500,302000
122690,chr9,118931500,119152500,221000
122691,chr9,118936500,119021500,85000
122693,chr9,119151500,119231500,80000
122696,chr9,119170500,119231500,61000
122699,chr9,119186500,119259500,73000
122702,chr9,119290500,119635500,345000
122703,chr9,119290500,119476500,186000
122704,chr9,119334500,119409500,75000
122706,chr9,119475500,119720500,245000
122707,chr9,119621500,119719500,98000
122709,chr9,119812500,119957500,145000
122712,chr9,119830500,119957500,127000
122716,chr9,119855500,119927500,72000
122718,chr9,119969500,120016500,47000
122719,chr9,119969500,120228500,259000
122721,chr9,119970500,120031500,61000
122724,chr9,120017500,120324500,307000
122725,chr9,120020500,120207500,187000
122726,chr9,120039500,120207500,168000
122727,chr9,120040500,120228500,188000
122728,chr9,120040500,120254500,214000
122729,chr9,120127500,120206500,79000
122730,chr9,120242500,120325500,83000
122731,chr9,120264500,120419500,155000
122732,chr9,120330500,120936500,606000
122733,chr9,120331500,121043500,712000
122734,chr9,120331500,120398500,67000
122737,chr9,120362500,120400500,38000
122741,chr9,120406500,120763500,357000
122747,chr9,120412500,121044500,632000
122749,chr9,120427500,120991500,564000
122751,chr9,120429500,121042500,613000
122753,chr9,120431500,120764500,333000
122754,chr9,120485500,120764500,279000
122757,chr9,120937500,121042500,105000
122760,chr9,121077500,121287500,210000
122761,chr9,121078500,121394500,316000
122766,chr9,121111500,121183500,72000
122767,chr9,121111500,121203500,92000
122769,chr9,121129500,121201500,72000
122773,chr9,121307500,121471500,164000
122776,chr9,121538500,121686500,148000
122779,chr9,121674500,121706500,32000
122780,chr9,121674500,121843500,169000
122782,chr9,121709500,121813500,104000
122783,chr9,121777500,121813500,36000
122784,chr9,121777500,122013500,236000
122786,chr9,121848500,122014500,166000
122788,chr9,122033500,122139500,106000
122791,chr9,122566500,122850500,284000
122793,chr9,122566500,122834500,268000
122797,chr9,122695500,122731500,36000
122798,chr9,122695500,122751500,56000
122801,chr9,122780500,122942500,162000
122803,chr9,122851500,122941500,90000
122805,chr9,122988500,123334500,346000
122806,chr9,123088500,123333500,245000
122807,chr9,123089500,123307500,218000
122808,chr9,123196500,123307500,111000
122810,chr9,123427500,123470500,43000
122811,chr9,123468500,123537500,69000
122827,chrX,7188500,7287500,99000
122829,chrX,7290500,7335500,45000
122830,chrX,7291500,7581500,290000
122831,chrX,7295500,7539500,244000
122833,chrX,7340500,7579500,239000
122835,chrX,7537500,7592500,55000
122836,chrX,7600500,7659500,59000
122838,chrX,7620500,7658500,38000
122839,chrX,7752500,7884500,132000
122847,chrX,11531500,11672500,141000
122859,chrX,11870500,12021500,151000
122866,chrX,12003500,12213500,210000
122868,chrX,12025500,12118500,93000
122869,chrX,12026500,12213500,187000
122875,chrX,12519500,12721500,202000
122877,chrX,12542500,12740500,198000
122880,chrX,12543500,12705500,162000
122882,chrX,12628500,12718500,90000
122897,chrX,12880500,12912500,32000
122898,chrX,12880500,12936500,56000
122905,chrX,12967500,13015500,48000
122911,chrX,13096500,13352500,256000
122913,chrX,13109500,13146500,37000
122915,chrX,13148500,13328500,180000
122916,chrX,13162500,13211500,49000
122917,chrX,13213500,13328500,115000
122924,chrX,20528500,20685500,157000
122927,chrX,20554500,20660500,106000
122935,chrX,35753500,35825500,72000
122945,chrX,36096500,36163500,67000
122946,chrX,36097500,36148500,51000
122949,chrX,36195500,36282500,87000
122950,chrX,36284500,36337500,53000
122954,chrX,36353500,36404500,51000
122956,chrX,36903500,36992500,89000
122957,chrX,37151500,37268500,117000
122958,chrX,37152500,37256500,104000
122960,chrX,37173500,37255500,82000
122961,chrX,37173500,37270500,97000
122966,chrX,37526500,37588500,62000
122972,chrX,37621500,37700500,79000
122974,chrX,37655500,37689500,34000
122978,chrX,47081500,47473500,392000
122979,chrX,47082500,47187500,105000
122980,chrX,47109500,47185500,76000
122981,chrX,47109500,47213500,104000
122982,chrX,47183500,47473500,290000
122983,chrX,47183500,47500500,317000
122984,chrX,47184500,47298500,114000
122985,chrX,47367500,47499500,132000
122995,chrX,55801500,55836500,35000
122996,chrX,51953500,52038500,85000
123000,chrX,52114500,52343500,229000
123008,chrX,57049500,57185500,136000
123010,chrX,57050500,57173500,123000
123011,chrX,57059500,57200500,141000
123013,chrX,57079500,57166500,87000
123014,chrX,57084500,57142500,58000
123018,chrX,50984500,51459500,475000
123023,chrX,51176500,51459500,283000
123027,chrX,51256500,51366500,110000
123029,chrX,51280500,51367500,87000
123038,chrX,51848500,51884500,36000
123048,chrX,70469500,70645500,176000
123049,chrX,70495500,70645500,150000
123050,chrX,70495500,70667500,172000
123052,chrX,70577500,70644500,67000
123060,chrX,72495500,72537500,42000
123061,chrX,72637500,72697500,60000
123063,chrX,72716500,72781500,65000
123064,chrX,72716500,72810500,94000
123065,chrX,72719500,72758500,39000
123067,chrX,72759500,72830500,71000
123069,chrX,72842500,72991500,149000
123070,chrX,72842500,72939500,97000
123074,chrX,73010500,73043500,33000
123078,chrX,73290500,73472500,182000
123079,chrX,73291500,73437500,146000
123080,chrX,73292500,73398500,106000
123084,chrX,73414500,73472500,58000
123106,chrX,92632500,92670500,38000
123107,chrX,92669500,92742500,73000
123110,chrX,92837500,92955500,118000
123118,chrX,93333500,93409500,76000
123124,chrX,93908500,94055500,147000
123128,chrX,95063500,95222500,159000
123132,chrX,95096500,95139500,43000
123133,chrX,95141500,95177500,36000
123141,chrX,105002500,105054500,52000
123145,chrX,98032500,98122500,90000
123149,chrX,98177500,98637500,460000
123150,chrX,98179500,98600500,421000
123151,chrX,98181500,98242500,61000
123153,chrX,98567500,98618500,51000
123154,chrX,98601500,98637500,36000
123163,chrX,102303500,102415500,112000
123167,chrX,102417500,102485500,68000
123174,chrX,103243500,103303500,60000
123176,chrX,100116500,100165500,49000
123185,chrX,100300500,100374500,74000
123186,chrX,100439500,100526500,87000
123188,chrX,100473500,100525500,52000
123191,chrX,100526500,100567500,41000
123192,chrX,100574500,100683500,109000
123197,chrX,100612500,100723500,111000
123198,chrX,100682500,100740500,58000
123200,chrX,100863500,100986500,123000
123201,chrX,100998500,101110500,112000
123203,chrX,101282500,101521500,239000
123211,chrX,105996500,106029500,33000
123217,chrX,132831500,132918500,87000
123221,chrX,132970500,133241500,271000
123227,chrX,133442500,133486500,44000
123233,chrX,133631500,133814500,183000
123234,chrX,133631500,133825500,194000
123237,chrX,133647500,133827500,180000
123242,chrX,135918500,136043500,125000
123247,chrX,134643500,134697500,54000
123249,chrX,134740500,134786500,46000
123250,chrX,134894500,134933500,39000
123251,chrX,134948500,135028500,80000
123256,chrX,135115500,135171500,56000
123257,chrX,135139500,135204500,65000
123264,chrX,135642500,135690500,48000
123268,chrX,135645500,135720500,75000
123269,chrX,135860500,135916500,56000
123270,chrX,135879500,135916500,37000
123276,chrX,138343500,138563500,220000
123279,chrX,138653500,138733500,80000
123290,chrX,138899500,138962500,63000
123294,chrX,139380500,139501500,121000
123296,chrX,139393500,139445500,52000
123299,chrX,139444500,139500500,56000
123319,chrX,149915500,149955500,40000
123320,chrX,151939500,152149500,210000
123321,chrX,151993500,152146500,153000
123324,chrX,152153500,152289500,136000
123345,chrX,151027500,151107500,80000
123347,chrX,151400500,151617500,217000
123348,chrX,151402500,151488500,86000
123350,chrX,151468500,151601500,133000
123356,chrX,153955500,154089500,134000
123357,chrX,153956500,154101500,145000
123358,chrX,153999500,154044500,45000
123359,chrX,154052500,154117500,65000
123361,chrX,156128500,156237500,109000
123362,chrX,156246500,156341500,95000
123364,chrX,156270500,156427500,157000
123367,chrX,156385500,156426500,41000
123370,chrX,158008500,158048500,40000
123373,chrX,158156500,158195500,39000
123381,chrX,158770500,158900500,130000
123382,chrX,158770500,158920500,150000
123389,chrX,161309500,161501500,192000
123390,chrX,161502500,161654500,152000
123394,chrX,161543500,161613500,70000
123400,chrX,161612500,161671500,59000
123401,chrX,161732500,161926500,194000
123410,chrX,167833500,167868500,35000
123413,chrX,165262500,165401500,139000
123414,chrX,165295500,165402500,107000
123415,chrX,165294500,165430500,136000
123417,chrX,165315500,165402500,87000
123421,chrX,165940500,165990500,50000
123429,chrX,162692500,162741500,49000
123434,chrX,162764500,162849500,85000
123435,chrX,162787500,162849500,62000
123441,chrX,163087500,163178500,91000
123442,chrX,163165500,163201500,36000
123455,chr1,7469000,7841000,372000
123461,chr1,10907000,11063000,156000
123490,chr1,22507000,22573000,66000
123509,chr1,35983000,36103000,120000
123538,chr1,43993000,44041000,48000
123548,chr1,45865000,45969000,104000
123554,chr1,53757000,53821000,64000
123566,chr1,57465000,57879000,414000
123597,chr1,61221000,61337000,116000
123606,chr1,63955000,64481000,526000
123622,chr1,71329000,71511000,182000
123646,chr1,80279000,80385000,106000
123699,chr1,106103000,106205000,102000
123758,chr1,139367000,139401000,34000
123782,chr1,156501000,156905000,404000
123819,chr1,164203000,164321000,118000
123821,chr1,165605000,165681000,76000
123849,chr1,180093000,180379000,286000
123870,chr1,184523000,184927000,404000
123879,chr1,186567000,186657000,90000
123903,chr10,3949000,4297000,348000
123926,chr10,7541000,7657000,116000
123937,chr10,17609000,17929000,320000
123951,chr10,13847000,13959000,112000
123976,chr10,30497000,30717000,220000
123991,chr10,39045000,39511000,466000
124010,chr10,41811000,42169000,358000
124054,chr10,70153000,70801000,648000
124090,chr10,82479000,82719000,240000
124093,chr10,82743000,83191000,448000
124097,chr10,88213000,88615000,402000
124102,chr10,85187000,85489000,302000
124111,chr10,90955000,90997000,42000
124155,chr10,115019000,115129000,110000
124157,chr10,115161000,115423000,262000
124173,chr10,117993000,118345000,352000
124175,chr10,118429000,118875000,446000
124213,chr11,3953000,4075000,122000
124220,chr11,5749000,5819000,70000
124229,chr11,6719000,7015000,296000
124230,chr11,6847000,7015000,168000
124284,chr11,33125000,33431000,306000
124313,chr11,46417000,46459000,42000
124317,chr11,50101000,50269000,168000
124349,chr11,64789000,64859000,70000
124401,chr11,75671000,75977000,306000
124411,chr11,80001000,80141000,140000
124425,chr11,82805000,83315000,510000
124437,chr11,88389000,88621000,232000
124465,chr11,103059000,103355000,296000
124496,chr11,111427000,113057000,1630000
124505,chr11,109845000,110073000,228000
124537,chr11,120705000,120861000,156000
124542,chr12,4237000,4599000,362000
124544,chr12,4779000,5023000,244000
124548,chr12,8775000,9051000,276000
124561,chr12,11299000,11359000,60000
124580,chr12,28749000,28879000,130000
124586,chr12,30939000,31055000,116000
124621,chr12,41543000,41725000,182000
124632,chr12,52687000,52943000,256000
124640,chr12,56727000,56833000,106000
124664,chr12,65029000,65143000,114000
124679,chr12,73989000,74023000,34000
124705,chr12,81029000,81315000,286000
124714,chr12,83073000,83545000,472000
124731,chr12,98639000,98747000,108000
124747,chr12,104211000,104385000,174000
124748,chr12,104407000,104867000,460000
124750,chr12,104735000,104903000,168000
124799,chr13,9237000,9815000,578000
124836,chr13,31993000,32099000,106000
124865,chr13,37663000,38011000,348000
124890,chr13,50511000,50635000,124000
124901,chr13,57037000,57411000,374000
124951,chr13,71607000,72105000,498000
124961,chr13,78245000,78333000,88000
124966,chr13,75857000,76023000,166000
124979,chr13,81759000,81909000,150000
125004,chr13,97573000,97621000,48000
125031,chr13,99001000,99309000,308000
125056,chr13,112003000,112395000,392000
125083,chr14,3993000,4089000,96000
125108,chr14,24557000,24943000,386000
125127,chr14,30313000,30421000,108000
125160,chr14,49475000,49629000,154000
125170,chr14,51075000,51141000,66000
125179,chr14,56921000,56995000,74000
125191,chr14,64831000,64879000,48000
125200,chr14,63409000,63741000,332000
125209,chr14,59847000,60115000,268000
125213,chr14,60833000,60925000,92000
125224,chr14,67933000,68055000,122000
125250,chr14,78967000,79347000,380000
125264,chr14,99379000,99765000,386000
125276,chr14,106063000,106133000,70000
125304,chr15,3707000,3777000,70000
125332,chr15,8657000,8995000,338000
125357,chr15,12277000,12797000,520000
125391,chr15,41027000,41653000,626000
125416,chr15,54977000,55069000,92000
125444,chr15,59477000,59697000,220000
125474,chr15,88981000,89169000,188000
125491,chr15,93277000,93335000,58000
125498,chr15,91665000,91867000,202000
125534,chr16,8459000,8687000,228000
125566,chr16,24589000,24885000,296000
125570,chr16,25195000,25635000,440000
125587,chr16,28659000,29027000,368000
125596,chr16,32517000,32865000,348000
125606,chr16,34879000,35093000,214000
125618,chr16,48085000,48189000,104000
125619,chr16,49585000,49715000,130000
125668,chr16,96737000,97095000,358000
125676,chr16,91789000,92083000,294000
125688,chr17,5249000,5451000,202000
125694,chr17,10575000,10717000,142000
125729,chr17,26113000,26231000,118000
125789,chr17,53709000,53827000,118000
125797,chr17,56711000,56859000,148000
125807,chr17,67663000,67781000,118000
125846,chr17,83581000,84115000,534000
125856,chr17,88467000,88817000,350000
125867,chr17,86469000,86601000,132000
125869,chr17,93509000,93613000,104000
125877,chr18,3503000,4099000,596000
125941,chr18,34211000,34549000,338000
125955,chr18,42735000,43033000,298000
125972,chr18,53091000,53375000,284000
125974,chr18,53261000,53491000,230000
125978,chr18,56893000,57263000,370000
126017,chr18,70635000,70821000,186000
126031,chr18,69285000,69703000,418000
126050,chr18,76053000,76281000,228000
126055,chr18,77545000,77693000,148000
126065,chr18,82601000,82735000,134000
126068,chr18,83081000,83373000,292000
126092,chr19,17381000,17527000,146000
126095,chr19,11995000,12111000,116000
126159,chr19,28755000,29015000,260000
126178,chr19,40223000,40535000,312000
126187,chr19,37423000,37499000,76000
126203,chr19,45289000,45729000,440000
126213,chr19,46077000,46363000,286000
126221,chr19,56341000,57023000,682000
126228,chr19,59229000,59371000,142000
126232,chr2,3423000,3513000,90000
126243,chr2,5087000,5859000,772000
126267,chr2,12929000,13015000,86000
126272,chr2,17943000,18209000,266000
126295,chr2,31707000,32021000,314000
126319,chr2,37315000,37661000,346000
126346,chr2,57005000,57265000,260000
126387,chr2,73625000,73723000,98000
126398,chr2,79201000,79605000,404000
126407,chr2,73741000,74499000,758000
126424,chr2,90305000,90575000,270000
126442,chr2,109123000,109167000,44000
126452,chr2,106483000,106785000,302000
126462,chr2,116725000,117171000,446000
126463,chr2,116959000,117003000,44000
126492,chr2,126959000,127073000,114000
126551,chr2,144537000,145003000,466000
126560,chr2,150521000,150843000,322000
126612,chr2,174331000,174741000,410000
126617,chr2,169955000,170245000,290000
126618,chr2,170059000,170185000,126000
126656,chr3,19617000,19679000,62000
126720,chr3,53467000,53561000,94000
126797,chr3,94517000,94731000,214000
126810,chr3,97837000,98007000,170000
126885,chr3,134931000,134967000,36000
126919,chr3,148605000,148691000,86000
126937,chr4,5691000,5801000,110000
126946,chr4,11201000,11243000,42000
126965,chr4,21881000,21953000,72000
126978,chr4,34565000,34609000,44000
126979,chr4,34615000,34919000,304000
126984,chr4,44709000,44957000,248000
127008,chr4,55101000,55239000,138000
127020,chr4,57781000,57845000,64000
127050,chr4,88791000,88855000,64000
127077,chr4,102841000,102979000,138000
127098,chr4,107795000,107961000,166000
127116,chr4,118241000,118431000,190000
127133,chr4,124621000,124941000,320000
127141,chr4,128605000,129003000,398000
127174,chr4,144619000,144923000,304000
127201,chr4,153263000,153311000,48000
127212,chr5,8455000,8495000,40000
127224,chr5,18565000,18651000,86000
127273,chr5,31087000,31157000,70000
127295,chr5,33831000,34051000,220000
127318,chr5,45697000,45797000,100000
127341,chr5,74769000,75319000,550000
127342,chr5,75123000,75227000,104000
127343,chr5,76025000,76347000,322000
127359,chr5,97275000,97537000,262000
127367,chr5,92287000,92385000,98000
127392,chr5,102095000,102223000,128000
127416,chr5,117291000,117415000,124000
127437,chr5,119279000,119831000,552000
127471,chr5,134377000,134515000,138000
127499,chr5,143705000,143859000,154000
127508,chr5,138573000,138655000,82000
127558,chr6,29445000,29651000,206000
127577,chr6,37569000,37931000,362000
127582,chr6,33927000,34255000,328000
127602,chr6,56697000,56761000,64000
127687,chr6,97127000,97501000,374000
127740,chr6,120767000,121157000,390000
127782,chr6,135129000,135215000,86000
127823,chr7,3711000,4151000,440000
127825,chr7,4691000,4917000,226000
127873,chr7,26479000,26983000,504000
127889,chr7,34105000,34481000,376000
127895,chr7,39101000,39199000,98000
127896,chr7,39137000,39195000,58000
127897,chr7,39201000,39305000,104000
127941,chr7,44911000,45259000,348000
127962,chr7,62875000,62967000,92000
127963,chr7,63711000,63805000,94000
127968,chr7,67787000,68007000,220000
128043,chr7,105049000,105287000,238000
128057,chr7,101569000,101651000,82000
128129,chr7,137081000,137349000,268000
128152,chr7,138665000,139161000,496000
128206,chr8,24731000,25017000,286000
128234,chr8,36999000,37199000,200000
128240,chr8,45561000,45687000,126000
128248,chr8,48675000,49193000,518000
128276,chr8,67887000,67941000,54000
128290,chr8,73731000,74077000,346000
128294,chr8,75581000,75657000,76000
128298,chr8,78149000,78345000,196000
128341,chr8,88559000,88751000,192000
128362,chr8,94539000,94931000,392000
128377,chr8,91543000,91797000,254000
128386,chr8,108331000,108601000,270000
128391,chr8,109519000,109635000,116000
128393,chr8,109743000,109911000,168000
128426,chr8,117981000,118193000,212000
128428,chr8,118657000,119577000,920000
128429,chr8,119309000,119577000,268000
128444,chr8,119797000,120025000,228000
128449,chr8,121011000,121337000,326000
128450,chr8,121093000,121327000,234000
128467,chr8,126679000,126865000,186000
128498,chr9,14703000,14743000,40000
128564,chr9,44537000,44733000,196000
128568,chr9,47279000,47441000,162000
128617,chr9,65505000,65969000,464000
128618,chr9,65511000,65659000,148000
128643,chr9,75113000,75189000,76000
128666,chr9,87621000,87857000,236000
128703,chr9,100797000,100883000,86000
128714,chr9,104931000,105269000,338000
128736,chr9,108005000,108321000,316000
128755,chr9,107235000,107477000,242000
128764,chr9,111325000,111519000,194000
128819,chrX,47081000,47559000,478000
128900,chrX,98375000,98499000,124000
128998,chr1,10906500,11074500,168000
129009,chr1,13222500,13424500,202000
129012,chr1,20684500,20820500,136000
129015,chr1,23866500,24060500,194000
129027,chr1,35788500,36172500,384000
129038,chr1,38828500,38895500,67000
129045,chr1,43319500,43776500,457000
129046,chr1,51398500,51638500,240000
129059,chr1,62834500,63004500,170000
129090,chr1,79739500,79836500,97000
129091,chr1,77391500,77488500,97000
129095,chr1,74831500,74989500,158000
129098,chr1,75003500,75091500,88000
129099,chr1,75423500,75575500,152000
129127,chr1,92577500,92822500,245000
129140,chr1,120528500,121014500,486000
129156,chr1,130985500,131197500,212000
129157,chr1,131218500,131525500,307000
129165,chr1,133561500,133645500,84000
129185,chr1,152727500,153337500,610000
129193,chr1,160680500,160746500,66000
129206,chr1,168223500,168258500,35000
129219,chr1,176706500,176931500,225000
129230,chr1,172033500,172138500,105000
129240,chr1,182819500,183095500,276000
129243,chr1,180817500,180912500,95000
129252,chr1,181846500,181930500,84000
129253,chr1,181847500,181942500,95000
129261,chr1,190818500,190915500,97000
129273,chr10,4511500,5109500,598000
129278,chr10,7465500,7656500,191000
129312,chr10,33828500,34204500,376000
129313,chr10,36719500,36858500,139000
129327,chr10,46611500,46695500,84000
129331,chr10,45258500,45676500,418000
129335,chr10,43087500,43352500,265000
129339,chr10,57363500,57407500,44000
129344,chr10,52110500,52152500,42000
129354,chr10,59288500,59699500,411000
129364,chr10,67384500,67482500,98000
129375,chr10,74760500,74857500,97000
129376,chr10,74760500,74987500,227000
129377,chr10,74773500,74895500,122000
129384,chr10,77820500,77997500,177000
129385,chr10,77905500,77996500,91000
129398,chr10,88338500,88567500,229000
129402,chr10,85927500,86288500,361000
129403,chr10,86018500,86299500,281000
129404,chr10,86138500,86299500,161000
129418,chr10,105441500,105549500,108000
129422,chr10,108136500,108282500,146000
129430,chr10,120094500,120538500,444000
129440,chr10,127013500,127168500,155000
129448,chr11,3423500,3646500,223000
129451,chr11,7161500,8355500,1194000
129467,chr11,12323500,12482500,159000
129469,chr11,19862500,19981500,119000
129490,chr11,34362500,34686500,324000
129503,chr11,44485500,44939500,454000
129518,chr11,52312500,52629500,317000
129527,chr11,55410500,55997500,587000
129528,chr11,55883500,55999500,116000
129535,chr11,62647500,63026500,379000
129563,chr11,72245500,72318500,73000
129574,chr11,69946500,70092500,146000
129594,chr11,76205500,76277500,72000
129598,chr11,77874500,78056500,182000
129600,chr11,78101500,78179500,78000
129605,chr11,79536500,79867500,331000
129615,chr11,88184500,88714500,530000
129617,chr11,88739500,88844500,105000
129638,chr11,96316500,96752500,436000
129652,chr11,100875500,100947500,72000
129658,chr11,97918500,98083500,165000
129662,chr11,99439500,99744500,305000
129669,chr11,110256500,110387500,131000
129676,chr11,109207500,109476500,269000
129686,chr11,114704500,114753500,49000
129693,chr11,116159500,116355500,196000
129694,chr11,116629500,116947500,318000
129697,chr11,118924500,119095500,171000
129709,chr12,3288500,3440500,152000
129715,chr12,4624500,4912500,288000
129717,chr12,4928500,4966500,38000
129732,chr12,28639500,29116500,477000
129733,chr12,28640500,28749500,109000
129739,chr12,32343500,32429500,86000
129749,chr12,40894500,41066500,172000
129750,chr12,40895500,41103500,208000
129751,chr12,44256500,44316500,60000
129756,chr12,54157500,54209500,52000
129764,chr12,71232500,71754500,522000
129768,chr12,73092500,73159500,67000
129784,chr12,75511500,75819500,308000
129785,chr12,79351500,80181500,830000
129786,chr12,79495500,80180500,685000
129793,chr12,83819500,84109500,290000
129794,chr12,84015500,84316500,301000
129795,chr12,84178500,84323500,145000
129797,chr12,85353500,85538500,185000
129799,chr12,85555500,85776500,221000
129811,chr12,90707500,91280500,573000
129819,chr12,98703500,98867500,164000
129820,chr12,99050500,99138500,88000
129824,chr12,99064500,99804500,740000
129831,chr12,101089500,101328500,239000
129832,chr12,103961500,104035500,74000
129840,chr12,105121500,105395500,274000
129851,chr12,111637500,111679500,42000
129852,chr12,111708500,111928500,220000
129858,chr12,117429500,117728500,299000
129859,chr12,117485500,117731500,246000
129870,chr13,9246500,9612500,366000
129885,chr13,22158500,22201500,43000
129892,chr13,23806500,23867500,61000
129911,chr13,36763500,36919500,156000
129924,chr13,44018500,45131500,1113000
129946,chr13,53273500,53469500,196000
129949,chr13,54725500,54830500,105000
129950,chr13,54867500,55218500,351000
129960,chr13,56911500,57418500,507000
129963,chr13,64012500,64183500,171000
129972,chr13,60895500,60967500,72000
129992,chr13,83873500,84906500,1033000
130010,chr13,97378500,97432500,54000
130021,chr13,99557500,99975500,418000
130024,chr13,103258500,103781500,523000
130026,chr13,99489500,100007500,518000
130032,chr13,100221500,100768500,547000
130039,chr13,106994500,107038500,44000
130060,chr13,120093500,120151500,58000
130076,chr14,10330500,10641500,311000
130096,chr14,31820500,31907500,87000
130098,chr14,26909500,27216500,307000
130099,chr14,27215500,27463500,248000
130125,chr14,55867500,55996500,129000
130141,chr14,60763500,61349500,586000
130149,chr14,63783500,63996500,213000
130155,chr14,67987500,68183500,196000
130177,chr14,76484500,76663500,179000
130198,chr14,121516500,121599500,83000
130200,chr14,122446500,122885500,439000
130202,chr14,122654500,122702500,48000
130209,chr15,8479500,8618500,139000
130218,chr15,10485500,10714500,229000
130227,chr15,27466500,27629500,163000
130228,chr15,27647500,27852500,205000
130229,chr15,27648500,27822500,174000
130230,chr15,27659500,27715500,56000
130232,chr15,31367500,31416500,49000
130235,chr15,34098500,34428500,330000
130250,chr15,37649500,37907500,258000
130259,chr15,39225500,39995500,770000
130260,chr15,39294500,39694500,400000
130275,chr15,58847500,58953500,106000
130277,chr15,61859500,62032500,173000
130296,chr15,81397500,81469500,72000
130297,chr15,81669500,81801500,132000
130307,chr15,76902500,77251500,349000
130329,chr15,84019500,84093500,74000
130334,chr15,85151500,85593500,442000
130341,chr15,91656500,91748500,92000
130347,chr15,97135500,97350500,215000
130353,chr15,101428500,101881500,453000
130354,chr15,101429500,101974500,545000
130356,chr15,98408500,98596500,188000
130369,chr16,4122500,4357500,235000
130371,chr16,4512500,4861500,349000
130380,chr16,8504500,8623500,119000
130381,chr16,8556500,8598500,42000
130403,chr16,11135500,11235500,100000
130409,chr16,20528500,21009500,481000
130421,chr16,22247500,22366500,119000
130446,chr16,37519500,37767500,248000
130457,chr16,44564500,44844500,280000
130469,chr16,56943500,56986500,43000
130474,chr16,59351500,59420500,69000
130476,chr16,72488500,72760500,272000
130486,chr16,87207500,87283500,76000
130509,chr16,95372500,95757500,385000
130511,chr16,95449500,95697500,248000
130516,chr17,9388500,9618500,230000
130517,chr17,10415500,10720500,305000
130528,chr17,15729500,15974500,245000
130532,chr17,24383500,24646500,263000
130533,chr17,24457500,24640500,183000
130535,chr17,24698500,24887500,189000
130542,chr17,29748500,30008500,260000
130547,chr17,31357500,31406500,49000
130551,chr17,28695500,28746500,51000
130575,chr17,36149500,36291500,142000
130591,chr17,34866500,35069500,203000
130593,chr17,35386500,35452500,66000
130604,chr17,46911500,47026500,115000
130606,chr17,48185500,48341500,156000
130610,chr17,53786500,53995500,209000
130614,chr17,50259500,50599500,340000
130617,chr17,56186500,56251500,65000
130623,chr17,63740500,63801500,61000
130629,chr17,66177500,66516500,339000
130636,chr17,71028500,71276500,248000
130637,chr17,71856500,71978500,122000
130646,chr17,74052500,74188500,136000
130657,chr17,85281500,85405500,124000
130666,chr17,87572500,87878500,306000
130672,chr18,3496500,4127500,631000
130676,chr18,9719500,9864500,145000
130678,chr18,6241500,6281500,40000
130679,chr18,6325500,6393500,68000
130691,chr18,11973500,12044500,71000
130696,chr18,21266500,21444500,178000
130700,chr18,24182500,24326500,144000
130703,chr18,24841500,25088500,247000
130705,chr18,25800500,25886500,86000
130709,chr18,33308500,33923500,615000
130724,chr18,34983500,35672500,689000
130730,chr18,36812500,36916500,104000
130734,chr18,37223500,37350500,127000
130744,chr18,46753500,46931500,178000
130745,chr18,47126500,47485500,359000
130752,chr18,54852500,54961500,109000
130755,chr18,56496500,56737500,241000
130756,chr18,56795500,56843500,48000
130782,chr18,69812500,69915500,103000
130793,chr18,74913500,75120500,207000
130795,chr18,81024500,81092500,68000
130803,chr18,88849500,88999500,150000
130808,chr18,82769500,83027500,258000
130810,chr18,82783500,82933500,150000
130825,chr19,14622500,14812500,190000
130826,chr19,14641500,14767500,126000
130827,chr19,14668500,15012500,344000
130828,chr19,16321500,16576500,255000
130832,chr19,10079500,10160500,81000
130841,chr19,20340500,20740500,400000
130847,chr19,23350500,23501500,151000
130848,chr19,24279500,24678500,399000
130860,chr19,28344500,28737500,393000
130873,chr19,37423500,37518500,95000
130883,chr19,42024500,42140500,116000
130908,chr19,45288500,45532500,244000
130914,chr19,55324500,55995500,671000
130915,chr19,55527500,55994500,467000
130959,chr2,27661500,27995500,334000
130982,chr2,37706500,37826500,120000
130985,chr2,57009500,57156500,147000
130988,chr2,53030500,53076500,46000
130999,chr2,59955500,60039500,84000
131014,chr2,73401500,73622500,221000
131022,chr2,70983500,71111500,128000
131024,chr2,71411500,71729500,318000
131035,chr2,74511500,74566500,55000
131036,chr2,74511500,74579500,68000
131042,chr2,74795500,74968500,173000
131059,chr2,91111500,91367500,256000
131067,chr2,101907500,102283500,376000
131075,chr2,109735500,109845500,110000
131083,chr2,115704500,115851500,147000
131091,chr2,124898500,124997500,99000
131092,chr2,125105500,125348500,243000
131094,chr2,125625500,125700500,75000
131097,chr2,126518500,126849500,331000
131107,chr2,127779500,128251500,472000
131108,chr2,127964500,128191500,227000
131111,chr2,128956500,129050500,94000
131125,chr2,130885500,131369500,484000
131130,chr2,139908500,140012500,104000
131136,chr2,148594500,148692500,98000
131141,chr2,146867500,146916500,49000
131144,chr2,151591500,151849500,258000
131146,chr2,151772500,151849500,77000
131147,chr2,151783500,151836500,53000
131150,chr2,152457500,152511500,54000
131162,chr2,160220500,160433500,213000
131163,chr2,160220500,160420500,200000
131169,chr2,158390500,158483500,93000
131195,chr2,165997500,166405500,408000
131213,chr2,173061500,173388500,327000
131219,chr2,180638500,180713500,75000
131238,chr3,41303500,41426500,123000
131249,chr3,35377500,35536500,159000
131256,chr3,57574500,57643500,69000
131284,chr3,67966500,68389500,423000
131290,chr3,69506500,69608500,102000
131304,chr3,84844500,85181500,337000
131313,chr3,87678500,87767500,89000
131321,chr3,89423500,89713500,290000
131336,chr3,101018500,101201500,183000
131338,chr3,101210500,101719500,509000
131347,chr3,102074500,102111500,37000
131354,chr3,108309500,108561500,252000
131357,chr3,107001500,107067500,66000
131361,chr3,115455500,115681500,226000
131368,chr3,126978500,127101500,123000
131374,chr3,122442500,122897500,455000
131377,chr3,135108500,135287500,179000
131378,chr3,135286500,135435500,149000
131391,chr3,145654500,145810500,156000
131405,chr4,11929500,12023500,94000
131407,chr4,10911500,11062500,151000
131410,chr4,22132500,22475500,343000
131413,chr4,21741500,21863500,122000
131416,chr4,32250500,32552500,302000
131417,chr4,32341500,32551500,210000
131434,chr4,45097500,45305500,208000
131444,chr4,46601500,46991500,390000
131451,chr4,57250500,57320500,70000
131476,chr4,83144500,83265500,121000
131493,chr4,98776500,99070500,294000
131506,chr4,108185500,108477500,292000
131508,chr4,108422500,108466500,44000
131513,chr4,120086500,120142500,56000
131514,chr4,116471500,116553500,82000
131535,chr4,123851500,124025500,174000
131538,chr4,124072500,124567500,495000
131572,chr4,137572500,137680500,108000
131580,chr4,139218500,139364500,146000
131598,chr4,148767500,149035500,268000
131602,chr4,152224500,152370500,146000
131603,chr4,152416500,152518500,102000
131609,chr4,151584500,151978500,394000
131610,chr4,151695500,151767500,72000
131613,chr4,155235500,155307500,72000
131625,chr5,21942500,21990500,48000
131626,chr5,22137500,22532500,395000
131628,chr5,23707500,23876500,169000
131633,chr5,24540500,24676500,136000
131635,chr5,25641500,25798500,157000
131638,chr5,28543500,28597500,54000
131645,chr5,31027500,31074500,47000
131646,chr5,31179500,31283500,104000
131648,chr5,31866500,32296500,430000
131660,chr5,34507500,34809500,302000
131692,chr5,65900500,66095500,195000
131693,chr5,65980500,66095500,115000
131699,chr5,74279500,74437500,158000
131705,chr5,77114500,77425500,311000
131711,chr5,89032500,89368500,336000
131718,chr5,92877500,93118500,241000
131732,chr5,103840500,103901500,61000
131739,chr5,106611500,106938500,327000
131750,chr5,111561500,111996500,435000
131754,chr5,116170500,116350500,180000
131760,chr5,114599500,114757500,158000
131766,chr5,118573500,118650500,77000
131783,chr5,123063500,123182500,119000
131790,chr5,129119500,129597500,478000
131794,chr5,129255500,129578500,323000
131797,chr5,123874500,124530500,656000
131804,chr5,131323500,131458500,135000
131805,chr5,131488500,131558500,70000
131810,chr5,135579500,135641500,62000
131812,chr5,135930500,135994500,64000
131820,chr5,137601500,137764500,163000
131822,chr5,142136500,142304500,168000
131838,chr5,144239500,144683500,444000
131845,chr5,138832500,139269500,437000
131846,chr5,138833500,139255500,422000
131885,chr6,30460500,31010500,550000
131887,chr6,31052500,31166500,114000
131905,chr6,48155500,48505500,350000
131918,chr6,52141500,52191500,50000
131930,chr6,64950500,65102500,152000
131940,chr6,71007500,71102500,95000
131944,chr6,71957500,72142500,185000
131971,chr6,86791500,86993500,202000
131980,chr6,97255500,97331500,76000
131988,chr6,92766500,92845500,79000
131998,chr6,91036500,91106500,70000
132007,chr6,108637500,108686500,49000
132008,chr6,112110500,112167500,57000
132014,chr6,119467500,119899500,432000
132039,chr6,124458500,124519500,61000
132046,chr6,128167500,128285500,118000
132073,chr6,137637500,137700500,63000
132081,chr6,144217500,144284500,67000
132088,chr6,148357500,148815500,458000
132093,chr7,3286500,3425500,139000
132094,chr7,3286500,3499500,213000
132099,chr7,6437500,6940500,503000
132108,chr7,15710500,15797500,87000
132112,chr7,16029500,16122500,93000
132114,chr7,16240500,16352500,112000
132116,chr7,16545500,16646500,101000
132119,chr7,24830500,24989500,159000
132123,chr7,25419500,25505500,86000
132133,chr7,30047500,30131500,84000
132137,chr7,27003500,27101500,98000
132141,chr7,28147500,28426500,279000
132144,chr7,33949500,34055500,106000
132149,chr7,40321500,40549500,228000
132158,chr7,48782500,49126500,344000
132163,chr7,43522500,44000500,478000
132168,chr7,45112500,45356500,244000
132176,chr7,64934500,65169500,235000
132182,chr7,66878500,67280500,402000
132184,chr7,67453500,67778500,325000
132187,chr7,67454500,67611500,157000
132188,chr7,67602500,67913500,311000
132194,chr7,79099500,79342500,243000
132204,chr7,81771500,81922500,151000
132207,chr7,88963500,89054500,91000
132216,chr7,92302500,92510500,208000
132227,chr7,98549500,98729500,180000
132232,chr7,100591500,100949500,358000
132234,chr7,101779500,101828500,49000
132240,chr7,109983500,110229500,246000
132248,chr7,112519500,112838500,319000
132250,chr7,113358500,113620500,262000
132263,chr7,117904500,118047500,143000
132267,chr7,118623500,119026500,403000
132288,chr7,126625500,126795500,170000
132293,chr7,130135500,130204500,69000
132295,chr7,131142500,131348500,206000
132313,chr7,138648500,138780500,132000
132319,chr7,139163500,139639500,476000
132320,chr7,141994500,142228500,234000
132322,chr7,142562500,142623500,61000
132323,chr7,142648500,142692500,44000
132337,chr8,3408500,3500500,92000
132348,chr8,12031500,12246500,215000
132349,chr8,12447500,12723500,276000
132351,chr8,18667500,18973500,306000
132375,chr8,34254500,34546500,292000
132376,chr8,34287500,34448500,161000
132379,chr8,34736500,35283500,547000
132385,chr8,36327500,36561500,234000
132395,chr8,45391500,45431500,40000
132397,chr8,47469500,47645500,176000
132401,chr8,48393500,48468500,75000
132420,chr8,70992500,71046500,54000
132421,chr8,71062500,71221500,159000
132435,chr8,79221500,79288500,67000
132447,chr8,83894500,84170500,276000
132452,chr8,85306500,85540500,234000
132466,chr8,87472500,87629500,157000
132472,chr8,96458500,96491500,33000
132485,chr8,109430500,109638500,208000
132491,chr8,111215500,111453500,238000
132497,chr8,117875500,118200500,325000
132509,chr8,124692500,125076500,384000
132521,chr8,122330500,122412500,82000
132536,chr9,7646500,7854500,208000
132542,chr9,13234500,13483500,249000
132543,chr9,13243500,13564500,321000
132546,chr9,15183500,15246500,63000
132550,chr9,24953500,25016500,63000
132554,chr9,25275500,25502500,227000
132565,chr9,34955500,35025500,70000
132566,chr9,40541500,40706500,165000
132583,chr9,44753500,44828500,75000
132588,chr9,55444500,55826500,382000
132597,chr9,50607500,50680500,73000
132598,chr9,51688500,51820500,132000
132599,chr9,56120500,56323500,203000
132601,chr9,56995500,57033500,38000
132603,chr9,59630500,60060500,430000
132643,chr9,66065500,66189500,124000
132655,chr9,78267500,78379500,112000
132667,chr9,96245500,96360500,115000
132670,chr9,99180500,99331500,151000
132676,chr9,104081500,104256500,175000
132680,chr9,106049500,106307500,258000
132690,chr9,106785500,107031500,246000
132693,chr9,107781500,107904500,123000
132713,chr9,109721500,109861500,140000
132716,chr9,114592500,114717500,125000
132720,chr9,117870500,118318500,448000
132726,chr9,120016500,120243500,227000
132749,chrX,20716500,20813500,97000
132751,chrX,41122500,41236500,114000
132776,chrX,92610500,92656500,46000
132782,chrX,98180500,98377500,197000
132785,chrX,102317500,102415500,98000
132810,chr1,4486500,4838500,352000
132811,chr1,4840500,5140500,300000
132813,chr1,4842500,4961500,119000
132816,chr1,4875500,4926500,51000
132817,chr1,4985500,5141500,156000
132818,chr1,5173500,5975500,802000
132820,chr1,5254500,5974500,720000
132823,chr1,9540500,9612500,72000
132829,chr1,5985500,6205500,220000
132830,chr1,6284500,6352500,68000
132831,chr1,6343500,6473500,130000
132832,chr1,6478500,6928500,450000
132833,chr1,7082500,7274500,192000
132836,chr1,7614500,7839500,225000
132838,chr1,9842500,10077500,235000
132839,chr1,9842500,10159500,317000
132841,chr1,10013500,10109500,96000
132842,chr1,10077500,10160500,83000
132844,chr1,10558500,10829500,271000
132845,chr1,10906500,11027500,121000
132846,chr1,10906500,11210500,304000
132850,chr1,11304500,11484500,180000
132851,chr1,11305500,11535500,230000
132852,chr1,11348500,11400500,52000
132853,chr1,11348500,11466500,118000
132856,chr1,11466500,11536500,70000
132867,chr1,16868500,17166500,298000
132868,chr1,16869500,17193500,324000
132869,chr1,16869500,16996500,127000
132870,chr1,17233500,17648500,415000
132871,chr1,17233500,17700500,467000
132872,chr1,17278500,17320500,42000
132875,chr1,11728500,12768500,1040000
132876,chr1,11728500,12907500,1179000
132877,chr1,12707500,12906500,199000
132878,chr1,12772500,12906500,134000
132879,chr1,12934500,13060500,126000
132881,chr1,12935500,13204500,269000
132884,chr1,13121500,13204500,83000
132886,chr1,13122500,13601500,479000
132888,chr1,13221500,13570500,349000
132889,chr1,13221500,13601500,380000
132891,chr1,13299500,13602500,303000
132892,chr1,13443500,13659500,216000
132903,chr1,14644500,14798500,154000
132904,chr1,14810500,14932500,122000
132907,chr1,14811500,14988500,177000
132908,chr1,15398500,15692500,294000
132912,chr1,18051500,18176500,125000
132914,chr1,18277500,18360500,83000
132917,chr1,18430500,19046500,616000
132922,chr1,20683500,20872500,189000
132923,chr1,20683500,21013500,330000
132928,chr1,21008500,21232500,224000
132929,chr1,21009500,21171500,162000
132931,chr1,21236500,21341500,105000
132933,chr1,21288500,21341500,53000
132934,chr1,21288500,21414500,126000
132935,chr1,21346500,21414500,68000
132937,chr1,23744500,24173500,429000
132938,chr1,23744500,24288500,544000
132939,chr1,23745500,24211500,466000
132942,chr1,23867500,24073500,206000
132943,chr1,23866500,24174500,308000
132944,chr1,23866500,24210500,344000
132945,chr1,23866500,24288500,422000
132947,chr1,23945500,24174500,229000
132948,chr1,23961500,24007500,46000
132949,chr1,24176500,24287500,111000
132950,chr1,24341500,24414500,73000
132953,chr1,25549500,25656500,107000
132959,chr1,21481500,22339500,858000
132962,chr1,21530500,22339500,809000
132964,chr1,22450500,22502500,52000
132966,chr1,22457500,22526500,69000
132972,chr1,23295500,23422500,127000
132973,chr1,23363500,23534500,171000
132975,chr1,23745500,23831500,86000
132976,chr1,23744500,23866500,122000
132980,chr1,30818500,31193500,375000
132982,chr1,30913500,30988500,75000
132983,chr1,30960500,31193500,233000
132984,chr1,30988500,31192500,204000
132990,chr1,33711500,33779500,68000
132992,chr1,33711500,34005500,294000
132994,chr1,33932500,34004500,72000
132995,chr1,34044500,34204500,160000
132997,chr1,34047500,34145500,98000
132998,chr1,34047500,34111500,64000
132999,chr1,34100500,34203500,103000
133000,chr1,34112500,34144500,32000
133001,chr1,34158500,34203500,45000
133002,chr1,34257500,34449500,192000
133009,chr1,35071500,35305500,234000
133010,chr1,35071500,35423500,352000
133011,chr1,35071500,35517500,446000
133018,chr1,40040500,40417500,377000
133020,chr1,40155500,40417500,262000
133023,chr1,40331500,40416500,85000
133025,chr1,40419500,40696500,277000
133026,chr1,40618500,40807500,189000
133027,chr1,40619500,40697500,78000
133028,chr1,40839500,40883500,44000
133035,chr1,35765500,36104500,339000
133036,chr1,35765500,36173500,408000
133037,chr1,35878500,36173500,295000
133038,chr1,35879500,36048500,169000
133039,chr1,35879500,36103500,224000
133040,chr1,36022500,36102500,80000
133041,chr1,36052500,36100500,48000
133042,chr1,36185500,36317500,132000
133043,chr1,36408500,36510500,102000
133044,chr1,36586500,36723500,137000
133046,chr1,36587500,36673500,86000
133049,chr1,36776500,37290500,514000
133050,chr1,36776500,37675500,899000
133053,chr1,36823500,37233500,410000
133055,chr1,36823500,37440500,617000
133056,chr1,36823500,37675500,852000
133057,chr1,36825500,37171500,346000
133058,chr1,36824500,37289500,465000
133059,chr1,36861500,37290500,429000
133061,chr1,37311500,37674500,363000
133062,chr1,37312500,37440500,128000
133063,chr1,37458500,37676500,218000
133064,chr1,37469500,37904500,435000
133065,chr1,37506500,37674500,168000
133066,chr1,37679500,37906500,227000
133067,chr1,37716500,37906500,190000
133068,chr1,37729500,37906500,177000
133069,chr1,37758500,37905500,147000
133071,chr1,37942500,38024500,82000
133072,chr1,38037500,38168500,131000
133076,chr1,38224500,38679500,455000
133077,chr1,38431500,38678500,247000
133078,chr1,38432500,38807500,375000
133079,chr1,38838500,38976500,138000
133081,chr1,38901500,38975500,74000
133082,chr1,39039500,39469500,430000
133084,chr1,39041500,39431500,390000
133086,chr1,39043500,39568500,525000
133087,chr1,39050500,39292500,242000
133091,chr1,39476500,39535500,59000
133092,chr1,39800500,39975500,175000
133097,chr1,45864500,46059500,195000
133098,chr1,45903500,46059500,156000
133101,chr1,46890500,46953500,63000
133103,chr1,44268500,44780500,512000
133111,chr1,45471500,45805500,334000
133120,chr1,42954500,43105500,151000
133121,chr1,42954500,43149500,195000
133122,chr1,42954500,43304500,350000
133123,chr1,43152500,43304500,152000
133125,chr1,43178500,43777500,599000
133126,chr1,43179500,43303500,124000
133129,chr1,51001500,51373500,372000
133133,chr1,51502500,51636500,134000
133134,chr1,51682500,51984500,302000
133135,chr1,51784500,51955500,171000
133138,chr1,56792500,57016500,224000
133140,chr1,57245500,57377500,132000
133141,chr1,57467500,57814500,347000
133142,chr1,57469500,57551500,82000
133143,chr1,57469500,57649500,180000
133145,chr1,51679500,52125500,446000
133146,chr1,51682500,52037500,355000
133147,chr1,51683500,52138500,455000
133148,chr1,52043500,52137500,94000
133154,chr1,52687500,52893500,206000
133155,chr1,52687500,53003500,316000
133156,chr1,52687500,53072500,385000
133158,chr1,53092500,53311500,219000
133159,chr1,53092500,53392500,300000
133165,chr1,53754500,53929500,175000
133166,chr1,53788500,53906500,118000
133173,chr1,53948500,54420500,472000
133175,chr1,54705500,55018500,313000
133177,chr1,54872500,55081500,209000
133178,chr1,55038500,55190500,152000
133180,chr1,55127500,55170500,43000
133181,chr1,55443500,55775500,332000
133182,chr1,55443500,55877500,434000
133183,chr1,55444500,55912500,468000
133194,chr1,62761500,62859500,98000
133195,chr1,62761500,62968500,207000
133196,chr1,62761500,63003500,242000
133197,chr1,62762500,62825500,63000
133200,chr1,62864500,63002500,138000
133201,chr1,63221500,63347500,126000
133205,chr1,57465500,58119500,654000
133206,chr1,57465500,58183500,718000
133207,chr1,57464500,58151500,687000
133209,chr1,57814500,58070500,256000
133211,chr1,58070500,58334500,264000
133212,chr1,58119500,58335500,216000
133213,chr1,58196500,58310500,114000
133214,chr1,58345500,58434500,89000
133218,chr1,58601500,58717500,116000
133223,chr1,58809500,59182500,373000
133225,chr1,59012500,59159500,147000
133226,chr1,59049500,59181500,132000
133228,chr1,59108500,59182500,74000
133229,chr1,59109500,59664500,555000
133230,chr1,59183500,59277500,94000
133231,chr1,59183500,59663500,480000
133233,chr1,59228500,59661500,433000
133234,chr1,59285500,59663500,378000
133235,chr1,59287500,59623500,336000
133236,chr1,59355500,59465500,110000
133237,chr1,59356500,59623500,267000
133238,chr1,59355500,59661500,306000
133239,chr1,59416500,59522500,106000
133240,chr1,59464500,59521500,57000
133243,chr1,59923500,60143500,220000
133244,chr1,59923500,60006500,83000
133245,chr1,59924500,60039500,115000
133246,chr1,60137500,60219500,82000
133253,chr1,60449500,60605500,156000
133255,chr1,60488500,60999500,511000
133258,chr1,60529500,60901500,372000
133259,chr1,60572500,60899500,327000
133260,chr1,60605500,60860500,255000
133261,chr1,60605500,60892500,287000
133263,chr1,60818500,60895500,77000
133264,chr1,60907500,61000500,93000
133265,chr1,61094500,61220500,126000
133266,chr1,61220500,61415500,195000
133268,chr1,61337500,61810500,473000
133269,chr1,61416500,61678500,262000
133270,chr1,61416500,61810500,394000
133273,chr1,63698500,64486500,788000
133275,chr1,63698500,64748500,1050000
133278,chr1,63803500,64486500,683000
133280,chr1,63993500,64485500,492000
133281,chr1,64160500,64343500,183000
133283,chr1,64572500,64729500,157000
133285,chr1,64572500,64656500,84000
133286,chr1,64657500,64748500,91000
133287,chr1,64657500,65049500,392000
133288,chr1,64757500,64958500,201000
133290,chr1,64775500,65218500,443000
133292,chr1,64958500,65049500,91000
133293,chr1,65049500,65217500,168000
133294,chr1,65085500,65218500,133000
133295,chr1,65087500,65150500,63000
133296,chr1,65151500,65217500,66000
133297,chr1,65322500,65427500,105000
133299,chr1,65351500,65693500,342000
133309,chr1,69416500,69727500,311000
133311,chr1,69828500,70059500,231000
133316,chr1,71329500,71544500,215000
133318,chr1,71715500,71817500,102000
133327,chr1,66739500,66856500,117000
133330,chr1,66936500,67031500,95000
133331,chr1,66936500,66980500,44000
133335,chr1,71818500,72180500,362000
133337,chr1,72283500,72348500,65000
133338,chr1,72294500,72346500,52000
133340,chr1,72348500,72751500,403000
133341,chr1,72352500,72616500,264000
133342,chr1,72354500,72892500,538000
133343,chr1,72680500,72751500,71000
133344,chr1,72757500,72894500,137000
133345,chr1,72758500,73865500,1107000
133346,chr1,72904500,73866500,962000
133347,chr1,72905500,73901500,996000
133348,chr1,72905500,73313500,408000
133351,chr1,72917500,73313500,396000
133352,chr1,72916500,72985500,69000
133354,chr1,72918500,73164500,246000
133356,chr1,73313500,73864500,551000
133359,chr1,79764500,80084500,320000
133360,chr1,79764500,80156500,392000
133362,chr1,80159500,80220500,61000
133363,chr1,80159500,80385500,226000
133364,chr1,80159500,80491500,332000
133365,chr1,80207500,80386500,179000
133366,chr1,80215500,80317500,102000
133367,chr1,80808500,81279500,471000
133368,chr1,77954500,78431500,477000
133370,chr1,77955500,78178500,223000
133371,chr1,77955500,78395500,440000
133372,chr1,78180500,78396500,216000
133373,chr1,78193500,78396500,203000
133374,chr1,78194500,78286500,92000
133376,chr1,78244500,78395500,151000
133377,chr1,78513500,78636500,123000
133378,chr1,78534500,78665500,131000
133379,chr1,78702500,79661500,959000
133381,chr1,79604500,79660500,56000
133384,chr1,77061500,77493500,432000
133385,chr1,77159500,77492500,333000
133387,chr1,77351500,77491500,140000
133389,chr1,73941500,74116500,175000
133391,chr1,73941500,74164500,223000
133393,chr1,73942500,74025500,83000
133396,chr1,74245500,74492500,247000
133397,chr1,74245500,74428500,183000
133398,chr1,74325500,74429500,104000
133399,chr1,74562500,74615500,53000
133401,chr1,74844500,74895500,51000
133402,chr1,74843500,74989500,146000
133404,chr1,74920500,75055500,135000
133405,chr1,74922500,74990500,68000
133406,chr1,75003500,75056500,53000
133407,chr1,75100500,75230500,130000
133408,chr1,75100500,75444500,344000
133410,chr1,75230500,75444500,214000
133411,chr1,75270500,75444500,174000
133412,chr1,75319500,75444500,125000
133413,chr1,75454500,75536500,82000
133414,chr1,75454500,75574500,120000
133415,chr1,75628500,75878500,250000
133417,chr1,75629500,75902500,273000
133422,chr1,81294500,82410500,1116000
133426,chr1,81569500,82272500,703000
133428,chr1,82764500,83128500,364000
133429,chr1,82765500,82965500,200000
133430,chr1,82766500,83053500,287000
133431,chr1,82765500,83165500,400000
133432,chr1,82782500,82890500,108000
133433,chr1,82825500,82870500,45000
133434,chr1,82979500,83038500,59000
133436,chr1,83043500,83166500,123000
133438,chr1,83161500,83694500,533000
133439,chr1,83199500,83694500,495000
133440,chr1,83341500,83694500,353000
133442,chr1,83789500,83923500,134000
133446,chr1,83724500,84448500,724000
133447,chr1,83724500,84079500,355000
133448,chr1,83723500,84263500,540000
133449,chr1,83789500,84079500,290000
133450,chr1,83789500,84448500,659000
133451,chr1,84080500,84448500,368000
133453,chr1,84712500,84859500,147000
133457,chr1,85782500,85987500,205000
133458,chr1,85863500,85935500,72000
133459,chr1,85863500,86072500,209000
133460,chr1,86080500,86268500,188000
133461,chr1,86105500,86267500,162000
133462,chr1,86141500,86267500,126000
133463,chr1,86286500,86456500,170000
133465,chr1,86300500,86357500,57000
133466,chr1,86369500,86429500,60000
133467,chr1,86368500,86457500,89000
133468,chr1,86415500,86453500,38000
133472,chr1,86543500,87114500,571000
133474,chr1,86578500,86841500,263000
133475,chr1,86627500,86842500,215000
133476,chr1,86627500,86969500,342000
133477,chr1,86900500,86969500,69000
133479,chr1,87082500,87193500,111000
133481,chr1,87174500,87254500,80000
133482,chr1,87375500,87591500,216000
133483,chr1,87469500,87590500,121000
133487,chr1,88285500,88670500,385000
133489,chr1,88352500,88646500,294000
133490,chr1,88352500,88670500,318000
133496,chr1,88490500,88632500,142000
133497,chr1,88536500,88630500,94000
133498,chr1,88677500,88891500,214000
133499,chr1,88675500,88986500,311000
133500,chr1,88676500,89055500,379000
133509,chr1,88734500,89119500,385000
133510,chr1,88896500,88985500,89000
133511,chr1,88953500,89118500,165000
133512,chr1,88998500,89118500,120000
133514,chr1,89272500,89452500,180000
133515,chr1,89383500,89450500,67000
133516,chr1,89507500,89895500,388000
133517,chr1,89573500,89681500,108000
133518,chr1,89573500,89870500,297000
133520,chr1,89601500,89871500,270000
133521,chr1,89698500,89870500,172000
133526,chr1,96967500,97616500,649000
133528,chr1,93761500,94006500,245000
133529,chr1,95595500,95681500,86000
133531,chr1,89941500,90518500,577000
133532,chr1,89954500,90519500,565000
133533,chr1,89988500,90484500,496000
133534,chr1,89988500,90085500,97000
133535,chr1,89988500,90201500,213000
133536,chr1,89988500,90518500,530000
133537,chr1,89989500,90398500,409000
133538,chr1,90088500,90519500,431000
133539,chr1,90132500,90517500,385000
133540,chr1,90201500,90518500,317000
133541,chr1,90297500,90519500,222000
133542,chr1,90399500,90484500,85000
133543,chr1,90399500,90517500,118000
133545,chr1,90578500,90768500,190000
133546,chr1,90578500,90834500,256000
133547,chr1,90578500,90884500,306000
133548,chr1,90834500,90884500,50000
133549,chr1,90901500,91026500,125000
133550,chr1,90901500,91138500,237000
133551,chr1,90901500,91166500,265000
133552,chr1,91356500,91802500,446000
133553,chr1,91451500,91683500,232000
133554,chr1,91451500,91802500,351000
133555,chr1,91502500,91802500,300000
133556,chr1,91528500,91683500,155000
133562,chr1,91842500,92288500,446000
133563,chr1,91841500,92539500,698000
133564,chr1,91842500,92381500,539000
133565,chr1,91889500,92538500,649000
133566,chr1,91890500,92288500,398000
133567,chr1,91890500,92381500,491000
133568,chr1,92107500,92287500,180000
133569,chr1,92108500,92361500,253000
133571,chr1,92402500,92538500,136000
133572,chr1,92449500,92538500,89000
133574,chr1,92576500,92761500,185000
133575,chr1,92625500,92761500,136000
133576,chr1,92625500,92823500,198000
133577,chr1,92636500,92761500,125000
133579,chr1,92884500,92938500,54000
133580,chr1,93102500,93435500,333000
133582,chr1,93682500,93730500,48000
133583,chr1,97737500,98073500,336000
133584,chr1,97738500,98106500,368000
133591,chr1,104914500,105288500,374000
133593,chr1,104914500,105557500,643000
133597,chr1,105021500,105288500,267000
133598,chr1,105020500,105558500,538000
133599,chr1,105818500,105964500,146000
133603,chr1,111588500,112306500,718000
133605,chr1,111791500,112307500,516000
133607,chr1,112316500,112378500,62000
133610,chr1,105818500,106323500,505000
133613,chr1,105965500,106322500,357000
133614,chr1,105999500,106274500,275000
133615,chr1,105999500,106320500,321000
133616,chr1,106079500,106319500,240000
133618,chr1,106353500,106644500,291000
133619,chr1,106353500,106746500,393000
133621,chr1,106440500,106644500,204000
133622,chr1,106471500,106643500,172000
133623,chr1,106471500,106746500,275000
133624,chr1,106829500,106890500,61000
133626,chr1,106942500,107408500,466000
133632,chr1,118295500,118404500,109000
133633,chr1,118432500,118688500,256000
133634,chr1,118492500,118687500,195000
133635,chr1,118697500,119011500,314000
133636,chr1,118698500,119409500,711000
133637,chr1,118751500,119011500,260000
133639,chr1,119020500,119184500,164000
133644,chr1,119020500,119352500,332000
133646,chr1,119021500,119082500,61000
133647,chr1,119088500,119351500,263000
133649,chr1,119274500,119350500,76000
133651,chr1,119476500,119602500,126000
133655,chr1,119961500,120021500,60000
133656,chr1,119960500,120083500,123000
133658,chr1,120125500,120224500,99000
133659,chr1,120159500,120477500,318000
133660,chr1,120255500,120396500,141000
133661,chr1,120255500,120477500,222000
133663,chr1,120269500,120530500,261000
133664,chr1,120295500,120477500,182000
133665,chr1,120296500,120396500,100000
133666,chr1,120397500,120476500,79000
133671,chr1,120515500,121109500,594000
133674,chr1,120515500,120993500,478000
133675,chr1,120595500,121108500,513000
133677,chr1,120626500,121108500,482000
133678,chr1,120999500,121107500,108000
133679,chr1,121176500,121328500,152000
133680,chr1,121177500,121317500,140000
133682,chr1,121369500,121417500,48000
133683,chr1,121369500,121477500,108000
133686,chr1,124378500,124601500,223000
133688,chr1,125310500,125501500,191000
133689,chr1,125362500,125488500,126000
133690,chr1,125446500,125502500,56000
133691,chr1,125534500,125717500,183000
133692,chr1,125535500,125595500,60000
133693,chr1,125535500,125840500,305000
133696,chr1,125536500,125633500,97000
133700,chr1,123903500,123969500,66000
133707,chr1,126423500,126496500,73000
133710,chr1,126541500,126858500,317000
133711,chr1,126541500,126654500,113000
133713,chr1,126940500,127337500,397000
133714,chr1,127042500,127385500,343000
133715,chr1,127042500,127337500,295000
133716,chr1,127131500,127337500,206000
133717,chr1,127166500,127386500,220000
133718,chr1,127425500,127754500,329000
133719,chr1,127427500,127607500,180000
133720,chr1,127427500,127692500,265000
133721,chr1,127628500,127693500,65000
133724,chr1,127929500,128028500,99000
133728,chr1,128287500,128343500,56000
133729,chr1,128287500,128520500,233000
133730,chr1,128297500,128751500,454000
133732,chr1,128673500,128750500,77000
133733,chr1,128803500,129006500,203000
133734,chr1,128803500,129171500,368000
133742,chr1,130095500,130299500,204000
133743,chr1,130475500,130712500,237000
133744,chr1,130476500,130981500,505000
133745,chr1,130476500,130804500,328000
133747,chr1,130619500,130980500,361000
133748,chr1,130620500,130712500,92000
133750,chr1,130725500,130981500,256000
133752,chr1,130725500,131198500,473000
133754,chr1,130803500,131198500,395000
133755,chr1,130804500,130980500,176000
133756,chr1,130912500,130981500,69000
133757,chr1,131045500,131083500,38000
133758,chr1,131044500,131135500,91000
133759,chr1,131044500,131187500,143000
133762,chr1,131219500,131482500,263000
133764,chr1,131540500,131693500,153000
133765,chr1,131541500,131773500,232000
133766,chr1,131639500,131693500,54000
133767,chr1,131638500,131774500,136000
133768,chr1,131639500,131808500,169000
133769,chr1,135975500,136387500,412000
133772,chr1,136043500,136387500,344000
133773,chr1,136099500,136387500,288000
133774,chr1,136160500,136393500,233000
133775,chr1,136217500,136387500,170000
133777,chr1,136479500,136667500,188000
133778,chr1,136478500,137046500,568000
133782,chr1,136497500,136624500,127000
133783,chr1,136531500,136667500,136000
133784,chr1,136701500,137045500,344000
133785,chr1,136700500,137152500,452000
133786,chr1,136783500,136931500,148000
133787,chr1,136784500,137045500,261000
133791,chr1,137874500,137972500,98000
133793,chr1,131924500,132044500,120000
133794,chr1,131924500,132083500,159000
133799,chr1,132091500,132163500,72000
133800,chr1,132091500,132234500,143000
133801,chr1,132091500,132283500,192000
133802,chr1,132093500,132138500,45000
133803,chr1,132240500,132283500,43000
133804,chr1,132295500,132399500,104000
133805,chr1,132295500,132449500,154000
133806,chr1,132295500,132537500,242000
133809,chr1,132453500,132522500,69000
133810,chr1,132453500,132896500,443000
133812,chr1,132686500,132896500,210000
133813,chr1,132686500,132941500,255000
133814,chr1,132686500,133028500,342000
133819,chr1,132965500,133054500,89000
133820,chr1,132967500,133015500,48000
133821,chr1,132967500,133029500,62000
133822,chr1,132967500,133235500,268000
133827,chr1,133073500,133235500,162000
133828,chr1,133073500,133539500,466000
133829,chr1,133106500,133281500,175000
133830,chr1,133107500,133235500,128000
133831,chr1,133107500,133538500,431000
133832,chr1,133241500,133539500,298000
133833,chr1,133243500,133281500,38000
133834,chr1,133310500,133538500,228000
133835,chr1,133540500,133976500,436000
133836,chr1,133629500,133975500,346000
133837,chr1,133663500,133975500,312000
133838,chr1,133664500,133823500,159000
133839,chr1,133839500,133975500,136000
133840,chr1,133666500,134033500,367000
133841,chr1,133839500,134035500,196000
133842,chr1,133981500,134034500,53000
133843,chr1,134081500,134171500,90000
133846,chr1,134279500,134551500,272000
133847,chr1,134289500,134383500,94000
133848,chr1,134296500,134338500,42000
133851,chr1,134568500,134782500,214000
133852,chr1,134570500,134887500,317000
133853,chr1,134916500,135297500,381000
133854,chr1,134917500,135035500,118000
133856,chr1,135038500,135296500,258000
133857,chr1,135099500,135295500,196000
133858,chr1,135100500,135187500,87000
133859,chr1,135187500,135295500,108000
133860,chr1,135309500,135628500,319000
133861,chr1,135389500,135467500,78000
133862,chr1,135389500,135628500,239000
133863,chr1,135472500,135598500,126000
133864,chr1,135472500,135627500,155000
133866,chr1,135647500,135715500,68000
133867,chr1,135793500,135872500,79000
133870,chr1,143578500,143652500,74000
133871,chr1,143689500,143882500,193000
133872,chr1,140099500,140459500,360000
133873,chr1,140116500,140172500,56000
133875,chr1,140477500,140588500,111000
133885,chr1,138763500,139195500,432000
133887,chr1,138763500,139010500,247000
133889,chr1,138763500,139087500,324000
133890,chr1,138784500,138890500,106000
133891,chr1,146198500,146302500,104000
133900,chr1,150346500,150467500,121000
133901,chr1,150416500,150796500,380000
133902,chr1,150416500,150885500,469000
133903,chr1,150508500,150885500,377000
133904,chr1,150910500,151229500,319000
133905,chr1,150910500,151266500,356000
133906,chr1,150954500,151122500,168000
133907,chr1,151126500,151219500,93000
133908,chr1,151372500,151581500,209000
133909,chr1,151375500,151444500,69000
133910,chr1,151440500,151580500,140000
133913,chr1,151697500,152244500,547000
133915,chr1,151696500,152137500,441000
133917,chr1,151697500,152155500,458000
133918,chr1,151697500,152187500,490000
133920,chr1,152400500,152554500,154000
133921,chr1,152400500,152621500,221000
133925,chr1,152666500,152714500,48000
133928,chr1,152729500,153347500,618000
133933,chr1,153386500,153623500,237000
133934,chr1,153433500,153621500,188000
133935,chr1,153433500,153683500,250000
133936,chr1,153773500,153908500,135000
133941,chr1,157885500,158094500,209000
133942,chr1,158498500,158781500,283000
133943,chr1,158498500,158963500,465000
133948,chr1,158782500,158963500,181000
133952,chr1,159221500,159890500,669000
133953,chr1,159223500,159394500,171000
133954,chr1,159224500,159611500,387000
133955,chr1,159224500,159706500,482000
133957,chr1,159738500,159888500,150000
133961,chr1,159927500,160012500,85000
133963,chr1,160226500,160544500,318000
133964,chr1,160227500,160388500,161000
133966,chr1,160389500,160543500,154000
133967,chr1,160571500,160761500,190000
133968,chr1,160586500,160672500,86000
133969,chr1,161041500,161161500,120000
133970,chr1,161042500,161114500,72000
133971,chr1,161042500,161515500,473000
133972,chr1,161042500,161563500,521000
133974,chr1,161115500,161563500,448000
133977,chr1,161227500,161472500,245000
133978,chr1,161227500,161515500,288000
133979,chr1,161228500,161563500,335000
133980,chr1,161576500,161791500,215000
133983,chr1,161576500,161804500,228000
133984,chr1,161704500,161796500,92000
133988,chr1,155962500,156058500,96000
133990,chr1,155961500,156366500,405000
133991,chr1,156458500,156503500,45000
133993,chr1,156469500,156540500,71000
133994,chr1,156569500,156906500,337000
133995,chr1,156570500,156717500,147000
133996,chr1,156745500,156903500,158000
133997,chr1,156766500,156823500,57000
133998,chr1,156910500,157286500,376000
133999,chr1,156911500,157112500,201000
134000,chr1,156915500,157365500,450000
134001,chr1,157116500,157284500,168000
134002,chr1,153625500,154056500,431000
134003,chr1,153770500,154056500,286000
134006,chr1,153952500,154056500,104000
134007,chr1,154067500,154604500,537000
134009,chr1,154157500,154605500,448000
134010,chr1,154158500,154660500,502000
134012,chr1,154663500,154882500,219000
134013,chr1,154663500,155095500,432000
134014,chr1,154901500,155157500,256000
134015,chr1,154924500,155016500,92000
134017,chr1,155098500,155156500,58000
134019,chr1,155169500,155333500,164000
134024,chr1,155451500,155596500,145000
134025,chr1,155451500,155660500,209000
134026,chr1,155849500,155911500,62000
134027,chr1,162186500,162357500,171000
134028,chr1,162186500,162492500,306000
134029,chr1,162187500,162448500,261000
134030,chr1,162375500,162567500,192000
134031,chr1,162377500,162448500,71000
134032,chr1,162510500,162545500,35000
134035,chr1,162723500,162885500,162000
134041,chr1,162978500,163133500,155000
134042,chr1,162979500,163668500,689000
134043,chr1,162978500,163737500,759000
134045,chr1,163660500,163737500,77000
134047,chr1,163777500,163966500,189000
134048,chr1,163837500,163966500,129000
134049,chr1,163889500,163966500,77000
134051,chr1,167769500,168040500,271000
134052,chr1,167769500,168150500,381000
134060,chr1,168210500,168258500,48000
134064,chr1,169499500,169746500,247000
134065,chr1,169778500,169963500,185000
134066,chr1,163837500,164012500,175000
134067,chr1,164076500,164134500,58000
134069,chr1,164145500,164947500,802000
134071,chr1,164145500,164732500,587000
134074,chr1,164194500,164731500,537000
134075,chr1,164195500,164947500,752000
134076,chr1,164202500,164284500,82000
134077,chr1,164283500,164729500,446000
134082,chr1,165079500,165148500,69000
134084,chr1,165217500,165405500,188000
134085,chr1,165411500,165485500,74000
134086,chr1,165411500,165563500,152000
134087,chr1,165488500,165563500,75000
134088,chr1,165488500,165588500,100000
134091,chr1,165604500,165930500,326000
134092,chr1,165603500,165795500,192000
134093,chr1,165604500,165828500,224000
134094,chr1,165604500,165982500,378000
134095,chr1,165606500,165719500,113000
134096,chr1,165682500,165795500,113000
134097,chr1,165681500,165982500,301000
134098,chr1,165749500,165980500,231000
134099,chr1,165830500,165981500,151000
134100,chr1,165874500,165981500,107000
134101,chr1,165931500,165980500,49000
134102,chr1,165605500,166146500,541000
134103,chr1,165681500,166146500,465000
134105,chr1,165988500,166146500,158000
134113,chr1,167048500,167164500,116000
134114,chr1,167048500,167465500,417000
134116,chr1,167198500,167464500,266000
134117,chr1,167243500,167464500,221000
134118,chr1,167243500,167610500,367000
134119,chr1,167275500,167463500,188000
134120,chr1,167476500,167759500,283000
134121,chr1,167530500,167609500,79000
134122,chr1,167529500,167722500,193000
134123,chr1,174297500,174381500,84000
134130,chr1,175452500,175519500,67000
134131,chr1,175453500,175750500,297000
134132,chr1,175520500,175708500,188000
134135,chr1,175764500,176047500,283000
134136,chr1,176050500,176526500,476000
134137,chr1,176050500,176486500,436000
134139,chr1,176159500,176486500,327000
134140,chr1,176159500,176526500,367000
134141,chr1,176295500,176486500,191000
134146,chr1,176705500,177017500,312000
134147,chr1,176705500,177512500,807000
134150,chr1,177021500,177512500,491000
134152,chr1,177085500,177270500,185000
134153,chr1,177236500,177512500,276000
134162,chr1,170460500,170669500,209000
134163,chr1,170726500,170861500,135000
134164,chr1,170729500,170822500,93000
134166,chr1,170945500,171185500,240000
134167,chr1,170946500,171084500,138000
134174,chr1,171651500,171828500,177000
134179,chr1,171947500,172137500,190000
134180,chr1,171972500,172137500,165000
134181,chr1,172237500,172461500,224000
134182,chr1,172238500,173226500,988000
134183,chr1,172239500,172318500,79000
134185,chr1,172356500,172460500,104000
134186,chr1,172356500,173226500,870000
134187,chr1,172463500,173226500,763000
134189,chr1,173151500,173205500,54000
134198,chr1,183997500,184471500,474000
134199,chr1,183997500,184504500,507000
134200,chr1,183998500,184127500,129000
134201,chr1,184181500,184470500,289000
134202,chr1,184225500,184469500,244000
134203,chr1,184557500,184650500,93000
134204,chr1,184585500,184926500,341000
134205,chr1,184623500,184923500,300000
134207,chr1,184650500,184924500,274000
134208,chr1,184698500,184922500,224000
134209,chr1,184732500,184921500,189000
134210,chr1,184936500,185062500,126000
134212,chr1,185106500,185145500,39000
134213,chr1,185106500,185145500,39000
134214,chr1,185164500,185249500,85000
134215,chr1,185279500,185415500,136000
134224,chr1,178138500,178277500,139000
134225,chr1,178148500,178190500,42000
134226,chr1,178165500,178233500,68000
134228,chr1,178356500,178517500,161000
134229,chr1,178355500,178787500,432000
134231,chr1,178356500,178968500,612000
134232,chr1,178355500,179060500,705000
134233,chr1,178355500,179304500,949000
134234,chr1,178357500,178742500,385000
134235,chr1,178577500,178969500,392000
134237,chr1,179333500,179562500,229000
134238,chr1,179333500,179451500,118000
134239,chr1,179686500,179944500,258000
134240,chr1,179756500,179944500,188000
134244,chr1,181977500,182366500,389000
134245,chr1,181977500,182139500,162000
134246,chr1,181977500,182303500,326000
134248,chr1,182205500,182367500,162000
134251,chr1,182317500,182367500,50000
134254,chr1,182383500,183018500,635000
134258,chr1,182818500,183019500,201000
134259,chr1,182819500,183054500,235000
134262,chr1,183223500,183989500,766000
134263,chr1,183586500,183968500,382000
134267,chr1,179685500,180056500,371000
134268,chr1,179687500,180002500,315000
134269,chr1,180003500,180058500,55000
134270,chr1,180093500,180311500,218000
134271,chr1,180095500,180592500,497000
134273,chr1,180261500,180378500,117000
134274,chr1,180261500,180591500,330000
134275,chr1,180548500,180591500,43000
134278,chr1,180686500,180954500,268000
134279,chr1,180699500,180913500,214000
134280,chr1,180701500,181059500,358000
134284,chr1,180729500,180802500,73000
134287,chr1,180818500,180867500,49000
134290,chr1,181556500,181709500,153000
134291,chr1,181556500,181968500,412000
134292,chr1,181656500,181708500,52000
134293,chr1,181749500,181942500,193000
134294,chr1,181835500,181942500,107000
134295,chr1,181835500,181942500,107000
134297,chr1,185278500,186444500,1166000
134306,chr1,185973500,186451500,478000
134311,chr1,186188500,186444500,256000
134312,chr1,186244500,186437500,193000
134313,chr1,186282500,186444500,162000
134315,chr1,186560500,186691500,131000
134316,chr1,186560500,186763500,203000
134323,chr1,187183500,187339500,156000
134324,chr1,187184500,187723500,539000
134325,chr1,187186500,187478500,292000
134332,chr1,188275500,188440500,165000
134334,chr1,188758500,189361500,603000
134335,chr1,188759500,188960500,201000
134336,chr1,188759500,189311500,552000
134337,chr1,188761500,189282500,521000
134338,chr1,188813500,188959500,146000
134339,chr1,188847500,188959500,112000
134340,chr1,188986500,189282500,296000
134341,chr1,188985500,189311500,326000
134342,chr1,188985500,189361500,376000
134343,chr1,189048500,189360500,312000
134349,chr1,189433500,189659500,226000
134350,chr1,189433500,189706500,273000
134352,chr1,189619500,189657500,38000
134353,chr1,189619500,189705500,86000
134358,chr1,190564500,190613500,49000
134359,chr1,190676500,190722500,46000
134361,chr1,190676500,191021500,345000
134362,chr1,190740500,191021500,281000
134363,chr1,190740500,190808500,68000
134366,chr1,191044500,191259500,215000
134367,chr1,191045500,191550500,505000
134370,chr1,191127500,191552500,425000
134371,chr1,191308500,191450500,142000
134372,chr1,191308500,191550500,242000
134373,chr1,191349500,191550500,201000
134375,chr1,191353500,191549500,196000
134376,chr1,191450500,191550500,100000
134377,chr1,191566500,191727500,161000
134378,chr1,191566500,191778500,212000
134379,chr1,191567500,191639500,72000
134380,chr1,191567500,191695500,128000
134381,chr1,191697500,191777500,80000
134382,chr1,191728500,191777500,49000
134384,chr1,191727500,192394500,667000
134385,chr1,191780500,192394500,614000
134387,chr1,191871500,192394500,523000
134388,chr1,191872500,192126500,254000
134389,chr1,191872500,192229500,357000
134390,chr1,191872500,192280500,408000
134391,chr1,192006500,192281500,275000
134392,chr1,192280500,192393500,113000
134393,chr1,192409500,192765500,356000
134395,chr1,192409500,192593500,184000
134396,chr1,192890500,193006500,116000
134397,chr1,192890500,193061500,171000
134398,chr1,192938500,193006500,68000
134399,chr1,192938500,193060500,122000
134400,chr1,193012500,193062500,50000
134402,chr1,193068500,193122500,54000
134403,chr1,193068500,193385500,317000
134404,chr1,193132500,193354500,222000
134405,chr1,193131500,193385500,254000
134407,chr1,193132500,193271500,139000
134408,chr1,193186500,193271500,85000
134409,chr1,193424500,193904500,480000
134410,chr1,194300500,194499500,199000
134411,chr1,194301500,194643500,342000
134412,chr1,194435500,194498500,63000
134413,chr1,194435500,194645500,210000
134414,chr1,194522500,194644500,122000
134415,chr1,194561500,194644500,83000
134417,chr10,3283500,3481500,198000
134419,chr10,3484500,3751500,267000
134423,chr10,3755500,3893500,138000
134425,chr10,3818500,3892500,74000
134426,chr10,3946500,4101500,155000
134428,chr10,3991500,4100500,109000
134429,chr10,4039500,4100500,61000
134433,chr10,4239500,4283500,44000
134434,chr10,4354500,4495500,141000
134435,chr10,4355500,4576500,221000
134437,chr10,4548500,5111500,563000
134438,chr10,4578500,5111500,533000
134439,chr10,4625500,5110500,485000
134440,chr10,4674500,5110500,436000
134441,chr10,5430500,5584500,154000
134443,chr10,5430500,5505500,75000
134444,chr10,5431500,5739500,308000
134445,chr10,5501500,5773500,272000
134446,chr10,5550500,5737500,187000
134447,chr10,5550500,5790500,240000
134448,chr10,5586500,5738500,152000
134449,chr10,5586500,5790500,204000
134450,chr10,5738500,5790500,52000
134451,chr10,7685500,8115500,430000
134452,chr10,7758500,8114500,356000
134453,chr10,7759500,8072500,313000
134455,chr10,7832500,8071500,239000
134457,chr10,8118500,8393500,275000
134458,chr10,8118500,8404500,286000
134459,chr10,8118500,8591500,473000
134460,chr10,8405500,8591500,186000
134463,chr10,8676500,8761500,85000
134467,chr10,8888500,9552500,664000
134469,chr10,8929500,9553500,624000
134471,chr10,9050500,9553500,503000
134472,chr10,9451500,9552500,101000
134474,chr10,9668500,9747500,79000
134482,chr10,6836500,6972500,136000
134483,chr10,6835500,7025500,190000
134484,chr10,6835500,7074500,239000
134487,chr10,7465500,7602500,137000
134488,chr10,7465500,7667500,202000
134489,chr10,7492500,7539500,47000
134491,chr10,7543500,7669500,126000
134492,chr10,7760500,7974500,214000
134493,chr10,7832500,7990500,158000
134495,chr10,17453500,17597500,144000
134496,chr10,17609500,17745500,136000
134498,chr10,17658500,17745500,87000
134499,chr10,9668500,10197500,529000
134500,chr10,10231500,10434500,203000
134505,chr10,11157500,11219500,62000
134514,chr10,14197500,14266500,69000
134518,chr10,12365500,12488500,123000
134519,chr10,12425500,12486500,61000
134520,chr10,12665500,12791500,126000
134522,chr10,12744500,12798500,54000
134523,chr10,12891500,13350500,459000
134524,chr10,12892500,13429500,537000
134525,chr10,12893500,13305500,412000
134528,chr10,12963500,13304500,341000
134529,chr10,12965500,13068500,103000
134534,chr10,13744500,13841500,97000
134535,chr10,17609500,18073500,464000
134538,chr10,17745500,18073500,328000
134539,chr10,17931500,18072500,141000
134544,chr10,18209500,18263500,54000
134545,chr10,18268500,18404500,136000
134546,chr10,18329500,18404500,75000
134549,chr10,18636500,18781500,145000
134551,chr10,18712500,18779500,67000
134552,chr10,18792500,19062500,270000
134553,chr10,18793500,19394500,601000
134555,chr10,18793500,19115500,322000
134557,chr10,18891500,19062500,171000
134559,chr10,19116500,19394500,278000
134561,chr10,19173500,19394500,221000
134566,chr10,19584500,19687500,103000
134567,chr10,19585500,19948500,363000
134568,chr10,19726500,19810500,84000
134569,chr10,19810500,19949500,139000
134573,chr10,23856500,24174500,318000
134574,chr10,24050500,24174500,124000
134575,chr10,24050500,24501500,451000
134576,chr10,24257500,24499500,242000
134577,chr10,24285500,24467500,182000
134580,chr10,24666500,24761500,95000
134581,chr10,24838500,25095500,257000
134582,chr10,25144500,25364500,220000
134583,chr10,25144500,25523500,379000
134584,chr10,25557500,25955500,398000
134585,chr10,19584500,20001500,417000
134589,chr10,20237500,20824500,587000
134590,chr10,20281500,20824500,543000
134591,chr10,20868500,21065500,197000
134592,chr10,20909500,21212500,303000
134593,chr10,20909500,21065500,156000
134594,chr10,20977500,21035500,58000
134595,chr10,21258500,21340500,82000
134596,chr10,21259500,21885500,626000
134597,chr10,21296500,21885500,589000
134598,chr10,21341500,21885500,544000
134599,chr10,21406500,21884500,478000
134600,chr10,21477500,21871500,394000
134601,chr10,21476500,21884500,408000
134602,chr10,21622500,21869500,247000
134607,chr10,22455500,22957500,502000
134610,chr10,22656500,22957500,301000
134612,chr10,22963500,23652500,689000
134613,chr10,22963500,23486500,523000
134615,chr10,22992500,23487500,495000
134617,chr10,23691500,23853500,162000
134618,chr10,23691500,23955500,264000
134619,chr10,23856500,23955500,99000
134621,chr10,28361500,28606500,245000
134623,chr10,28456500,28605500,149000
134624,chr10,28607500,28720500,113000
134627,chr10,29022500,29189500,167000
134629,chr10,29189500,29237500,48000
134630,chr10,29409500,29680500,271000
134637,chr10,30499500,30595500,96000
134640,chr10,30605500,30680500,75000
134641,chr10,30714500,31103500,389000
134642,chr10,30715500,31175500,460000
134643,chr10,31189500,31322500,133000
134644,chr10,31322500,31484500,162000
134648,chr10,33911500,33972500,61000
134651,chr10,26248500,26587500,339000
134653,chr10,26249500,26766500,517000
134656,chr10,26370500,26766500,396000
134657,chr10,26587500,26766500,179000
134659,chr10,26628500,26765500,137000
134661,chr10,27869500,27950500,81000
134662,chr10,33863500,34203500,340000
134663,chr10,33912500,34110500,198000
134664,chr10,33911500,34156500,245000
134665,chr10,33911500,34203500,292000
134666,chr10,34028500,34202500,174000
134667,chr10,34082500,34157500,75000
134673,chr10,36424500,36488500,64000
134675,chr10,36890500,37011500,121000
134677,chr10,37013500,37668500,655000
134678,chr10,37015500,37107500,92000
134681,chr10,38751500,38916500,165000
134683,chr10,39046500,39396500,350000
134685,chr10,39047500,39245500,198000
134686,chr10,39047500,39317500,270000
134689,chr10,39048500,39115500,67000
134690,chr10,39116500,39317500,201000
134691,chr10,39116500,39395500,279000
134692,chr10,39773500,39836500,63000
134693,chr10,39773500,40088500,315000
134694,chr10,39834500,40088500,254000
134696,chr10,40134500,40224500,90000
134697,chr10,40135500,40401500,266000
134700,chr10,40178500,40224500,46000
134701,chr10,40181500,40401500,220000
134702,chr10,40224500,40400500,176000
134703,chr10,40246500,40401500,155000
134705,chr10,40525500,40977500,452000
134708,chr10,40880500,41381500,501000
134709,chr10,40881500,41164500,283000
134710,chr10,40881500,41278500,397000
134711,chr10,40881500,41556500,675000
134719,chr10,46566500,46696500,130000
134720,chr10,46566500,46608500,42000
134721,chr10,43830500,44025500,195000
134725,chr10,44168500,44877500,709000
134726,chr10,44169500,44637500,468000
134727,chr10,44168500,44921500,753000
134728,chr10,44203500,44921500,718000
134729,chr10,44204500,44637500,433000
134730,chr10,44204500,44876500,672000
134731,chr10,44205500,44332500,127000
134732,chr10,44335500,44876500,541000
134733,chr10,44335500,44922500,587000
134734,chr10,44927500,45008500,81000
134735,chr10,44927500,45223500,296000
134736,chr10,45258500,45688500,430000
134737,chr10,45258500,45794500,536000
134742,chr10,41707500,42169500,462000
134743,chr10,41857500,42170500,313000
134744,chr10,41905500,42169500,264000
134745,chr10,41946500,42168500,222000
134746,chr10,42008500,42168500,160000
134748,chr10,42185500,42610500,425000
134749,chr10,42184500,42478500,294000
134750,chr10,42184500,42513500,329000
134751,chr10,42184500,42569500,385000
134752,chr10,42184500,42717500,533000
134755,chr10,42458500,42509500,51000
134756,chr10,42718500,42817500,99000
134757,chr10,42718500,42864500,146000
134758,chr10,42789500,42865500,76000
134760,chr10,43087500,43254500,167000
134762,chr10,43355500,43416500,61000
134763,chr10,43450500,43947500,497000
134764,chr10,43451500,43703500,252000
134765,chr10,43451500,43794500,343000
134766,chr10,43453500,43619500,166000
134767,chr10,43454500,43880500,426000
134768,chr10,43830500,43946500,116000
134769,chr10,43878500,43947500,69000
134776,chr10,51430500,51545500,115000
134777,chr10,51430500,51656500,226000
134782,chr10,56247500,56877500,630000
134783,chr10,56247500,56413500,166000
134787,chr10,56253500,56304500,51000
134790,chr10,57620500,57672500,52000
134791,chr10,57620500,57717500,97000
134795,chr10,52093500,52206500,113000
134797,chr10,52923500,53216500,293000
134798,chr10,52991500,53217500,226000
134801,chr10,53224500,53404500,180000
134802,chr10,53224500,53474500,250000
134803,chr10,53255500,53381500,126000
134804,chr10,53518500,53671500,153000
134805,chr10,63920500,64237500,317000
134813,chr10,58149500,58213500,64000
134814,chr10,58331500,58384500,53000
134815,chr10,58646500,58885500,239000
134816,chr10,58647500,58945500,298000
134817,chr10,58647500,58985500,338000
134818,chr10,58648500,59128500,480000
134819,chr10,58945500,59128500,183000
134820,chr10,59002500,59128500,126000
134822,chr10,59131500,59700500,569000
134823,chr10,59132500,59650500,518000
134825,chr10,59288500,59651500,363000
134826,chr10,59326500,59698500,372000
134827,chr10,59545500,59650500,105000
134828,chr10,59546500,59700500,154000
134829,chr10,59729500,59841500,112000
134830,chr10,59729500,59902500,173000
134831,chr10,59730500,59797500,67000
134832,chr10,61581500,62018500,437000
134833,chr10,61674500,62018500,344000
134834,chr10,61941500,62018500,77000
134835,chr10,62022500,62246500,224000
134836,chr10,62023500,62078500,55000
134837,chr10,62111500,62246500,135000
134839,chr10,62336500,62393500,57000
134840,chr10,62336500,62516500,180000
134842,chr10,62596500,62847500,251000
134844,chr10,62822500,62901500,79000
134845,chr10,62822500,63216500,394000
134847,chr10,62878500,63213500,335000
134848,chr10,62962500,63216500,254000
134849,chr10,62989500,63214500,225000
134850,chr10,63160500,63213500,53000
134851,chr10,63259500,63410500,151000
134852,chr10,63418500,63527500,109000
134853,chr10,63418500,63734500,316000
134854,chr10,63418500,63920500,502000
134856,chr10,59984500,60078500,94000
134857,chr10,60027500,60073500,46000
134859,chr10,60140500,60533500,393000
134860,chr10,60141500,60247500,106000
134861,chr10,60141500,60592500,451000
134862,chr10,60243500,60593500,350000
134863,chr10,60254500,60449500,195000
134864,chr10,60254500,60533500,279000
134865,chr10,60254500,60592500,338000
134866,chr10,60367500,60449500,82000
134868,chr10,60367500,60592500,225000
134870,chr10,60457500,60592500,135000
134871,chr10,60615500,60821500,206000
134872,chr10,60614500,60905500,291000
134873,chr10,60614500,60983500,369000
134874,chr10,60615500,60666500,51000
134876,chr10,60665500,60982500,317000
134878,chr10,60667500,60904500,237000
134879,chr10,61035500,61172500,137000
134880,chr10,61035500,61236500,201000
134881,chr10,61177500,61236500,59000
134882,chr10,61328500,61438500,110000
134883,chr10,61442500,61493500,51000
134884,chr10,61581500,61938500,357000
134885,chr10,61581500,61653500,72000
134886,chr10,61674500,61937500,263000
134887,chr10,61713500,61937500,224000
134888,chr10,61714500,61812500,98000
134889,chr10,61816500,61937500,121000
134890,chr10,66689500,67147500,458000
134891,chr10,66745500,66916500,171000
134892,chr10,66746500,66968500,222000
134893,chr10,66745500,67027500,282000
134894,chr10,66745500,67051500,306000
134899,chr10,66755500,66839500,84000
134900,chr10,66757500,66805500,48000
134902,chr10,67151500,67557500,406000
134904,chr10,67152500,67602500,450000
134905,chr10,67151500,67641500,490000
134906,chr10,67152500,67695500,543000
134908,chr10,67153500,67372500,219000
134909,chr10,67261500,67555500,294000
134910,chr10,67373500,67483500,110000
134911,chr10,67372500,67557500,185000
134916,chr10,67834500,67982500,148000
134917,chr10,67887500,67982500,95000
134920,chr10,71316500,72226500,910000
134923,chr10,72849500,72933500,84000
134925,chr10,72940500,73236500,296000
134928,chr10,69705500,70022500,317000
134929,chr10,69706500,70132500,426000
134930,chr10,69803500,70132500,329000
134931,chr10,70030500,70132500,102000
134932,chr10,70091500,70132500,41000
134933,chr10,70154500,70312500,158000
134934,chr10,70154500,70399500,245000
134935,chr10,70155500,70650500,495000
134937,chr10,70159500,70196500,37000
134939,chr10,70200500,70311500,111000
134942,chr10,70200500,70277500,77000
134944,chr10,70430500,70650500,220000
134945,chr10,70652500,70798500,146000
134946,chr10,70752500,71054500,302000
134947,chr10,70802500,71054500,252000
134948,chr10,70929500,71056500,127000
134949,chr10,71073500,71182500,109000
134950,chr10,71163500,71236500,73000
134953,chr10,67887500,68119500,232000
134954,chr10,68008500,68118500,110000
134959,chr10,68622500,68950500,328000
134960,chr10,68739500,68950500,211000
134961,chr10,68739500,69000500,261000
134963,chr10,69022500,69142500,120000
134967,chr10,69207500,69491500,284000
134969,chr10,69289500,69358500,69000
134970,chr10,69288500,69490500,202000
134974,chr10,69498500,69681500,183000
134975,chr10,69498500,69629500,131000
134976,chr10,69498500,69800500,302000
134977,chr10,69706500,69799500,93000
134978,chr10,69706500,69849500,143000
134986,chr10,74760500,75027500,267000
134987,chr10,74760500,74896500,136000
134988,chr10,74772500,74987500,215000
134989,chr10,74772500,74856500,84000
134990,chr10,74895500,74986500,91000
134991,chr10,75018500,75273500,255000
134992,chr10,75018500,75322500,304000
134993,chr10,75152500,75273500,121000
134994,chr10,75152500,75322500,170000
134995,chr10,75422500,75541500,119000
134996,chr10,75422500,75788500,366000
134997,chr10,75472500,75787500,315000
134998,chr10,75580500,75689500,109000
134999,chr10,75579500,75787500,208000
135000,chr10,75899500,76038500,139000
135002,chr10,76163500,76570500,407000
135003,chr10,76227500,76571500,344000
135005,chr10,76291500,76571500,280000
135006,chr10,76386500,76566500,180000
135007,chr10,76459500,76565500,106000
135008,chr10,76570500,76857500,287000
135009,chr10,76627500,76857500,230000
135010,chr10,76628500,76901500,273000
135011,chr10,76671500,76902500,231000
135012,chr10,76671500,77188500,517000
135013,chr10,76671500,76856500,185000
135016,chr10,76672500,76956500,284000
135017,chr10,76918500,77089500,171000
135018,chr10,76918500,77189500,271000
135019,chr10,76966500,77088500,122000
135022,chr10,77118500,77189500,71000
135023,chr10,77118500,77345500,227000
135027,chr10,77353500,77402500,49000
135029,chr10,79822500,80000500,178000
135030,chr10,80011500,80081500,70000
135031,chr10,80011500,80210500,199000
135033,chr10,80281500,80343500,62000
135035,chr10,80282500,80523500,241000
135038,chr10,80416500,80522500,106000
135042,chr10,80584500,80714500,130000
135043,chr10,80584500,80830500,246000
135046,chr10,80657500,80713500,56000
135047,chr10,80657500,80830500,173000
135048,chr10,80717500,80829500,112000
135049,chr10,80764500,80824500,60000
135051,chr10,80922500,81010500,88000
135052,chr10,81033500,81117500,84000
135053,chr10,81033500,81179500,146000
135055,chr10,81033500,81320500,287000
135057,chr10,81034500,81285500,251000
135059,chr10,81228500,81363500,135000
135060,chr10,81229500,81284500,55000
135061,chr10,81400500,81440500,40000
135066,chr10,78114500,78215500,101000
135067,chr10,78115500,78228500,113000
135068,chr10,78160500,78227500,67000
135069,chr10,78357500,78582500,225000
135070,chr10,78377500,78440500,63000
135072,chr10,78468500,78581500,113000
135073,chr10,78592500,78952500,360000
135077,chr10,79431500,79485500,54000
135078,chr10,79670500,79792500,122000
135083,chr10,79821500,79976500,155000
135085,chr10,81882500,82006500,124000
135086,chr10,82502500,82627500,125000
135087,chr10,82502500,82737500,235000
135088,chr10,82588500,82719500,131000
135089,chr10,82647500,82736500,89000
135090,chr10,82648500,82695500,47000
135092,chr10,82745500,83018500,273000
135094,chr10,82746500,83059500,313000
135095,chr10,82796500,83018500,222000
135096,chr10,83060500,83453500,393000
135100,chr10,87389500,88162500,773000
135102,chr10,87484500,88140500,656000
135103,chr10,87691500,88139500,448000
135104,chr10,88002500,88140500,138000
135105,chr10,88213500,88262500,49000
135106,chr10,88214500,88505500,291000
135107,chr10,88214500,88563500,349000
135108,chr10,88294500,88566500,272000
135109,chr10,88387500,88505500,118000
135110,chr10,88387500,88562500,175000
135111,chr10,88456500,88561500,105000
135116,chr10,89162500,89219500,57000
135117,chr10,89162500,89466500,304000
135118,chr10,89298500,89465500,167000
135119,chr10,85804500,86132500,328000
135120,chr10,85804500,86299500,495000
135121,chr10,85901500,86132500,231000
135122,chr10,85901500,86299500,398000
135123,chr10,85928500,86132500,204000
135124,chr10,85927500,86299500,372000
135125,chr10,86017500,86132500,115000
135126,chr10,86018500,86288500,270000
135127,chr10,86138500,86288500,150000
135128,chr10,86192500,86288500,96000
135130,chr10,86473500,86665500,192000
135132,chr10,86541500,86614500,73000
135133,chr10,86860500,87340500,480000
135134,chr10,86860500,87387500,527000
135135,chr10,86861500,86961500,100000
135137,chr10,86930500,87339500,409000
135138,chr10,86962500,87339500,377000
135141,chr10,87485500,87690500,205000
135142,chr10,87485500,87807500,322000
135143,chr10,87691500,87806500,115000
135147,chr10,83655500,84350500,695000
135149,chr10,83856500,84274500,418000
135150,chr10,83901500,84273500,372000
135151,chr10,84002500,84273500,271000
135152,chr10,84351500,84466500,115000
135153,chr10,84593500,84751500,158000
135154,chr10,84990500,85178500,188000
135157,chr10,85056500,85273500,217000
135158,chr10,85057500,85178500,121000
135160,chr10,85292500,85420500,128000
135161,chr10,85293500,85376500,83000
135164,chr10,89917500,90526500,609000
135168,chr10,90567500,90869500,302000
135169,chr10,90566500,90977500,411000
135170,chr10,90567500,90805500,238000
135172,chr10,90665500,90804500,139000
135173,chr10,91133500,91364500,231000
135176,chr10,91195500,91364500,169000
135177,chr10,95968500,97148500,1180000
135178,chr10,95968500,97175500,1207000
135181,chr10,96454500,96558500,104000
135183,chr10,97181500,97540500,359000
135195,chr10,92905500,93123500,218000
135197,chr10,92906500,93202500,296000
135198,chr10,92998500,93115500,117000
135199,chr10,93128500,93413500,285000
135200,chr10,93128500,93201500,73000
135201,chr10,93128500,93260500,132000
135203,chr10,93262500,93599500,337000
135204,chr10,93263500,93412500,149000
135205,chr10,93262500,93648500,386000
135206,chr10,93323500,93383500,60000
135207,chr10,93322500,93412500,90000
135208,chr10,93429500,93648500,219000
135209,chr10,93654500,93952500,298000
135210,chr10,93849500,93951500,102000
135212,chr10,94244500,94297500,53000
135213,chr10,94244500,94444500,200000
135214,chr10,94351500,94779500,428000
135215,chr10,94460500,94797500,337000
135218,chr10,94828500,94924500,96000
135219,chr10,94828500,94992500,164000
135220,chr10,94829500,95123500,294000
135221,chr10,94828500,95311500,483000
135223,chr10,94924500,95311500,387000
135224,chr10,94925500,94992500,67000
135225,chr10,94925500,95123500,198000
135226,chr10,95055500,95149500,94000
135228,chr10,95148500,95251500,103000
135229,chr10,95149500,95292500,143000
135230,chr10,95254500,95311500,57000
135231,chr10,95351500,95728500,377000
135233,chr10,95388500,95693500,305000
135234,chr10,95387500,95730500,343000
135236,chr10,95391500,95615500,224000
135239,chr10,95399500,95516500,117000
135240,chr10,95400500,95555500,155000
135241,chr10,95734500,95869500,135000
135242,chr10,95734500,95941500,207000
135247,chr10,102286500,102672500,386000
135250,chr10,102334500,102672500,338000
135254,chr10,103090500,103238500,148000
135255,chr10,99479500,100311500,832000
135258,chr10,98330500,98921500,591000
135260,chr10,98999500,99453500,454000
135261,chr10,99026500,99413500,387000
135262,chr10,99027500,99244500,217000
135263,chr10,99028500,99296500,268000
135264,chr10,99042500,99098500,56000
135265,chr10,99098500,99296500,198000
135266,chr10,99245500,99412500,167000
135267,chr10,105703500,106421500,718000
135272,chr10,107278500,107539500,261000
135273,chr10,107279500,107583500,304000
135274,chr10,107636500,107760500,124000
135275,chr10,107694500,107759500,65000
135284,chr10,108136500,108270500,134000
135286,chr10,108136500,108373500,237000
135287,chr10,108169500,108269500,100000
135294,chr10,109601500,109698500,97000
135295,chr10,109756500,109921500,165000
135306,chr10,110630500,110811500,181000
135307,chr10,110630500,110936500,306000
135308,chr10,110631500,110767500,136000
135311,chr10,110811500,110936500,125000
135312,chr10,111062500,111324500,262000
135314,chr10,111063500,111285500,222000
135315,chr10,111063500,111311500,248000
135316,chr10,111134500,111324500,190000
135317,chr10,111341500,111489500,148000
135318,chr10,111341500,111761500,420000
135319,chr10,111814500,111941500,127000
135322,chr10,114640500,114887500,247000
135323,chr10,115087500,115220500,133000
135325,chr10,115160500,115452500,292000
135329,chr10,115242500,115453500,211000
135330,chr10,115282500,115451500,169000
135332,chr10,115920500,116033500,113000
135335,chr10,116044500,116155500,111000
135337,chr10,116166500,116255500,89000
135338,chr10,116166500,116280500,114000
135339,chr10,116166500,116625500,459000
135340,chr10,116166500,116684500,518000
135341,chr10,116166500,116729500,563000
135343,chr10,116298500,116625500,327000
135344,chr10,116365500,116625500,260000
135345,chr10,116724500,116870500,146000
135346,chr10,116780500,117046500,266000
135347,chr10,116817500,116869500,52000
135353,chr10,116900500,117045500,145000
135354,chr10,116980500,117045500,65000
135356,chr10,117062500,117271500,209000
135357,chr10,117108500,117271500,163000
135360,chr10,117199500,117271500,72000
135361,chr10,117292500,117472500,180000
135362,chr10,117291500,117512500,221000
135363,chr10,117351500,117513500,162000
135364,chr10,117402500,117513500,111000
135365,chr10,117529500,117608500,79000
135368,chr10,117632500,117835500,203000
135371,chr10,119967500,120038500,71000
135374,chr10,120084500,120710500,626000
135375,chr10,120141500,120402500,261000
135376,chr10,120142500,120537500,395000
135377,chr10,120142500,120503500,361000
135379,chr10,120312500,120388500,76000
135380,chr10,120422500,120538500,116000
135381,chr10,120712500,121092500,380000
135382,chr10,120774500,120868500,94000
135383,chr10,120774500,121091500,317000
135384,chr10,120869500,121091500,222000
135385,chr10,121245500,121352500,107000
135386,chr10,121391500,121454500,63000
135387,chr10,121476500,121885500,409000
135393,chr10,117991500,118247500,256000
135394,chr10,117991500,118382500,391000
135397,chr10,118207500,118382500,175000
135399,chr10,118428500,118915500,487000
135400,chr10,118429500,118603500,174000
135401,chr10,118430500,119004500,574000
135402,chr10,118917500,119004500,87000
135404,chr10,119483500,119638500,155000
135405,chr10,119482500,119899500,417000
135406,chr10,119482500,119962500,480000
135407,chr10,119640500,119962500,322000
135408,chr10,119641500,119898500,257000
135409,chr10,119722500,119900500,178000
135410,chr10,119721500,119962500,241000
135411,chr10,119768500,119962500,194000
135412,chr10,119769500,119900500,131000
135413,chr10,119901500,119961500,60000
135421,chr10,125623500,125831500,208000
135424,chr10,121890500,122365500,475000
135426,chr10,122388500,122841500,453000
135427,chr10,122389500,122630500,241000
135428,chr10,122389500,122927500,538000
135429,chr10,122515500,122628500,113000
135433,chr10,122639500,122958500,319000
135434,chr10,122640500,122841500,201000
135435,chr10,122641500,122893500,252000
135436,chr10,122641500,122927500,286000
135437,chr10,122640500,123091500,451000
135441,chr10,125623500,126166500,543000
135442,chr10,125899500,126166500,267000
135443,chr10,126005500,126166500,161000
135445,chr10,126223500,126463500,240000
135446,chr10,126755500,126826500,71000
135447,chr10,126901500,127125500,224000
135449,chr10,126914500,127176500,262000
135452,chr10,126960500,127169500,209000
135454,chr10,127013500,127065500,52000
135456,chr10,127176500,127346500,170000
135457,chr10,127362500,127500500,138000
135459,chr10,127405500,127843500,438000
135460,chr10,127477500,127773500,296000
135461,chr10,127477500,127845500,368000
135463,chr10,127512500,127573500,61000
135465,chr10,127575500,127845500,270000
135466,chr10,127574500,127773500,199000
135467,chr10,127661500,127773500,112000
135468,chr10,127708500,127772500,64000
135469,chr10,127781500,127844500,63000
135471,chr10,127782500,128024500,242000
135474,chr10,127853500,128024500,171000
135475,chr10,127928500,128023500,95000
135477,chr10,127978500,128022500,44000
135478,chr10,128210500,128372500,162000
135480,chr10,128211500,128291500,80000
135481,chr10,128294500,128372500,78000
135482,chr10,128451500,128731500,280000
135484,chr10,128567500,128731500,164000
135489,chr10,130201500,130368500,167000
135493,chr11,3297500,3359500,62000
135494,chr11,3297500,3403500,106000
135495,chr11,3424500,3550500,126000
135496,chr11,3423500,3736500,313000
135497,chr11,3424500,3464500,40000
135498,chr11,3485500,3552500,67000
135499,chr11,3485500,3736500,251000
135501,chr11,3486500,3599500,113000
135502,chr11,3647500,3829500,182000
135503,chr11,3648500,3865500,217000
135504,chr11,3757500,3866500,109000
135508,chr11,7162500,8195500,1033000
135509,chr11,7161500,8252500,1091000
135510,chr11,8369500,8851500,482000
135511,chr11,8374500,8474500,100000
135512,chr11,8374500,8810500,436000
135513,chr11,8374500,8906500,532000
135515,chr11,8485500,8810500,325000
135516,chr11,8485500,8905500,420000
135517,chr11,8518500,8585500,67000
135518,chr11,8519500,8615500,96000
135519,chr11,8553500,8810500,257000
135521,chr11,8934500,9199500,265000
135523,chr11,3925500,4124500,199000
135524,chr11,3952500,4032500,80000
135525,chr11,4083500,4208500,125000
135526,chr11,4084500,4169500,85000
135528,chr11,4170500,4372500,202000
135529,chr11,4171500,4401500,230000
135530,chr11,4209500,4815500,606000
135531,chr11,4210500,4276500,66000
135532,chr11,4209500,4371500,162000
135533,chr11,4704500,4771500,67000
135534,chr11,4704500,4815500,111000
135535,chr11,4866500,4925500,59000
135537,chr11,5065500,5111500,46000
135538,chr11,5132500,5234500,102000
135539,chr11,5131500,5424500,293000
135540,chr11,5434500,5727500,293000
135541,chr11,5434500,5833500,399000
135543,chr11,5436500,5471500,35000
135544,chr11,5435500,5579500,144000
135546,chr11,5600500,5728500,128000
135547,chr11,5830500,5903500,73000
135549,chr11,5945500,6137500,192000
135550,chr11,5945500,6211500,266000
135551,chr11,6425500,6575500,150000
135552,chr11,6605500,7090500,485000
135553,chr11,6605500,7140500,535000
135555,chr11,6607500,7014500,407000
135556,chr11,6719500,7090500,371000
135557,chr11,6725500,6845500,120000
135558,chr11,7164500,7518500,354000
135559,chr11,7165500,7395500,230000
135564,chr11,16476500,16559500,83000
135565,chr11,16540500,16900500,360000
135567,chr11,17111500,17160500,49000
135568,chr11,17110500,17207500,97000
135569,chr11,17801500,17901500,100000
135572,chr11,11975500,12491500,516000
135576,chr11,12265500,12491500,226000
135584,chr11,11411500,11693500,282000
135585,chr11,11409500,11925500,516000
135586,chr11,11410500,11739500,329000
135587,chr11,11450500,11924500,474000
135588,chr11,11450500,11692500,242000
135589,chr11,11450500,11738500,288000
135590,chr11,11507500,11925500,418000
135591,chr11,11507500,11692500,185000
135592,chr11,11507500,11738500,231000
135594,chr11,11636500,11987500,351000
135595,chr11,11759500,11975500,216000
135596,chr11,11759500,11986500,227000
135598,chr11,11767500,11922500,155000
135600,chr11,11773500,11831500,58000
135601,chr11,11772500,11856500,84000
135604,chr11,18825500,18967500,142000
135606,chr11,18827500,19711500,884000
135610,chr11,18974500,19711500,737000
135612,chr11,19779500,19981500,202000
135615,chr11,19873500,19937500,64000
135619,chr11,24000500,24197500,197000
135620,chr11,24000500,24282500,282000
135621,chr11,24000500,24363500,363000
135622,chr11,24029500,24114500,85000
135623,chr11,24031500,24197500,166000
135633,chr11,19773500,20021500,248000
135635,chr11,20083500,20350500,267000
135636,chr11,20084500,20182500,98000
135640,chr11,20182500,20351500,169000
135641,chr11,20213500,20351500,138000
135642,chr11,20213500,20640500,427000
135643,chr11,20254500,20351500,97000
135645,chr11,20396500,20640500,244000
135648,chr11,20405500,20589500,184000
135652,chr11,20415500,20493500,78000
135653,chr11,20493500,20581500,88000
135655,chr11,20744500,21128500,384000
135656,chr11,20745500,20863500,118000
135658,chr11,20865500,21128500,263000
135659,chr11,21120500,21208500,88000
135663,chr11,22176500,22568500,392000
135664,chr11,22176500,22907500,731000
135665,chr11,22266500,22567500,301000
135667,chr11,22462500,22568500,106000
135670,chr11,22580500,22809500,229000
135674,chr11,22582500,22907500,325000
135675,chr11,22660500,22908500,248000
135679,chr11,22952500,23318500,366000
135680,chr11,22953500,23385500,432000
135683,chr11,23629500,23904500,275000
135684,chr11,23805500,23904500,99000
135685,chr11,25813500,26023500,210000
135691,chr11,27703500,28534500,831000
135697,chr11,28561500,28760500,199000
135702,chr11,29197500,29464500,267000
135704,chr11,29496500,29643500,147000
135705,chr11,29660500,29834500,174000
135708,chr11,30042500,30172500,130000
135709,chr11,30042500,30606500,564000
135710,chr11,30098500,30172500,74000
135711,chr11,30187500,30558500,371000
135712,chr11,30188500,30606500,418000
135713,chr11,30188500,30748500,560000
135716,chr11,30625500,30836500,211000
135717,chr11,30626500,30749500,123000
135722,chr11,31199500,31323500,124000
135724,chr11,31588500,31899500,311000
135725,chr11,31623500,31820500,197000
135726,chr11,31625500,31898500,273000
135727,chr11,31625500,32082500,457000
135728,chr11,31625500,32111500,486000
135729,chr11,31892500,32082500,190000
135730,chr11,31892500,32112500,220000
135732,chr11,32133500,32188500,55000
135733,chr11,32133500,32273500,140000
135734,chr11,32166500,32272500,106000
135735,chr11,32293500,32538500,245000
135736,chr11,32401500,32538500,137000
135737,chr11,32483500,32538500,55000
135738,chr11,32577500,32659500,82000
135739,chr11,32664500,33097500,433000
135740,chr11,32756500,32907500,151000
135741,chr11,32756500,33097500,341000
135742,chr11,32874500,33096500,222000
135743,chr11,32911500,33097500,186000
135747,chr11,33123500,33671500,548000
135748,chr11,33126500,33245500,119000
135749,chr11,33125500,33504500,379000
135750,chr11,33125500,33564500,439000
135752,chr11,33431500,33504500,73000
135753,chr11,33524500,33671500,147000
135754,chr11,33525500,33563500,38000
135759,chr11,39479500,40492500,1013000
135760,chr11,39480500,40039500,559000
135761,chr11,40426500,40492500,66000
135763,chr11,40584500,40625500,41000
135764,chr11,35937500,36111500,174000
135765,chr11,35936500,36417500,481000
135767,chr11,35937500,36380500,443000
135769,chr11,36112500,36381500,269000
135770,chr11,36112500,36417500,305000
135773,chr11,36937500,37076500,139000
135774,chr11,33675500,34162500,487000
135776,chr11,33878500,34163500,285000
135778,chr11,34073500,34162500,89000
135780,chr11,34179500,34288500,109000
135783,chr11,34226500,34595500,369000
135784,chr11,34264500,34687500,423000
135791,chr11,34732500,35557500,825000
135792,chr11,34732500,35585500,853000
135793,chr11,34734500,35342500,608000
135794,chr11,34735500,35009500,274000
135795,chr11,34735500,35258500,523000
135796,chr11,34735500,35297500,562000
135798,chr11,35010500,35298500,288000
135799,chr11,35010500,35342500,332000
135800,chr11,35258500,35584500,326000
135801,chr11,35258500,35342500,84000
135802,chr11,35258500,35557500,299000
135803,chr11,35343500,35557500,214000
135804,chr11,35343500,35583500,240000
135805,chr11,35594500,35690500,96000
135806,chr11,35667500,35718500,51000
135807,chr11,35693500,35892500,199000
135808,chr11,35733500,35891500,158000
135815,chr11,42890500,43154500,264000
135816,chr11,42890500,43239500,349000
135820,chr11,43386500,43535500,149000
135822,chr11,43580500,43633500,53000
135823,chr11,43674500,43976500,302000
135825,chr11,48069500,48479500,410000
135826,chr11,48070500,48666500,596000
135827,chr11,48481500,48665500,184000
135830,chr11,48680500,48746500,66000
135833,chr11,48765500,49161500,396000
135834,chr11,48765500,48995500,230000
135836,chr11,48995500,49162500,167000
135837,chr11,49080500,49162500,82000
135840,chr11,49543500,49850500,307000
135841,chr11,49619500,49735500,116000
135842,chr11,45835500,46106500,271000
135843,chr11,46020500,46106500,86000
135848,chr11,46414500,46523500,109000
135854,chr11,47429500,47548500,119000
135855,chr11,43657500,44289500,632000
135856,chr11,43657500,44345500,688000
135857,chr11,43674500,44102500,428000
135858,chr11,43674500,44222500,548000
135859,chr11,43727500,44222500,495000
135860,chr11,43978500,44222500,244000
135862,chr11,44361500,44410500,49000
135865,chr11,44501500,44777500,276000
135866,chr11,44501500,45427500,926000
135867,chr11,44502500,44899500,397000
135869,chr11,44509500,44599500,90000
135870,chr11,44509500,44655500,146000
135871,chr11,44665500,44898500,233000
135872,chr11,44901500,45429500,528000
135873,chr11,45205500,45424500,219000
135875,chr11,45687500,45773500,86000
135876,chr11,45687500,45816500,129000
135879,chr11,49876500,50155500,279000
135880,chr11,49877500,50020500,143000
135881,chr11,49877500,50122500,245000
135882,chr11,49877500,50255500,378000
135884,chr11,50053500,50121500,68000
135887,chr11,50659500,51424500,765000
135888,chr11,50831500,51156500,325000
135889,chr11,50830500,51426500,596000
135891,chr11,50831500,50943500,112000
135892,chr11,51180500,51473500,293000
135893,chr11,51180500,51425500,245000
135894,chr11,51217500,51424500,207000
135896,chr11,51507500,51573500,66000
135897,chr11,51709500,51857500,148000
135900,chr11,51710500,51896500,186000
135901,chr11,51892500,51989500,97000
135904,chr11,56022500,57201500,1179000
135905,chr11,56022500,57358500,1336000
135907,chr11,56050500,56430500,380000
135910,chr11,56867500,57194500,327000
135911,chr11,57202500,57358500,156000
135912,chr11,57366500,57638500,272000
135913,chr11,57365500,57824500,459000
135914,chr11,57366500,57668500,302000
135916,chr11,57366500,57810500,444000
135919,chr11,57440500,57668500,228000
135920,chr11,57679500,57824500,145000
135921,chr11,57679500,57810500,131000
135922,chr11,57710500,57824500,114000
135923,chr11,57844500,57907500,63000
135924,chr11,57842500,57948500,106000
135927,chr11,51710500,52011500,301000
135928,chr11,51710500,52111500,401000
135932,chr11,52114500,52234500,120000
135936,chr11,52312500,52522500,210000
135939,chr11,52312500,52653500,341000
135940,chr11,52312500,52923500,611000
135941,chr11,52312500,53145500,833000
135942,chr11,52410500,52652500,242000
135946,chr11,52655500,53146500,491000
135947,chr11,52976500,53145500,169000
135948,chr11,53161500,53265500,104000
135950,chr11,53163500,53296500,133000
135952,chr11,53191500,53241500,50000
135953,chr11,53265500,53302500,37000
135954,chr11,53359500,53626500,267000
135956,chr11,53477500,53626500,149000
135957,chr11,53477500,53763500,286000
135959,chr11,53893500,53979500,86000
135962,chr11,53893500,54147500,254000
135963,chr11,53894500,54301500,407000
135964,chr11,53894500,54245500,351000
135965,chr11,54035500,54146500,111000
135966,chr11,54035500,54245500,210000
135967,chr11,54035500,54302500,267000
135968,chr11,54190500,54245500,55000
135971,chr11,54594500,54752500,158000
135972,chr11,54594500,54809500,215000
135973,chr11,54594500,54876500,282000
135976,chr11,54771500,54875500,104000
135977,chr11,54772500,54812500,40000
135978,chr11,54771500,55050500,279000
135979,chr11,54822500,54874500,52000
135980,chr11,54889500,54930500,41000
135981,chr11,54889500,55049500,160000
135982,chr11,54933500,55049500,116000
135983,chr11,54977500,55049500,72000
135984,chr11,54988500,55351500,363000
135985,chr11,55054500,55277500,223000
135986,chr11,55054500,55337500,283000
135987,chr11,55093500,55275500,182000
135988,chr11,55094500,55337500,243000
135989,chr11,55280500,55337500,57000
135990,chr11,55409500,55680500,271000
135991,chr11,55409500,55882500,473000
135992,chr11,55481500,55680500,199000
135993,chr11,55482500,55882500,400000
135994,chr11,55681500,55882500,201000
135995,chr11,55746500,55872500,126000
135996,chr11,57842500,58055500,213000
135997,chr11,57842500,58116500,274000
135999,chr11,58062500,58195500,133000
136000,chr11,58070500,58116500,46000
136002,chr11,58126500,58479500,353000
136003,chr11,58126500,58531500,405000
136004,chr11,58128500,58192500,64000
136007,chr11,58243500,58529500,286000
136009,chr11,58293500,58479500,186000
136010,chr11,58293500,58527500,234000
136015,chr11,58857500,58982500,125000
136016,chr11,58988500,59074500,86000
136017,chr11,58988500,59188500,200000
136018,chr11,58988500,59373500,385000
136019,chr11,59124500,59186500,62000
136020,chr11,59122500,59374500,252000
136022,chr11,59192500,59374500,182000
136025,chr11,59416500,59669500,253000
136026,chr11,59416500,59460500,44000
136027,chr11,59514500,59637500,123000
136028,chr11,59517500,59967500,450000
136031,chr11,59669500,59968500,299000
136032,chr11,59738500,59967500,229000
136033,chr11,59771500,59855500,84000
136034,chr11,59771500,59918500,147000
136035,chr11,59771500,59966500,195000
136036,chr11,59857500,59917500,60000
136038,chr11,61841500,62170500,329000
136039,chr11,61938500,62169500,231000
136041,chr11,62018500,62169500,151000
136044,chr11,62320500,62401500,81000
136045,chr11,62504500,62566500,62000
136048,chr11,62635500,63103500,468000
136049,chr11,62635500,62812500,177000
136050,chr11,62635500,63026500,391000
136051,chr11,62635500,63063500,428000
136054,chr11,62648500,62740500,92000
136056,chr11,62811500,63026500,215000
136059,chr11,62824500,63026500,202000
136060,chr11,63104500,63282500,178000
136061,chr11,63155500,63282500,127000
136062,chr11,63293500,63581500,288000
136063,chr11,63295500,63660500,365000
136065,chr11,63304500,63790500,486000
136066,chr11,63813500,63970500,157000
136067,chr11,63815500,63923500,108000
136073,chr11,63724500,64112500,388000
136077,chr11,63813500,64326500,513000
136078,chr11,63816500,64112500,296000
136079,chr11,63845500,64327500,482000
136081,chr11,64643500,64782500,139000
136085,chr11,65087500,65569500,482000
136086,chr11,65088500,65421500,333000
136087,chr11,65089500,65460500,371000
136088,chr11,65088500,65522500,434000
136089,chr11,65712500,65866500,154000
136092,chr11,59771500,60086500,315000
136093,chr11,59975500,60198500,223000
136094,chr11,59975500,60303500,328000
136095,chr11,59995500,60085500,90000
136096,chr11,60090500,60183500,93000
136097,chr11,60198500,60303500,105000
136099,chr11,60589500,60665500,76000
136100,chr11,60716500,60982500,266000
136101,chr11,60798500,60982500,184000
136104,chr11,60845500,60934500,89000
136105,chr11,60845500,60982500,137000
136106,chr11,60995500,61300500,305000
136107,chr11,60995500,61395500,400000
136110,chr11,61084500,61395500,311000
136111,chr11,61084500,61605500,521000
136113,chr11,61238500,61300500,62000
136114,chr11,61240500,61395500,155000
136115,chr11,61241500,61605500,364000
136117,chr11,61405500,61509500,104000
136118,chr11,61519500,61605500,86000
136119,chr11,61557500,61605500,48000
136121,chr11,66013500,66391500,378000
136123,chr11,66418500,66762500,344000
136125,chr11,66504500,66790500,286000
136126,chr11,66796500,66875500,79000
136127,chr11,66796500,66911500,115000
136128,chr11,66797500,66974500,177000
136129,chr11,66917500,66974500,57000
136130,chr11,66917500,67267500,350000
136132,chr11,67002500,67322500,320000
136133,chr11,67002500,67539500,537000
136134,chr11,67003500,67126500,123000
136135,chr11,67003500,67241500,238000
136136,chr11,67083500,67241500,158000
136137,chr11,67320500,67539500,219000
136138,chr11,67408500,67538500,130000
136139,chr11,67710500,67854500,144000
136141,chr11,72113500,72320500,207000
136142,chr11,72113500,72454500,341000
136143,chr11,72234500,72455500,221000
136144,chr11,72322500,72455500,133000
136145,chr11,72465500,72580500,115000
136147,chr11,72463500,72663500,200000
136149,chr11,72466500,72524500,58000
136150,chr11,72463500,72628500,165000
136151,chr11,72463500,72891500,428000
136152,chr11,72705500,72891500,186000
136153,chr11,72817500,72891500,74000
136154,chr11,72897500,72998500,101000
136158,chr11,67866500,68298500,432000
136159,chr11,67893500,68371500,478000
136160,chr11,67894500,68298500,404000
136161,chr11,67971500,68298500,327000
136162,chr11,68051500,68298500,247000
136164,chr11,68376500,68449500,73000
136165,chr11,68457500,68615500,158000
136166,chr11,68796500,68873500,77000
136168,chr11,68955500,69013500,58000
136169,chr11,68986500,69303500,317000
136173,chr11,69083500,69281500,198000
136174,chr11,69083500,69404500,321000
136175,chr11,69085500,69136500,51000
136177,chr11,69148500,69404500,256000
136180,chr11,69160500,69281500,121000
136181,chr11,69160500,69323500,163000
136182,chr11,69292500,69403500,111000
136185,chr11,69307500,69451500,144000
136188,chr11,69422500,69504500,82000
136189,chr11,69534500,69633500,99000
136195,chr11,69620500,69767500,147000
136196,chr11,69620500,69840500,220000
136197,chr11,69620500,69851500,231000
136198,chr11,69628500,69801500,173000
136199,chr11,69697500,69767500,70000
136201,chr11,69825500,70104500,279000
136203,chr11,69919500,70106500,187000
136205,chr11,69946500,70069500,123000
136209,chr11,70204500,70399500,195000
136211,chr11,70211500,70646500,435000
136212,chr11,70305500,70398500,93000
136213,chr11,70305500,70515500,210000
136214,chr11,70306500,70646500,340000
136215,chr11,70407500,70646500,239000
136216,chr11,70520500,70646500,126000
136217,chr11,71228500,71915500,687000
136218,chr11,71229500,71928500,699000
136221,chr11,71457500,71739500,282000
136222,chr11,71456500,71628500,172000
136223,chr11,71456500,71928500,472000
136224,chr11,71565500,71915500,350000
136229,chr11,79933500,80089500,156000
136231,chr11,79978500,80089500,111000
136233,chr11,80178500,80243500,65000
136234,chr11,80179500,80317500,138000
136235,chr11,80286500,80353500,67000
136238,chr11,80587500,80690500,103000
136239,chr11,80587500,80742500,155000
136245,chr11,80797500,81042500,245000
136246,chr11,80798500,81265500,467000
136250,chr11,81266500,81352500,86000
136251,chr11,81265500,81504500,239000
136252,chr11,81266500,81425500,159000
136254,chr11,72898500,74262500,1364000
136256,chr11,73029500,74262500,1233000
136258,chr11,73098500,74262500,1164000
136259,chr11,73172500,74262500,1090000
136263,chr11,74267500,74418500,151000
136264,chr11,74293500,74356500,63000
136265,chr11,74526500,74738500,212000
136266,chr11,74526500,74658500,132000
136270,chr11,74615500,74658500,43000
136271,chr11,74614500,74721500,107000
136273,chr11,74722500,75063500,341000
136279,chr11,74872500,75059500,187000
136280,chr11,74872500,75298500,426000
136281,chr11,75064500,75352500,288000
136282,chr11,75067500,75399500,332000
136283,chr11,75070500,75297500,227000
136284,chr11,75083500,75181500,98000
136285,chr11,75421500,75464500,43000
136286,chr11,75605500,75794500,189000
136287,chr11,75605500,75858500,253000
136290,chr11,75669500,75860500,191000
136291,chr11,75672500,75794500,122000
136292,chr11,75804500,75857500,53000
136296,chr11,75672500,76058500,386000
136297,chr11,75804500,76058500,254000
136298,chr11,75976500,76058500,82000
136299,chr11,75977500,76298500,321000
136302,chr11,76143500,76296500,153000
136305,chr11,76178500,76242500,64000
136306,chr11,76239500,76277500,38000
136307,chr11,76347500,76537500,190000
136308,chr11,76430500,76537500,107000
136309,chr11,76567500,76655500,88000
136310,chr11,76568500,76785500,217000
136311,chr11,76791500,76983500,192000
136312,chr11,76888500,76984500,96000
136313,chr11,76888500,77359500,471000
136314,chr11,76990500,77199500,209000
136315,chr11,76990500,77521500,531000
136317,chr11,76991500,77358500,367000
136318,chr11,76991500,77416500,425000
136319,chr11,77106500,77357500,251000
136320,chr11,77359500,77520500,161000
136321,chr11,77717500,77858500,141000
136322,chr11,77717500,78068500,351000
136323,chr11,77873500,78069500,196000
136325,chr11,77910500,78067500,157000
136326,chr11,78082500,78136500,54000
136329,chr11,78249500,78344500,95000
136330,chr11,78250500,78289500,39000
136334,chr11,78450500,78717500,267000
136335,chr11,78477500,78719500,242000
136337,chr11,78745500,79186500,441000
136338,chr11,78747500,78847500,100000
136340,chr11,78855500,79105500,250000
136342,chr11,78858500,79186500,328000
136344,chr11,78919500,79104500,185000
136346,chr11,78921500,79185500,264000
136347,chr11,79115500,79185500,70000
136349,chr11,79115500,79228500,113000
136351,chr11,79476500,79577500,101000
136353,chr11,79518500,79577500,59000
136357,chr11,79594500,79853500,259000
136360,chr11,79601500,79684500,83000
136363,chr11,81525500,82067500,542000
136364,chr11,81886500,82067500,181000
136365,chr11,81938500,82067500,129000
136366,chr11,82126500,82290500,164000
136368,chr11,82126500,82510500,384000
136369,chr11,82126500,82574500,448000
136370,chr11,82126500,82617500,491000
136372,chr11,82126500,82781500,655000
136374,chr11,82281500,82574500,293000
136375,chr11,82504500,82617500,113000
136376,chr11,82505500,82781500,276000
136377,chr11,82637500,82780500,143000
136378,chr11,82710500,82778500,68000
136380,chr11,82805500,83083500,278000
136382,chr11,82806500,82850500,44000
136384,chr11,83218500,83315500,97000
136385,chr11,83248500,83315500,67000
136386,chr11,83332500,83630500,298000
136390,chr11,83447500,83630500,183000
136391,chr11,83448500,83525500,77000
136392,chr11,83676500,83828500,152000
136394,chr11,83677500,83957500,280000
136400,chr11,85739500,86091500,352000
136402,chr11,86460500,86544500,84000
136403,chr11,86460500,86901500,441000
136404,chr11,86546500,86902500,356000
136406,chr11,86678500,86901500,223000
136407,chr11,86797500,86900500,103000
136409,chr11,87105500,87287500,182000
136415,chr11,87552500,87661500,109000
136416,chr11,87553500,87609500,56000
136417,chr11,87695500,87846500,151000
136418,chr11,87696500,87774500,78000
136421,chr11,87858500,88149500,291000
136422,chr11,87858500,88714500,856000
136423,chr11,87860500,88088500,228000
136426,chr11,87949500,88715500,766000
136427,chr11,87950500,88088500,138000
136428,chr11,87950500,88149500,199000
136430,chr11,87958500,88053500,95000
136431,chr11,88107500,88714500,607000
136433,chr11,88143500,88713500,570000
136435,chr11,88172500,88714500,542000
136436,chr11,88183500,88620500,437000
136437,chr11,88444500,88619500,175000
136439,chr11,88992500,89192500,200000
136440,chr11,89056500,89194500,138000
136441,chr11,89315500,89611500,296000
136443,chr11,83676500,84025500,349000
136452,chr11,84155500,84283500,128000
136453,chr11,84155500,84395500,240000
136454,chr11,84156500,84686500,530000
136456,chr11,84257500,84688500,431000
136462,chr11,84509500,84686500,177000
136463,chr11,84615500,84685500,70000
136466,chr11,84808500,85073500,265000
136467,chr11,84809500,84868500,59000
136469,chr11,85075500,85152500,77000
136470,chr11,85075500,85225500,150000
136472,chr11,85163500,85373500,210000
136473,chr11,85163500,85225500,62000
136477,chr11,85273500,85373500,100000
136479,chr11,85409500,85714500,305000
136481,chr11,85598500,85715500,117000
136483,chr11,85723500,85780500,57000
136485,chr11,85738500,85933500,195000
136488,chr11,93035500,93362500,327000
136489,chr11,93035500,93703500,668000
136491,chr11,93394500,93703500,309000
136493,chr11,93441500,93703500,262000
136494,chr11,93860500,93977500,117000
136496,chr11,89828500,90060500,232000
136497,chr11,89880500,90060500,180000
136498,chr11,89928500,90060500,132000
136499,chr11,89956500,90059500,103000
136500,chr11,90074500,90507500,433000
136507,chr11,90254500,90507500,253000
136513,chr11,93861500,94019500,158000
136514,chr11,93927500,94168500,241000
136515,chr11,94021500,94116500,95000
136516,chr11,94020500,94167500,147000
136517,chr11,94021500,94377500,356000
136518,chr11,94127500,94167500,40000
136519,chr11,94127500,94376500,249000
136520,chr11,94231500,94439500,208000
136521,chr11,94231500,94295500,64000
136522,chr11,94231500,94377500,146000
136523,chr11,94758500,94827500,69000
136524,chr11,94758500,94861500,103000
136525,chr11,94759500,95142500,383000
136526,chr11,94831500,95142500,311000
136528,chr11,94937500,94997500,60000
136529,chr11,95008500,95141500,133000
136530,chr11,95008500,95412500,404000
136531,chr11,95149500,95412500,263000
136533,chr11,95275500,95412500,137000
136534,chr11,95288500,95412500,124000
136535,chr11,95424500,95477500,53000
136536,chr11,95425500,95539500,114000
136538,chr11,95468500,95539500,71000
136539,chr11,95577500,95641500,64000
136540,chr11,95677500,95981500,304000
136541,chr11,95767500,95924500,157000
136542,chr11,95768500,95831500,63000
136543,chr11,95768500,95980500,212000
136544,chr11,95677500,96127500,450000
136546,chr11,95984500,96127500,143000
136549,chr11,96036500,96125500,89000
136550,chr11,96168500,96647500,479000
136551,chr11,96168500,96674500,506000
136552,chr11,96169500,96444500,275000
136553,chr11,96169500,96472500,303000
136554,chr11,96169500,96512500,343000
136555,chr11,96169500,96564500,395000
136556,chr11,96169500,96751500,582000
136557,chr11,96174500,96244500,70000
136559,chr11,96194500,96443500,249000
136560,chr11,96193500,96513500,320000
136561,chr11,96194500,96564500,370000
136562,chr11,96194500,96752500,558000
136564,chr11,96329500,96752500,423000
136565,chr11,96463500,96752500,289000
136566,chr11,96576500,96752500,176000
136567,chr11,96650500,96751500,101000
136568,chr11,96757500,96854500,97000
136569,chr11,96758500,96841500,83000
136570,chr11,96872500,97082500,210000
136571,chr11,96873500,97039500,166000
136572,chr11,96963500,97037500,74000
136573,chr11,96963500,97085500,122000
136574,chr11,97089500,97201500,112000
136575,chr11,97299500,97359500,60000
136576,chr11,97380500,97512500,132000
136577,chr11,97535500,97630500,95000
136578,chr11,97535500,97580500,45000
136579,chr11,97685500,97773500,88000
136580,chr11,97686500,97878500,192000
136582,chr11,97791500,97877500,86000
136583,chr11,101952500,102029500,77000
136586,chr11,102463500,102542500,79000
136587,chr11,102664500,102742500,78000
136588,chr11,102791500,102883500,92000
136589,chr11,102993500,103050500,57000
136591,chr11,103059500,103216500,157000
136594,chr11,103224500,103566500,342000
136595,chr11,103530500,103649500,119000
136596,chr11,103530500,103802500,272000
136597,chr11,103567500,103802500,235000
136598,chr11,103654500,103801500,147000
136599,chr11,103653500,104086500,433000
136600,chr11,103858500,104122500,264000
136601,chr11,103877500,104062500,185000
136603,chr11,104123500,104168500,45000
136604,chr11,104481500,105014500,533000
136605,chr11,104658500,105015500,357000
136606,chr11,105017500,105072500,55000
136607,chr11,105160500,105802500,642000
136608,chr11,105237500,105802500,565000
136610,chr11,105253500,105482500,229000
136611,chr11,105484500,105801500,317000
136612,chr11,105542500,105801500,259000
136613,chr11,105818500,105967500,149000
136618,chr11,99271500,100059500,788000
136619,chr11,99271500,100188500,917000
136621,chr11,99305500,100188500,883000
136622,chr11,99356500,100059500,703000
136623,chr11,99355500,100188500,833000
136624,chr11,99897500,100189500,292000
136625,chr11,99949500,100188500,239000
136626,chr11,99950500,100059500,109000
136627,chr11,100036500,100187500,151000
136628,chr11,100060500,100187500,127000
136629,chr11,100091500,100187500,96000
136634,chr11,100316500,100593500,277000
136636,chr11,100461500,100592500,131000
136637,chr11,100461500,100849500,388000
136638,chr11,100605500,100849500,244000
136639,chr11,100728500,100848500,120000
136641,chr11,100875500,100958500,83000
136642,chr11,100875500,101070500,195000
136643,chr11,100973500,101160500,187000
136644,chr11,100973500,101064500,91000
136645,chr11,101103500,101286500,183000
136646,chr11,101215500,101285500,70000
136647,chr11,101550500,101622500,72000
136648,chr11,101655500,101800500,145000
136649,chr11,101704500,101800500,96000
136650,chr11,101704500,101860500,156000
136651,chr11,101810500,101859500,49000
136654,chr11,98154500,98431500,277000
136656,chr11,98156500,98234500,78000
136659,chr11,98234500,98527500,293000
136660,chr11,98233500,98546500,313000
136661,chr11,98234500,98431500,197000
136663,chr11,98590500,98800500,210000
136664,chr11,98591500,98720500,129000
136667,chr11,98813500,98863500,50000
136668,chr11,98930500,99001500,71000
136669,chr11,98930500,99014500,84000
136670,chr11,98930500,99040500,110000
136671,chr11,99080500,99198500,118000
136672,chr11,99270500,99353500,83000
136673,chr11,99355500,99896500,541000
136674,chr11,99356500,99745500,389000
136685,chr11,112498500,113055500,557000
136686,chr11,112640500,113055500,415000
136687,chr11,112674500,113055500,381000
136690,chr11,112707500,112992500,285000
136691,chr11,113067500,113186500,119000
136692,chr11,113066500,113241500,175000
136693,chr11,113066500,113375500,309000
136694,chr11,113067500,113519500,452000
136695,chr11,113067500,113702500,635000
136696,chr11,113067500,113302500,235000
136698,chr11,113187500,113303500,116000
136700,chr11,113187500,113375500,188000
136701,chr11,113188500,113520500,332000
136703,chr11,113389500,113519500,130000
136705,chr11,113540500,113702500,162000
136706,chr11,113594500,113701500,107000
136707,chr11,113594500,113754500,160000
136708,chr11,113756500,113960500,204000
136711,chr11,109763500,110160500,397000
136712,chr11,109764500,110071500,307000
136713,chr11,109764500,110248500,484000
136714,chr11,109845500,110160500,315000
136715,chr11,110071500,110160500,89000
136716,chr11,110180500,110247500,67000
136718,chr11,110256500,110427500,171000
136719,chr11,110301500,110373500,72000
136722,chr11,110428500,110955500,527000
136728,chr11,105817500,106258500,441000
136729,chr11,105819500,106060500,241000
136730,chr11,105818500,106125500,307000
136731,chr11,105818500,106216500,398000
136732,chr11,105818500,106282500,464000
136733,chr11,106107500,106146500,39000
136737,chr11,106309500,106382500,73000
136738,chr11,106309500,106518500,209000
136739,chr11,106392500,106669500,277000
136740,chr11,106403500,106518500,115000
136741,chr11,106539500,106632500,93000
136742,chr11,106539500,106660500,121000
136745,chr11,106636500,106870500,234000
136747,chr11,106679500,106811500,132000
136748,chr11,106742500,106865500,123000
136751,chr11,106907500,107043500,136000
136755,chr11,107104500,107364500,260000
136756,chr11,107167500,107363500,196000
136758,chr11,107276500,107361500,85000
136759,chr11,107399500,107744500,345000
136762,chr11,107520500,107743500,223000
136763,chr11,107520500,107885500,365000
136764,chr11,107699500,107885500,186000
136765,chr11,107753500,107886500,133000
136766,chr11,107791500,107873500,82000
136767,chr11,107754500,108309500,555000
136768,chr11,107755500,108267500,512000
136769,chr11,107901500,108268500,367000
136770,chr11,107901500,108309500,408000
136771,chr11,108019500,108268500,249000
136772,chr11,108103500,108269500,166000
136774,chr11,108315500,108811500,496000
136780,chr11,108339500,109083500,744000
136781,chr11,108339500,109111500,772000
136782,chr11,108340500,108921500,581000
136783,chr11,108340500,108957500,617000
136784,chr11,108340500,109015500,675000
136789,chr11,108816500,108921500,105000
136790,chr11,109135500,109475500,340000
136792,chr11,109135500,109332500,197000
136793,chr11,109189500,109333500,144000
136794,chr11,109222500,109314500,92000
136795,chr11,109253500,109364500,111000
136796,chr11,109253500,109316500,63000
136797,chr11,109336500,109451500,115000
136798,chr11,109336500,109475500,139000
136799,chr11,109336500,109510500,174000
136800,chr11,109336500,109751500,415000
136801,chr11,109476500,109752500,276000
136804,chr11,109561500,109751500,190000
136805,chr11,109764500,109981500,217000
136806,chr11,113757500,114175500,418000
136807,chr11,113756500,114527500,771000
136809,chr11,113960500,114528500,568000
136810,chr11,114095500,114526500,431000
136812,chr11,114310500,114526500,216000
136813,chr11,114368500,114526500,158000
136814,chr11,114564500,114612500,48000
136816,chr11,114634500,114753500,119000
136817,chr11,114636500,114679500,43000
136818,chr11,114636500,114803500,167000
136819,chr11,114703500,114802500,99000
136820,chr11,114973500,115044500,71000
136821,chr11,114975500,115159500,184000
136823,chr11,115051500,115244500,193000
136824,chr11,115093500,115159500,66000
136825,chr11,115093500,115245500,152000
136827,chr11,115443500,115607500,164000
136828,chr11,115477500,115690500,213000
136829,chr11,115523500,115606500,83000
136830,chr11,115613500,115704500,91000
136831,chr11,115614500,115890500,276000
136832,chr11,115831500,115889500,58000
136835,chr11,116117500,116354500,237000
136836,chr11,116117500,116185500,68000
136837,chr11,116209500,116337500,128000
136838,chr11,116210500,116259500,49000
136841,chr11,116528500,116947500,419000
136842,chr11,116532500,116699500,167000
136845,chr11,116700500,116947500,247000
136846,chr11,116775500,116947500,172000
136847,chr11,116809500,116909500,100000
136848,chr11,116962500,117068500,106000
136849,chr11,116962500,117251500,289000
136851,chr11,117072500,117250500,178000
136852,chr11,117129500,117249500,120000
136853,chr11,117192500,117249500,57000
136854,chr11,117276500,117715500,439000
136855,chr11,117276500,117604500,328000
136858,chr11,117761500,117994500,233000
136859,chr11,117762500,117982500,220000
136860,chr11,117763500,117911500,148000
136861,chr11,117765500,117858500,93000
136862,chr11,117861500,117910500,49000
136863,chr11,117762500,118111500,349000
136865,chr11,118337500,118631500,294000
136866,chr11,118463500,118631500,168000
136867,chr11,118539500,118630500,91000
136868,chr11,118631500,118865500,234000
136869,chr11,118925500,119080500,155000
136872,chr11,118993500,119080500,87000
136873,chr11,119230500,119295500,65000
136874,chr11,119230500,119796500,566000
136875,chr11,119314500,119795500,481000
136876,chr11,119343500,119796500,453000
136877,chr11,119393500,119730500,337000
136878,chr11,119394500,119510500,116000
136879,chr11,119394500,119795500,401000
136880,chr11,119518500,119795500,277000
136881,chr11,119800500,119882500,82000
136891,chr11,119827500,120197500,370000
136893,chr11,120002500,120099500,97000
136894,chr11,120002500,120198500,196000
136895,chr11,120056500,120198500,142000
136896,chr11,120078500,120125500,47000
136897,chr11,120124500,120197500,73000
136898,chr11,120380500,120502500,122000
136899,chr11,120515500,120603500,88000
136902,chr11,120550500,120602500,52000
136903,chr11,120550500,120667500,117000
136906,chr11,120611500,120667500,56000
136907,chr11,120611500,120931500,320000
136908,chr11,120908500,121017500,109000
136909,chr11,121127500,121244500,117000
136910,chr11,121260500,121698500,438000
136911,chr11,121366500,121458500,92000
136912,chr11,121366500,121699500,333000
136913,chr11,121521500,121699500,178000
136919,chr12,7828500,8028500,200000
136920,chr12,8041500,8282500,241000
136921,chr12,8041500,8356500,315000
136922,chr12,8109500,8282500,173000
136923,chr12,8110500,8356500,246000
136928,chr12,8376500,8552500,176000
136929,chr12,8376500,8597500,221000
136931,chr12,8939500,9051500,112000
136932,chr12,9102500,9215500,113000
136934,chr12,9102500,9625500,523000
136937,chr12,3710500,4129500,419000
136940,chr12,3976500,4129500,153000
136941,chr12,4033500,4130500,97000
136945,chr12,4239500,4441500,202000
136946,chr12,4283500,4443500,160000
136947,chr12,4284500,4598500,314000
136948,chr12,4333500,4442500,109000
136949,chr12,4408500,4604500,196000
136951,chr12,4527500,4597500,70000
136953,chr12,4622500,4818500,196000
136956,chr12,4779500,4912500,133000
136959,chr12,4906500,5022500,116000
136961,chr12,5078500,5186500,108000
136962,chr12,5193500,5425500,232000
136963,chr12,5193500,5459500,266000
136964,chr12,9102500,10488500,1386000
136965,chr12,9102500,10587500,1485000
136975,chr12,9620500,10488500,868000
136978,chr12,10648500,11229500,581000
136982,chr12,10914500,11228500,314000
136984,chr12,11401500,11658500,257000
136989,chr12,15865500,16062500,197000
136991,chr12,16392500,16555500,163000
136993,chr12,16392500,16583500,191000
136994,chr12,16618500,16684500,66000
136995,chr12,16714500,16855500,141000
136996,chr12,16768500,16855500,87000
136997,chr12,16768500,17061500,293000
136999,chr12,16858500,17061500,203000
137000,chr12,16879500,16959500,80000
137001,chr12,17083500,17272500,189000
137002,chr12,17083500,17305500,222000
137003,chr12,17418500,17600500,182000
137004,chr12,17605500,17859500,254000
137007,chr12,14139500,14201500,62000
137010,chr12,11400500,12368500,968000
137011,chr12,12226500,12364500,138000
137012,chr12,12373500,12446500,73000
137013,chr12,12373500,13265500,892000
137014,chr12,12471500,13264500,793000
137015,chr12,12471500,12992500,521000
137016,chr12,12471500,13059500,588000
137017,chr12,12471500,13136500,665000
137018,chr12,12631500,12993500,362000
137020,chr12,12671500,13264500,593000
137021,chr12,12672500,12991500,319000
137022,chr12,12673500,13059500,386000
137023,chr12,12831500,13059500,228000
137024,chr12,12831500,13264500,433000
137025,chr12,12833500,12990500,157000
137026,chr12,12992500,13264500,272000
137027,chr12,12993500,13058500,65000
137034,chr12,21162500,21315500,153000
137039,chr12,24653500,25001500,348000
137040,chr12,24726500,25000500,274000
137041,chr12,24765500,25000500,235000
137044,chr12,25077500,25141500,64000
137049,chr12,25142500,25465500,323000
137054,chr12,25144500,25317500,173000
137061,chr12,28639500,29024500,385000
137063,chr12,28685500,28800500,115000
137064,chr12,28685500,29138500,453000
137066,chr12,28749500,29025500,276000
137068,chr12,29118500,29179500,61000
137069,chr12,29118500,29298500,180000
137070,chr12,29726500,29887500,161000
137071,chr12,29726500,29933500,207000
137076,chr12,25143500,26346500,1203000
137082,chr12,26583500,26826500,243000
137084,chr12,27132500,27391500,259000
137085,chr12,27134500,27189500,55000
137086,chr12,27190500,27391500,201000
137087,chr12,27391500,27552500,161000
137089,chr12,30100500,30249500,149000
137090,chr12,30100500,30419500,319000
137092,chr12,30100500,30628500,528000
137094,chr12,30178500,30419500,241000
137095,chr12,30178500,30628500,450000
137096,chr12,30249500,30420500,171000
137097,chr12,30249500,30627500,378000
137098,chr12,30422500,30630500,208000
137100,chr12,30647500,30939500,292000
137101,chr12,30647500,30993500,346000
137102,chr12,30647500,31055500,408000
137103,chr12,31166500,31552500,386000
137105,chr12,31510500,31977500,467000
137106,chr12,31557500,31769500,212000
137107,chr12,31670500,31768500,98000
137108,chr12,31774500,31975500,201000
137110,chr12,32000500,32111500,111000
137111,chr12,32017500,32194500,177000
137112,chr12,32017500,32296500,279000
137113,chr12,32018500,32341500,323000
137114,chr12,32194500,32296500,102000
137117,chr12,32687500,32877500,190000
137118,chr12,32687500,32946500,259000
137127,chr12,33076500,33475500,399000
137128,chr12,33077500,33159500,82000
137129,chr12,33078500,33193500,115000
137130,chr12,33077500,33319500,242000
137131,chr12,33077500,33384500,307000
137132,chr12,33077500,33430500,353000
137133,chr12,33116500,33319500,203000
137134,chr12,33197500,33320500,123000
137135,chr12,33331500,33383500,52000
137136,chr12,33330500,33430500,100000
137137,chr12,33331500,33474500,143000
137138,chr12,33439500,33474500,35000
137139,chr12,33439500,33655500,216000
137140,chr12,33484500,33655500,171000
137141,chr12,33531500,33655500,124000
137142,chr12,35946500,36007500,61000
137145,chr12,36091500,36206500,115000
137146,chr12,36264500,36720500,456000
137149,chr12,37822500,38166500,344000
137159,chr12,34714500,35232500,518000
137161,chr12,34946500,35232500,286000
137166,chr12,35554500,35724500,170000
137168,chr12,35582500,35724500,142000
137169,chr12,35584500,35692500,108000
137170,chr12,39560500,40090500,530000
137171,chr12,39560500,40123500,563000
137172,chr12,39560500,40214500,654000
137174,chr12,39715500,40089500,374000
137176,chr12,39791500,40088500,297000
137177,chr12,40133500,40214500,81000
137181,chr12,40306500,40881500,575000
137182,chr12,40306500,40629500,323000
137183,chr12,40307500,40495500,188000
137184,chr12,40307500,40730500,423000
137185,chr12,40629500,40730500,101000
137186,chr12,40630500,40865500,235000
137187,chr12,40890500,41271500,381000
137188,chr12,40889500,41536500,647000
137190,chr12,40891500,40974500,83000
137193,chr12,40892500,41147500,255000
137194,chr12,40909500,41044500,135000
137195,chr12,41162500,41536500,374000
137196,chr12,41272500,41537500,265000
137199,chr12,44375500,44594500,219000
137201,chr12,44895500,45218500,323000
137203,chr12,49418500,50348500,930000
137204,chr12,49419500,50990500,1571000
137208,chr12,51450500,51668500,218000
137209,chr12,51449500,51617500,168000
137210,chr12,51449500,51788500,339000
137211,chr12,51713500,51787500,74000
137212,chr12,52053500,52551500,498000
137213,chr12,52054500,52650500,596000
137214,chr12,52056500,52879500,823000
137217,chr12,52442500,52550500,108000
137218,chr12,52442500,52650500,208000
137220,chr12,52550500,52650500,100000
137221,chr12,52651500,52880500,229000
137222,chr12,52685500,52879500,194000
137223,chr12,52966500,53089500,123000
137224,chr12,52966500,53294500,328000
137231,chr12,56105500,56451500,346000
137233,chr12,56106500,56571500,465000
137234,chr12,56288500,56452500,164000
137235,chr12,56288500,56572500,284000
137237,chr12,56581500,56741500,160000
137239,chr12,56582500,56659500,77000
137241,chr12,56659500,56742500,83000
137243,chr12,56727500,57032500,305000
137244,chr12,56728500,57231500,503000
137247,chr12,56741500,57276500,535000
137249,chr12,57033500,57233500,200000
137251,chr12,57277500,57590500,313000
137253,chr12,57329500,57590500,261000
137254,chr12,57499500,57590500,91000
137256,chr12,57669500,57833500,164000
137267,chr12,54110500,54594500,484000
137268,chr12,54146500,54367500,221000
137269,chr12,54145500,54536500,391000
137270,chr12,54147500,54249500,102000
137272,chr12,54214500,54367500,153000
137273,chr12,54214500,54536500,322000
137275,chr12,54250500,54364500,114000
137276,chr12,54250500,54536500,286000
137277,chr12,54368500,54535500,167000
137278,chr12,54877500,54926500,49000
137280,chr12,55361500,55610500,249000
137281,chr12,55362500,55544500,182000
137282,chr12,55362500,55767500,405000
137283,chr12,55362500,55877500,515000
137285,chr12,55481500,55542500,61000
137286,chr12,55563500,55674500,111000
137287,chr12,55565500,55767500,202000
137288,chr12,55619500,55767500,148000
137294,chr12,59059500,59113500,54000
137295,chr12,59113500,59178500,65000
137298,chr12,69257500,69379500,122000
137299,chr12,69256500,69743500,487000
137300,chr12,69344500,69621500,277000
137301,chr12,69406500,69621500,215000
137302,chr12,69407500,69743500,336000
137304,chr12,69804500,70108500,304000
137305,chr12,70281500,70477500,196000
137307,chr12,70541500,70958500,417000
137308,chr12,71186500,71753500,567000
137312,chr12,71815500,72150500,335000
137313,chr12,71815500,72094500,279000
137317,chr12,71878500,72132500,254000
137322,chr12,72151500,72464500,313000
137324,chr12,72507500,73023500,516000
137326,chr12,72508500,72701500,193000
137327,chr12,72508500,72741500,233000
137331,chr12,72767500,73021500,254000
137332,chr12,72894500,73009500,115000
137333,chr12,72989500,73093500,104000
137334,chr12,73067500,73497500,430000
137335,chr12,73069500,73333500,264000
137336,chr12,73068500,73582500,514000
137337,chr12,73068500,73600500,532000
137340,chr12,73334500,73497500,163000
137341,chr12,73611500,73739500,128000
137342,chr12,73753500,73978500,225000
137344,chr12,75832500,76039500,207000
137345,chr12,75834500,76083500,249000
137346,chr12,75835500,76178500,343000
137347,chr12,75835500,76238500,403000
137352,chr12,75998500,76236500,238000
137353,chr12,76063500,76387500,324000
137354,chr12,76063500,76236500,173000
137355,chr12,76064500,76177500,113000
137356,chr12,76179500,76388500,209000
137357,chr12,76245500,76387500,142000
137358,chr12,76248500,76311500,63000
137359,chr12,76391500,76518500,127000
137360,chr12,76448500,76518500,70000
137361,chr12,76450500,76755500,305000
137362,chr12,76543500,76643500,100000
137363,chr12,76640500,76850500,210000
137364,chr12,76824500,76879500,55000
137365,chr12,76883500,77045500,162000
137366,chr12,76885500,76925500,40000
137367,chr12,76885500,77008500,123000
137370,chr12,77047500,77285500,238000
137372,chr12,77047500,77615500,568000
137374,chr12,77047500,77721500,674000
137375,chr12,77047500,77828500,781000
137378,chr12,77101500,77284500,183000
137381,chr12,77719500,77828500,109000
137389,chr12,78795500,78908500,113000
137391,chr12,78967500,79068500,101000
137392,chr12,78966500,79142500,176000
137393,chr12,79070500,79140500,70000
137395,chr12,79404500,79858500,454000
137396,chr12,79405500,79899500,494000
137397,chr12,79406500,79659500,253000
137398,chr12,79407500,79963500,556000
137399,chr12,79406500,79828500,422000
137401,chr12,79659500,79965500,306000
137402,chr12,79660500,79805500,145000
137403,chr12,73611500,74060500,449000
137404,chr12,73752500,74060500,308000
137405,chr12,73752500,74340500,588000
137407,chr12,74059500,74339500,280000
137412,chr12,75511500,75692500,181000
137413,chr12,75511500,75633500,122000
137414,chr12,75694500,75819500,125000
137415,chr12,75843500,75940500,97000
137420,chr12,79405500,80023500,618000
137421,chr12,79405500,80190500,785000
137422,chr12,79660500,80178500,518000
137423,chr12,79829500,80180500,351000
137424,chr12,79854500,80178500,324000
137425,chr12,79899500,80177500,278000
137426,chr12,79993500,80179500,186000
137427,chr12,80203500,80436500,233000
137428,chr12,80202500,80688500,486000
137432,chr12,80245500,80424500,179000
137434,chr12,80691500,80769500,78000
137435,chr12,80815500,80941500,126000
137437,chr12,81029500,81834500,805000
137438,chr12,81029500,81228500,199000
137439,chr12,81029500,81449500,420000
137441,chr12,81030500,81380500,350000
137443,chr12,81246500,81448500,202000
137446,chr12,81578500,81833500,255000
137447,chr12,81666500,81749500,83000
137448,chr12,81666500,81834500,168000
137449,chr12,81843500,81962500,119000
137450,chr12,81845500,81907500,62000
137452,chr12,88372500,88683500,311000
137454,chr12,88959500,89072500,113000
137455,chr12,88958500,89100500,142000
137456,chr12,88959500,89268500,309000
137458,chr12,83759500,84110500,351000
137459,chr12,83983500,84109500,126000
137460,chr12,84018500,84178500,160000
137461,chr12,84208500,84296500,88000
137463,chr12,84701500,84923500,222000
137464,chr12,84701500,85034500,333000
137465,chr12,84701500,85079500,378000
137466,chr12,84718500,84801500,83000
137467,chr12,84818500,85043500,225000
137469,chr12,85139500,85351500,212000
137470,chr12,85190500,85538500,348000
137472,chr12,85390500,85536500,146000
137473,chr12,85387500,85709500,322000
137475,chr12,85426500,85536500,110000
137476,chr12,85543500,85709500,166000
137477,chr12,85555500,85865500,310000
137478,chr12,85793500,85865500,72000
137479,chr12,85792500,86126500,334000
137480,chr12,85895500,86125500,230000
137481,chr12,86000500,86126500,126000
137482,chr12,86179500,86344500,165000
137484,chr12,86180500,86390500,210000
137485,chr12,86180500,86449500,269000
137486,chr12,86179500,86661500,482000
137487,chr12,86234500,86661500,427000
137488,chr12,86332500,86662500,330000
137489,chr12,86815500,87063500,248000
137490,chr12,86816500,87023500,207000
137491,chr12,86843500,86970500,127000
137495,chr12,86917500,86969500,52000
137496,chr12,87047500,87099500,52000
137497,chr12,87316500,87380500,64000
137498,chr12,81843500,82023500,180000
137502,chr12,82544500,82993500,449000
137503,chr12,82545500,83064500,519000
137504,chr12,82747500,82993500,246000
137505,chr12,82747500,83063500,316000
137506,chr12,83161500,83412500,251000
137507,chr12,83161500,83367500,206000
137509,chr12,83161500,83545500,384000
137511,chr12,83554500,83817500,263000
137512,chr12,83570500,83624500,54000
137520,chr12,90696500,91281500,585000
137521,chr12,91558500,91755500,197000
137523,chr12,91592500,91756500,164000
137524,chr12,91642500,91756500,114000
137527,chr12,98247500,98312500,65000
137529,chr12,98247500,98550500,303000
137532,chr12,99050500,99930500,880000
137533,chr12,99063500,99509500,446000
137534,chr12,99063500,99138500,75000
137536,chr12,99146500,99806500,660000
137537,chr12,99309500,99357500,48000
137538,chr12,99517500,99803500,286000
137539,chr12,99602500,99802500,200000
137544,chr12,99940500,100447500,507000
137546,chr12,99940500,100072500,132000
137547,chr12,100097500,100446500,349000
137549,chr12,100132500,100447500,315000
137552,chr12,100153500,100488500,335000
137554,chr12,100168500,100447500,279000
137555,chr12,100545500,100807500,262000
137556,chr12,100690500,100807500,117000
137557,chr12,100815500,100892500,77000
137558,chr12,100815500,100997500,182000
137562,chr12,101089500,101749500,660000
137565,chr12,101781500,101841500,60000
137570,chr12,103961500,104385500,424000
137573,chr12,103996500,104384500,388000
137574,chr12,104033500,104385500,352000
137576,chr12,104402500,104722500,320000
137577,chr12,104406500,104512500,106000
137578,chr12,104406500,104666500,260000
137579,chr12,104406500,104904500,498000
137580,chr12,104442500,104902500,460000
137581,chr12,104512500,104905500,393000
137582,chr12,104666500,104905500,239000
137583,chr12,104765500,104903500,138000
137584,chr12,104792500,104903500,111000
137585,chr12,104918500,105155500,237000
137587,chr12,104919500,104991500,72000
137588,chr12,104919500,105393500,474000
137592,chr12,105017500,105111500,94000
137593,chr12,105017500,105141500,124000
137594,chr12,105018500,105393500,375000
137596,chr12,105255500,105393500,138000
137597,chr12,105463500,105604500,141000
137598,chr12,105464500,105691500,227000
137600,chr12,105805500,105929500,124000
137604,chr12,101957500,102313500,356000
137605,chr12,101957500,102352500,395000
137606,chr12,101960500,102426500,466000
137607,chr12,102357500,102685500,328000
137608,chr12,102358500,102428500,70000
137609,chr12,102435500,102686500,251000
137611,chr12,102467500,102699500,232000
137612,chr12,102545500,102685500,140000
137613,chr12,102706500,103031500,325000
137614,chr12,102747500,103030500,283000
137615,chr12,103109500,103270500,161000
137616,chr12,103109500,103334500,225000
137617,chr12,103110500,103458500,348000
137618,chr12,103393500,103458500,65000
137619,chr12,103510500,103609500,99000
137622,chr12,106930500,107965500,1035000
137623,chr12,106931500,107052500,121000
137625,chr12,107052500,107965500,913000
137626,chr12,107634500,107963500,329000
137627,chr12,107697500,107965500,268000
137628,chr12,107882500,107970500,88000
137629,chr12,108008500,108087500,79000
137631,chr12,108173500,108460500,287000
137632,chr12,108174500,108261500,87000
137636,chr12,108300500,108477500,177000
137637,chr12,108330500,108456500,126000
137640,chr12,108579500,108724500,145000
137641,chr12,108672500,108721500,49000
137642,chr12,108869500,109280500,411000
137643,chr12,108869500,109360500,491000
137646,chr12,108920500,109359500,439000
137647,chr12,108962500,109280500,318000
137648,chr12,109403500,109507500,104000
137649,chr12,109403500,109577500,174000
137650,chr12,109403500,109716500,313000
137652,chr12,109404500,109925500,521000
137654,chr12,109579500,109924500,345000
137656,chr12,109716500,109923500,207000
137658,chr12,109797500,109923500,126000
137663,chr12,110154500,110246500,92000
137664,chr12,110154500,110340500,186000
137665,chr12,110212500,110338500,126000
137666,chr12,110246500,110339500,93000
137667,chr12,110384500,110668500,284000
137668,chr12,110385500,110807500,422000
137669,chr12,110385500,110640500,255000
137673,chr12,110421500,110529500,108000
137674,chr12,110438500,110667500,229000
137678,chr12,110566500,110809500,243000
137680,chr12,110567500,110668500,101000
137686,chr12,110851500,110959500,108000
137688,chr12,110855500,110945500,90000
137689,chr12,110902500,110958500,56000
137690,chr12,110902500,111090500,188000
137691,chr12,111516500,111615500,99000
137692,chr12,111635500,111699500,64000
137693,chr12,111636500,111725500,89000
137694,chr12,111636500,111779500,143000
137696,chr12,111705500,111817500,112000
137697,chr12,111845500,111924500,79000
137698,chr12,111845500,111967500,122000
137700,chr12,111845500,112057500,212000
137701,chr12,112045500,112508500,463000
137702,chr12,112080500,112440500,360000
137703,chr12,112080500,112509500,429000
137704,chr12,112111500,112354500,243000
137705,chr12,112110500,112440500,330000
137706,chr12,112110500,112509500,399000
137707,chr12,112419500,112508500,89000
137709,chr12,112713500,112807500,94000
137710,chr12,112839500,113119500,280000
137712,chr12,112965500,113119500,154000
137714,chr12,113183500,113575500,392000
137715,chr12,113183500,113589500,406000
137717,chr12,113184500,113449500,265000
137722,chr12,116034500,116166500,132000
137724,chr12,116244500,116368500,124000
137725,chr12,116369500,116449500,80000
137728,chr12,116449500,116583500,134000
137729,chr12,116611500,117290500,679000
137730,chr12,116611500,117316500,705000
137733,chr12,116999500,117120500,121000
137734,chr12,116999500,117291500,292000
137735,chr12,116999500,117316500,317000
137736,chr12,117117500,117222500,105000
137737,chr12,117497500,117728500,231000
137739,chr12,117550500,117728500,178000
137740,chr12,117737500,117817500,80000
137744,chr12,117957500,118419500,462000
137746,chr12,117957500,118818500,861000
137748,chr12,118421500,118818500,397000
137750,chr12,118483500,118812500,329000
137751,chr12,118551500,118817500,266000
137754,chr12,118624500,118812500,188000
137755,chr12,118732500,118798500,66000
137757,chr12,118892500,119944500,1052000
137758,chr12,118892500,118988500,96000
137768,chr13,3716500,3946500,230000
137769,chr13,3715500,4000500,285000
137770,chr13,3715500,4051500,336000
137772,chr13,4182500,4331500,149000
137775,chr13,5600500,5745500,145000
137776,chr13,5600500,5911500,311000
137777,chr13,5745500,5854500,109000
137778,chr13,5747500,5910500,163000
137780,chr13,4715500,6520500,1805000
137784,chr13,6366500,6520500,154000
137785,chr13,6626500,6739500,113000
137788,chr13,9026500,9212500,186000
137789,chr13,9046500,9144500,98000
137790,chr13,9232500,9686500,454000
137791,chr13,9246500,9517500,271000
137792,chr13,9517500,9685500,168000
137793,chr13,9613500,9686500,73000
137796,chr13,14420500,14481500,61000
137800,chr13,14824500,15935500,1111000
137802,chr13,11777500,12121500,344000
137804,chr13,11840500,12121500,281000
137805,chr13,12225500,12400500,175000
137806,chr13,12271500,12410500,139000
137807,chr13,12311500,12401500,90000
137808,chr13,12489500,12552500,63000
137815,chr13,16944500,17005500,61000
137816,chr13,17870500,17979500,109000
137817,chr13,17923500,17961500,38000
137823,chr13,10989500,11578500,589000
137824,chr13,10990500,11223500,233000
137826,chr13,11335500,11577500,242000
137827,chr13,11778500,11942500,164000
137828,chr13,11843500,11941500,98000
137832,chr13,18012500,18157500,145000
137835,chr13,18232500,18348500,116000
137836,chr13,18232500,18993500,761000
137843,chr13,19549500,19823500,274000
137845,chr13,19647500,19820500,173000
137847,chr13,19709500,19818500,109000
137857,chr13,22112500,22213500,101000
137862,chr13,22230500,23586500,1356000
137870,chr13,23609500,23735500,126000
137871,chr13,23608500,23781500,173000
137879,chr13,23765500,23868500,103000
137883,chr13,19884500,20222500,338000
137884,chr13,20223500,20369500,146000
137885,chr13,20223500,20455500,232000
137886,chr13,20275500,20368500,93000
137887,chr13,20482500,21326500,844000
137888,chr13,20495500,21219500,724000
137889,chr13,20495500,20749500,254000
137893,chr13,20754500,21218500,464000
137894,chr13,20754500,21122500,368000
137897,chr13,21000500,21218500,218000
137898,chr13,21124500,21342500,218000
137899,chr13,21125500,21218500,93000
137901,chr13,21355500,21445500,90000
137902,chr13,21546500,21715500,169000
137903,chr13,21586500,21715500,129000
137904,chr13,21587500,21637500,50000
137907,chr13,24521500,24871500,350000
137908,chr13,24600500,24871500,271000
137909,chr13,24666500,24871500,205000
137910,chr13,24722500,24871500,149000
137911,chr13,24938500,24996500,58000
137914,chr13,25005500,25105500,100000
137915,chr13,25123500,25172500,49000
137916,chr13,25372500,25480500,108000
137917,chr13,29069500,29135500,66000
137919,chr13,29142500,29788500,646000
137920,chr13,29141500,30020500,879000
137922,chr13,30039500,30168500,129000
137923,chr13,30041500,30268500,227000
137925,chr13,30137500,30269500,132000
137926,chr13,30168500,30267500,99000
137928,chr13,30277500,30443500,166000
137930,chr13,30543500,30714500,171000
137934,chr13,31072500,31801500,729000
137936,chr13,31073500,31165500,92000
137937,chr13,31266500,31764500,498000
137938,chr13,31266500,31802500,536000
137939,chr13,31266500,31842500,576000
137941,chr13,31742500,31811500,69000
137944,chr13,31810500,31991500,181000
137945,chr13,31979500,32595500,616000
137947,chr13,31977500,32865500,888000
137948,chr13,31985500,32140500,155000
137949,chr13,31985500,32397500,412000
137953,chr13,33050500,33263500,213000
137954,chr13,33086500,33384500,298000
137956,chr13,33087500,33260500,173000
137957,chr13,33189500,33261500,72000
137958,chr13,34145500,34338500,193000
137959,chr13,34186500,34338500,152000
137960,chr13,34230500,34338500,108000
137961,chr13,34230500,34820500,590000
137962,chr13,34262500,34338500,76000
137964,chr13,34371500,34716500,345000
137965,chr13,34372500,34819500,447000
137966,chr13,34372500,35048500,676000
137967,chr13,34372500,34529500,157000
137968,chr13,34717500,34819500,102000
137969,chr13,34827500,34924500,97000
137970,chr13,34827500,34978500,151000
137971,chr13,34827500,35048500,221000
137982,chr13,35925500,36037500,112000
137983,chr13,36070500,36131500,61000
137987,chr13,36203500,36463500,260000
137988,chr13,36203500,36603500,400000
137991,chr13,36204500,37496500,1292000
137993,chr13,36466500,36603500,137000
137995,chr13,36466500,37496500,1030000
138001,chr13,37618500,37701500,83000
138003,chr13,37697500,38039500,342000
138004,chr13,37698500,38010500,312000
138005,chr13,37872500,38128500,256000
138006,chr13,37962500,38010500,48000
138009,chr13,38249500,38622500,373000
138010,chr13,38263500,38336500,73000
138013,chr13,38527500,38622500,95000
138014,chr13,38528500,38764500,236000
138015,chr13,38874500,39196500,322000
138016,chr13,39626500,39710500,84000
138017,chr13,39625500,39820500,195000
138023,chr13,40803500,40871500,68000
138025,chr13,40938500,41392500,454000
138029,chr13,40997500,41236500,239000
138030,chr13,40997500,41392500,395000
138031,chr13,41000500,41131500,131000
138032,chr13,40998500,41170500,172000
138034,chr13,41005500,41097500,92000
138036,chr13,41063500,41130500,67000
138038,chr13,41238500,41392500,154000
138040,chr13,41288500,41392500,104000
138041,chr13,41437500,41787500,350000
138042,chr13,41456500,41724500,268000
138043,chr13,43749500,44017500,268000
138046,chr13,44018500,44384500,366000
138050,chr13,44458500,45131500,673000
138051,chr13,44831500,44875500,44000
138057,chr13,45318500,45393500,75000
138058,chr13,45319500,45630500,311000
138059,chr13,45393500,45630500,237000
138060,chr13,45395500,45544500,149000
138061,chr13,41796500,42338500,542000
138062,chr13,41796500,42252500,456000
138063,chr13,41797500,42298500,501000
138066,chr13,41796500,42742500,946000
138069,chr13,41862500,42298500,436000
138073,chr13,41863500,42251500,388000
138074,chr13,41863500,42454500,591000
138075,chr13,41864500,42339500,475000
138079,chr13,41900500,42251500,351000
138080,chr13,42328500,42743500,415000
138082,chr13,42729500,42945500,216000
138083,chr13,42729500,42976500,247000
138084,chr13,42776500,42976500,200000
138085,chr13,42777500,42944500,167000
138086,chr13,42989500,43247500,258000
138087,chr13,43325500,43519500,194000
138088,chr13,43326500,43717500,391000
138093,chr13,43335500,43633500,298000
138096,chr13,43413500,43474500,61000
138098,chr13,43749500,43879500,130000
138099,chr13,43749500,43958500,209000
138102,chr13,46130500,46315500,185000
138103,chr13,46130500,46411500,281000
138104,chr13,46463500,46855500,392000
138105,chr13,46465500,46816500,351000
138106,chr13,46464500,46951500,487000
138112,chr13,46963500,47442500,479000
138113,chr13,46963500,47169500,206000
138114,chr13,46986500,47055500,69000
138115,chr13,46986500,47170500,184000
138117,chr13,47083500,47168500,85000
138118,chr13,47197500,47259500,62000
138119,chr13,47233500,47441500,208000
138120,chr13,47260500,47440500,180000
138121,chr13,47306500,47380500,74000
138122,chr13,47306500,47441500,135000
138123,chr13,47456500,47729500,273000
138124,chr13,47502500,47730500,228000
138131,chr13,47990500,48070500,80000
138132,chr13,47990500,48617500,627000
138134,chr13,48168500,48617500,449000
138135,chr13,48169500,48427500,258000
138136,chr13,48169500,48650500,481000
138137,chr13,48427500,48617500,190000
138138,chr13,48683500,48725500,42000
138139,chr13,48682500,48793500,111000
138140,chr13,48682500,48955500,273000
138143,chr13,48807500,49325500,518000
138144,chr13,48807500,49358500,551000
138145,chr13,48808500,48954500,146000
138146,chr13,48809500,48886500,77000
138147,chr13,48814500,49025500,211000
138148,chr13,48816500,49121500,305000
138150,chr13,48960500,49151500,191000
138151,chr13,49024500,49121500,97000
138154,chr13,49374500,49534500,160000
138155,chr13,49480500,49534500,54000
138156,chr13,49492500,49534500,42000
138157,chr13,49495500,49574500,79000
138158,chr13,49544500,49799500,255000
138159,chr13,49574500,49806500,232000
138160,chr13,49602500,49798500,196000
138161,chr13,49712500,49798500,86000
138163,chr13,51103500,51773500,670000
138164,chr13,51117500,51325500,208000
138165,chr13,51118500,51572500,454000
138166,chr13,51118500,51368500,250000
138167,chr13,51119500,51257500,138000
138170,chr13,51259500,51571500,312000
138171,chr13,51260500,51368500,108000
138172,chr13,51590500,51772500,182000
138177,chr13,51985500,52686500,701000
138178,chr13,51985500,52779500,794000
138181,chr13,51994500,52378500,384000
138185,chr13,52000500,52128500,128000
138186,chr13,52000500,52344500,344000
138188,chr13,52001500,52073500,72000
138189,chr13,52408500,52718500,310000
138191,chr13,52429500,52630500,201000
138192,chr13,52649500,52780500,131000
138193,chr13,52690500,52780500,90000
138196,chr13,52810500,53250500,440000
138197,chr13,52812500,53137500,325000
138198,chr13,52866500,53137500,271000
138199,chr13,52987500,53137500,150000
138200,chr13,53083500,53133500,50000
138202,chr13,53263500,53548500,285000
138203,chr13,53263500,53580500,317000
138204,chr13,53263500,53510500,247000
138206,chr13,53275500,53347500,72000
138208,chr13,53596500,53842500,246000
138209,chr13,53598500,53746500,148000
138210,chr13,53597500,53919500,322000
138212,chr13,53820500,53919500,99000
138216,chr13,53935500,54212500,277000
138217,chr13,54189500,54594500,405000
138218,chr13,54235500,54596500,361000
138219,chr13,54267500,54594500,327000
138220,chr13,54268500,54397500,129000
138221,chr13,54268500,54522500,254000
138222,chr13,54329500,54382500,53000
138223,chr13,54401500,54594500,193000
138224,chr13,54402500,54521500,119000
138226,chr13,54617500,54711500,94000
138227,chr13,54618500,54769500,151000
138231,chr13,54940500,55099500,159000
138234,chr13,54944500,55161500,217000
138236,chr13,54948500,55131500,183000
138238,chr13,54947500,55206500,259000
138239,chr13,54946500,55326500,380000
138240,chr13,54950500,55037500,87000
138241,chr13,54947500,55219500,272000
138245,chr13,55375500,55453500,78000
138246,chr13,55476500,55618500,142000
138247,chr13,55476500,55661500,185000
138248,chr13,55553500,55618500,65000
138249,chr13,55553500,55664500,111000
138251,chr13,55976500,56369500,393000
138255,chr13,56293500,56578500,285000
138257,chr13,56345500,56414500,69000
138258,chr13,56345500,56579500,234000
138259,chr13,56427500,56520500,93000
138260,chr13,56427500,56577500,150000
138261,chr13,56476500,56573500,97000
138262,chr13,56623500,56701500,78000
138263,chr13,56623500,56806500,183000
138264,chr13,56623500,56906500,283000
138265,chr13,56623500,56954500,331000
138266,chr13,56623500,57417500,794000
138269,chr13,56711500,56806500,95000
138270,chr13,56711500,56905500,194000
138271,chr13,56723500,56806500,83000
138273,chr13,56954500,57140500,186000
138274,chr13,56954500,57409500,455000
138275,chr13,57103500,57407500,304000
138276,chr13,57140500,57407500,267000
138277,chr13,57429500,57562500,133000
138279,chr13,63655500,64183500,528000
138281,chr13,63713500,64183500,470000
138282,chr13,63844500,64184500,340000
138283,chr13,63963500,64183500,220000
138284,chr13,64049500,64183500,134000
138285,chr13,64198500,64241500,43000
138286,chr13,64328500,64454500,126000
138288,chr13,64328500,64584500,256000
138289,chr13,64398500,64454500,56000
138290,chr13,64397500,64581500,184000
138291,chr13,64398500,64585500,187000
138293,chr13,64464500,64584500,120000
138294,chr13,64517500,64580500,63000
138295,chr13,64591500,65275500,684000
138296,chr13,64593500,65052500,459000
138298,chr13,64594500,64721500,127000
138305,chr13,65324500,65390500,66000
138309,chr13,62775500,63003500,228000
138310,chr13,62911500,63003500,92000
138311,chr13,63067500,63192500,125000
138312,chr13,63069500,63481500,412000
138313,chr13,63194500,63480500,286000
138314,chr13,63284500,63480500,196000
138315,chr13,63383500,63480500,97000
138318,chr13,60004500,60325500,321000
138319,chr13,60004500,60412500,408000
138321,chr13,60036500,60412500,376000
138323,chr13,60037500,60325500,288000
138327,chr13,60577500,60889500,312000
138328,chr13,60626500,60967500,341000
138329,chr13,60627500,60889500,262000
138330,chr13,60628500,60749500,121000
138331,chr13,60749500,60887500,138000
138332,chr13,60907500,60966500,59000
138338,chr13,57869500,58056500,187000
138339,chr13,58160500,58301500,141000
138340,chr13,58160500,58265500,105000
138343,chr13,58307500,58534500,227000
138344,chr13,58435500,58738500,303000
138345,chr13,58436500,58535500,99000
138346,chr13,58436500,58691500,255000
138347,chr13,58436500,58704500,268000
138348,chr13,58536500,58690500,154000
138349,chr13,58550500,58620500,70000
138350,chr13,58549500,58690500,141000
138352,chr13,58785500,59499500,714000
138353,chr13,58785500,59581500,796000
138354,chr13,58786500,58953500,167000
138355,chr13,58786500,59358500,572000
138356,chr13,58787500,59462500,675000
138357,chr13,58786500,59545500,759000
138358,chr13,58786500,59641500,855000
138359,chr13,58787500,59221500,434000
138361,chr13,58954500,59221500,267000
138362,chr13,58953500,59359500,406000
138363,chr13,58953500,59462500,509000
138364,chr13,58953500,59498500,545000
138365,chr13,58996500,59221500,225000
138366,chr13,59582500,59640500,58000
138367,chr13,59729500,59876500,147000
138368,chr13,59732500,59917500,185000
138369,chr13,59794500,59875500,81000
138373,chr13,68731500,69147500,416000
138375,chr13,69150500,69607500,457000
138376,chr13,69533500,69608500,75000
138377,chr13,69642500,69802500,160000
138378,chr13,69701500,69803500,102000
138380,chr13,69840500,69958500,118000
138384,chr13,67876500,67979500,103000
138385,chr13,69841500,70139500,298000
138387,chr13,69841500,70382500,541000
138388,chr13,69841500,70733500,892000
138391,chr13,69888500,70139500,251000
138392,chr13,69888500,70381500,493000
138393,chr13,69888500,70734500,846000
138400,chr13,70760500,70988500,228000
138401,chr13,70759500,71151500,392000
138402,chr13,70791500,71151500,360000
138403,chr13,70792500,70915500,123000
138404,chr13,70792500,70987500,195000
138405,chr13,70989500,71150500,161000
138409,chr13,72109500,72776500,667000
138417,chr13,72777500,73412500,635000
138422,chr13,73237500,73400500,163000
138423,chr13,73238500,73458500,220000
138424,chr13,73238500,73308500,70000
138426,chr13,73308500,73458500,150000
138427,chr13,73400500,73458500,58000
138428,chr13,73493500,73553500,60000
138429,chr13,73493500,73653500,160000
138430,chr13,73493500,73773500,280000
138431,chr13,73573500,73769500,196000
138432,chr13,73574500,73653500,79000
138433,chr13,73574500,73840500,266000
138434,chr13,73662500,73770500,108000
138435,chr13,73661500,73840500,179000
138436,chr13,73795500,73841500,46000
138437,chr13,73869500,73970500,101000
138439,chr13,78130500,78334500,204000
138443,chr13,75375500,76026500,651000
138444,chr13,75947500,76025500,78000
138445,chr13,76363500,76452500,89000
138453,chr13,80666500,80895500,229000
138454,chr13,81010500,81518500,508000
138455,chr13,81010500,81575500,565000
138457,chr13,81028500,81461500,433000
138458,chr13,81029500,81303500,274000
138459,chr13,81032500,81111500,79000
138461,chr13,81304500,81518500,214000
138462,chr13,81588500,81773500,185000
138463,chr13,81587500,81909500,322000
138464,chr13,81675500,81908500,233000
138465,chr13,81805500,81859500,54000
138466,chr13,73867500,74055500,188000
138467,chr13,73867500,74174500,307000
138468,chr13,73867500,74448500,581000
138469,chr13,73979500,74055500,76000
138470,chr13,74119500,74174500,55000
138471,chr13,74118500,74449500,331000
138472,chr13,74244500,74449500,205000
138473,chr13,74340500,74449500,109000
138474,chr13,74489500,74718500,229000
138475,chr13,74498500,74641500,143000
138476,chr13,74787500,75002500,215000
138480,chr13,75376500,75946500,570000
138481,chr13,75804500,75945500,141000
138485,chr13,89697500,89782500,85000
138488,chr13,83875500,84495500,620000
138489,chr13,83878500,84370500,492000
138490,chr13,84370500,84496500,126000
138491,chr13,84834500,84906500,72000
138493,chr13,85338500,85436500,98000
138494,chr13,81915500,82091500,176000
138496,chr13,82092500,82239500,147000
138501,chr13,89815500,90988500,1173000
138506,chr13,89927500,90989500,1062000
138511,chr13,91077500,91519500,442000
138512,chr13,91078500,91241500,163000
138513,chr13,91078500,91785500,707000
138514,chr13,91078500,91845500,767000
138515,chr13,91115500,91845500,730000
138516,chr13,91372500,91609500,237000
138517,chr13,91519500,91608500,89000
138518,chr13,91629500,91784500,155000
138520,chr13,91871500,92006500,135000
138521,chr13,92056500,92474500,418000
138523,chr13,92492500,92619500,127000
138524,chr13,92716500,92875500,159000
138531,chr13,93123500,93205500,82000
138532,chr13,93123500,93379500,256000
138536,chr13,93440500,93635500,195000
138537,chr13,93636500,93749500,113000
138538,chr13,93751500,93855500,104000
138540,chr13,93930500,94343500,413000
138542,chr13,93965500,94342500,377000
138543,chr13,93991500,94343500,352000
138544,chr13,94733500,95007500,274000
138546,chr13,94844500,95009500,165000
138547,chr13,95112500,95461500,349000
138548,chr13,95154500,95206500,52000
138549,chr13,95154500,95423500,269000
138550,chr13,95154500,95483500,329000
138551,chr13,95352500,95461500,109000
138552,chr13,95526500,95857500,331000
138553,chr13,95527500,95607500,80000
138554,chr13,95700500,95856500,156000
138555,chr13,95700500,95883500,183000
138556,chr13,95701500,95803500,102000
138558,chr13,95700500,96027500,327000
138559,chr13,95700500,96087500,387000
138560,chr13,95914500,96087500,173000
138561,chr13,96167500,96382500,215000
138562,chr13,96167500,96512500,345000
138563,chr13,96167500,96568500,401000
138564,chr13,96168500,96729500,561000
138565,chr13,96568500,96730500,162000
138566,chr13,97373500,97742500,369000
138567,chr13,97376500,97629500,253000
138568,chr13,103910500,104057500,147000
138569,chr13,103937500,104225500,288000
138570,chr13,104057500,104246500,189000
138571,chr13,104247500,104314500,67000
138573,chr13,104315500,104364500,49000
138577,chr13,104942500,105076500,134000
138579,chr13,105084500,105360500,276000
138580,chr13,105084500,105514500,430000
138581,chr13,105403500,105513500,110000
138583,chr13,97344500,98074500,730000
138584,chr13,97371500,98074500,703000
138585,chr13,97743500,98074500,331000
138587,chr13,98166500,98377500,211000
138588,chr13,98166500,98435500,269000
138589,chr13,98399500,98452500,53000
138590,chr13,98491500,98640500,149000
138592,chr13,98641500,98709500,68000
138593,chr13,98951500,99481500,530000
138594,chr13,99062500,99228500,166000
138596,chr13,99172500,99229500,57000
138597,chr13,99308500,99453500,145000
138598,chr13,99490500,99974500,484000
138599,chr13,99634500,99974500,340000
138602,chr13,101904500,102782500,878000
138604,chr13,101938500,102791500,853000
138606,chr13,102814500,102912500,98000
138607,chr13,102814500,103121500,307000
138608,chr13,102814500,103209500,395000
138609,chr13,102815500,103246500,431000
138610,chr13,102815500,102881500,66000
138612,chr13,102886500,103043500,157000
138613,chr13,103047500,103209500,162000
138614,chr13,103046500,103246500,200000
138616,chr13,103310500,103781500,471000
138617,chr13,103310500,103832500,522000
138618,chr13,103840500,103916500,76000
138620,chr13,99996500,100091500,95000
138621,chr13,99996500,100135500,139000
138622,chr13,100186500,100614500,428000
138624,chr13,100216500,100618500,402000
138627,chr13,100629500,100750500,121000
138630,chr13,101028500,101832500,804000
138633,chr13,101646500,101832500,186000
138639,chr13,107077500,107240500,163000
138640,chr13,107083500,107158500,75000
138647,chr13,107598500,108179500,581000
138648,chr13,108026500,108092500,66000
138649,chr13,108026500,108180500,154000
138650,chr13,108092500,108180500,88000
138652,chr13,108297500,108466500,169000
138654,chr13,108352500,108435500,83000
138655,chr13,108482500,109347500,865000
138658,chr13,108949500,109347500,398000
138659,chr13,109018500,109347500,329000
138662,chr13,109367500,109478500,111000
138663,chr13,109366500,109656500,290000
138664,chr13,109366500,109684500,318000
138665,chr13,109366500,109745500,379000
138666,chr13,109480500,109683500,203000
138667,chr13,109480500,109744500,264000
138668,chr13,109695500,109745500,50000
138669,chr13,109752500,109872500,120000
138670,chr13,109767500,109822500,55000
138671,chr13,109913500,110156500,243000
138672,chr13,109958500,110039500,81000
138673,chr13,110059500,110504500,445000
138674,chr13,110059500,110158500,99000
138675,chr13,110199500,110505500,306000
138677,chr13,110519500,111548500,1029000
138679,chr13,110529500,111104500,575000
138682,chr13,111106500,111374500,268000
138683,chr13,111375500,111548500,173000
138684,chr13,111473500,111548500,75000
138687,chr13,111628500,111667500,39000
138688,chr13,111883500,112399500,516000
138690,chr13,111925500,112334500,409000
138691,chr13,111924500,112396500,472000
138693,chr13,111952500,112394500,442000
138694,chr13,112097500,112396500,299000
138695,chr13,112408500,112666500,258000
138697,chr13,112561500,112645500,84000
138698,chr13,112810500,113045500,235000
138699,chr13,112811500,113172500,361000
138700,chr13,112811500,112996500,185000
138702,chr13,112889500,112936500,47000
138704,chr13,113064500,113172500,108000
138709,chr13,113474500,113755500,281000
138710,chr13,120102500,120195500,93000
138711,chr13,120103500,120261500,158000
138720,chr13,118540500,119478500,938000
138721,chr13,118540500,118733500,193000
138725,chr13,115367500,116850500,1483000
138728,chr13,115588500,116850500,1262000
138732,chr13,113775500,114002500,227000
138735,chr13,114014500,114929500,915000
138736,chr13,114014500,114659500,645000
138738,chr13,114015500,114250500,235000
138739,chr13,114014500,114596500,582000
138741,chr13,114213500,114596500,383000
138743,chr13,114212500,114658500,446000
138746,chr13,114448500,114595500,147000
138748,chr13,114661500,114929500,268000
138749,chr13,114968500,115100500,132000
138753,chr14,4139500,4198500,59000
138755,chr14,4502500,4809500,307000
138762,chr14,6104500,6156500,52000
138763,chr14,6104500,6222500,118000
138770,chr14,6588500,7113500,525000
138772,chr14,7484500,7605500,121000
138775,chr14,7606500,7893500,287000
138777,chr14,7761500,7893500,132000
138778,chr14,7766500,7836500,70000
138781,chr14,8371500,8508500,137000
138782,chr14,8456500,8508500,52000
138783,chr14,8519500,9114500,595000
138785,chr14,8552500,9114500,562000
138788,chr14,9232500,9893500,661000
138789,chr14,9271500,9894500,623000
138795,chr14,14009500,14114500,105000
138796,chr14,14123500,14504500,381000
138797,chr14,14123500,14227500,104000
138798,chr14,14123500,14286500,163000
138799,chr14,14124500,14374500,250000
138800,chr14,14154500,14506500,352000
138801,chr14,14213500,14504500,291000
138802,chr14,14250500,14505500,255000
138803,chr14,14253500,14374500,121000
138804,chr14,14253500,14416500,163000
138805,chr14,14312500,14375500,63000
138806,chr14,14313500,14504500,191000
138808,chr14,14425500,14504500,79000
138810,chr14,14474500,14651500,177000
138811,chr14,14515500,14651500,136000
138815,chr14,9938500,10169500,231000
138816,chr14,9938500,10260500,322000
138817,chr14,9938500,10317500,379000
138819,chr14,10149500,10261500,112000
138820,chr14,10151500,10317500,166000
138821,chr14,10329500,10439500,110000
138824,chr14,10361500,10504500,143000
138825,chr14,10506500,10915500,409000
138828,chr14,19756500,19867500,111000
138829,chr14,19757500,19827500,70000
138831,chr14,19756500,20118500,362000
138833,chr14,19801500,20131500,330000
138834,chr14,19889500,20117500,228000
138836,chr14,20162500,20355500,193000
138838,chr14,20231500,20267500,36000
138841,chr14,20443500,20723500,280000
138843,chr14,20626500,20708500,82000
138844,chr14,20816500,20923500,107000
138845,chr14,20853500,20923500,70000
138846,chr14,21186500,21745500,559000
138848,chr14,21187500,21710500,523000
138849,chr14,21188500,21792500,604000
138850,chr14,21187500,21902500,715000
138851,chr14,21190500,21483500,293000
138853,chr14,21550500,21799500,249000
138854,chr14,21729500,21792500,63000
138855,chr14,21731500,21900500,169000
138856,chr14,21800500,21899500,99000
138857,chr14,21900500,22036500,136000
138863,chr14,22036500,22626500,590000
138864,chr14,22035500,23450500,1415000
138869,chr14,23633500,24058500,425000
138870,chr14,23632500,24325500,693000
138871,chr14,23633500,24109500,476000
138872,chr14,23731500,24058500,327000
138873,chr14,23729500,24109500,380000
138874,chr14,23778500,24059500,281000
138875,chr14,23841500,24058500,217000
138876,chr14,23841500,24109500,268000
138879,chr14,23946500,24058500,112000
138880,chr14,24058500,24325500,267000
138881,chr14,24118500,24231500,113000
138882,chr14,24117500,24325500,208000
138883,chr14,24194500,24304500,110000
138884,chr14,24232500,24289500,57000
138885,chr14,24232500,24324500,92000
138891,chr14,24559500,24700500,141000
138892,chr14,24559500,24778500,219000
138894,chr14,24561500,24635500,74000
138895,chr14,24946500,25567500,621000
138897,chr14,24983500,25566500,583000
138899,chr14,24985500,25460500,475000
138900,chr14,25030500,25566500,536000
138903,chr14,25117500,25566500,449000
138904,chr14,25318500,25459500,141000
138905,chr14,25378500,25458500,80000
138906,chr14,25460500,25607500,147000
138907,chr14,25460500,25566500,106000
138908,chr14,25667500,25888500,221000
138909,chr14,25708500,25888500,180000
138910,chr14,25816500,25887500,71000
138913,chr14,29770500,30181500,411000
138914,chr14,29830500,30182500,352000
138915,chr14,29858500,30181500,323000
138916,chr14,29858500,30238500,380000
138919,chr14,30265500,30394500,129000
138920,chr14,30312500,30587500,275000
138921,chr14,30313500,30394500,81000
138922,chr14,30740500,30851500,111000
138923,chr14,30937500,31195500,258000
138924,chr14,30994500,31193500,199000
138925,chr14,31047500,31194500,147000
138926,chr14,31087500,31194500,107000
138928,chr14,31327500,31799500,472000
138932,chr14,31378500,31664500,286000
138933,chr14,31378500,31754500,376000
138934,chr14,31379500,31513500,134000
138935,chr14,31380500,31798500,418000
138936,chr14,31517500,31753500,236000
138937,chr14,31517500,31664500,147000
138938,chr14,31517500,31798500,281000
138939,chr14,31551500,31654500,103000
138940,chr14,31677500,31754500,77000
138941,chr14,31677500,31798500,121000
138943,chr14,26025500,26120500,95000
138944,chr14,26025500,26157500,132000
138949,chr14,26508500,26745500,237000
138950,chr14,26753500,26818500,65000
138951,chr14,26753500,26906500,153000
138953,chr14,26761500,27150500,389000
138954,chr14,26834500,26903500,69000
138955,chr14,26831500,27137500,306000
138956,chr14,26909500,27462500,553000
138957,chr14,26910500,27135500,225000
138962,chr14,26975500,27135500,160000
138963,chr14,26994500,27069500,75000
138964,chr14,27070500,27150500,80000
138967,chr14,27229500,27463500,234000
138968,chr14,27311500,27463500,152000
138970,chr14,27530500,27811500,281000
138971,chr14,27529500,28229500,700000
138975,chr14,27813500,28229500,416000
138979,chr14,28846500,29164500,318000
138984,chr14,29043500,29164500,121000
138987,chr14,29444500,29662500,218000
138989,chr14,31951500,32204500,253000
138991,chr14,32031500,32194500,163000
138992,chr14,32254500,32926500,672000
138993,chr14,32254500,32755500,501000
138995,chr14,32331500,32682500,351000
138996,chr14,32332500,32927500,595000
138997,chr14,32494500,32682500,188000
138998,chr14,32934500,33025500,91000
138999,chr14,32935500,33056500,121000
139000,chr14,32935500,33093500,158000
139001,chr14,33037500,33092500,55000
139002,chr14,33356500,33656500,300000
139003,chr14,33803500,33956500,153000
139006,chr14,40639500,40696500,57000
139007,chr14,40639500,40755500,116000
139009,chr14,40813500,40884500,71000
139013,chr14,36485500,36585500,100000
139014,chr14,36588500,36755500,167000
139015,chr14,36780500,36849500,69000
139020,chr14,33802500,34122500,320000
139021,chr14,33980500,34084500,104000
139023,chr14,34033500,34083500,50000
139024,chr14,34068500,34122500,54000
139025,chr14,34095500,34291500,196000
139027,chr14,34294500,34500500,206000
139028,chr14,34337500,34498500,161000
139029,chr14,34341500,34415500,74000
139033,chr14,34545500,34801500,256000
139034,chr14,45217500,45479500,262000
139035,chr14,45217500,45379500,162000
139036,chr14,45457500,45555500,98000
139043,chr14,45660500,45783500,123000
139044,chr14,45660500,45839500,179000
139046,chr14,45804500,45928500,124000
139047,chr14,45661500,46010500,349000
139048,chr14,45788500,46010500,222000
139052,chr14,46231500,46802500,571000
139053,chr14,46231500,46960500,729000
139060,chr14,46803500,46961500,158000
139061,chr14,47069500,47324500,255000
139062,chr14,47118500,47241500,123000
139063,chr14,47119500,47324500,205000
139064,chr14,47120500,47426500,306000
139066,chr14,47572500,47633500,61000
139067,chr14,47572500,47771500,199000
139068,chr14,47811500,47886500,75000
139072,chr14,47946500,48604500,658000
139073,chr14,47987500,48603500,616000
139074,chr14,47989500,48385500,396000
139076,chr14,47989500,48291500,302000
139077,chr14,48608500,48731500,123000
139078,chr14,48608500,48810500,202000
139079,chr14,48608500,49355500,747000
139081,chr14,48609500,49223500,614000
139083,chr14,48760500,49223500,463000
139084,chr14,48762500,49126500,364000
139085,chr14,48819500,49017500,198000
139086,chr14,48820500,49223500,403000
139087,chr14,48857500,49016500,159000
139088,chr14,48903500,48990500,87000
139090,chr14,48908500,49126500,218000
139092,chr14,49303500,49409500,106000
139093,chr14,49475500,49971500,496000
139094,chr14,49475500,49586500,111000
139100,chr14,52139500,52303500,164000
139101,chr14,52140500,52245500,105000
139102,chr14,52140500,52384500,244000
139104,chr14,52362500,52577500,215000
139106,chr14,52429500,52576500,147000
139107,chr14,49475500,50022500,547000
139110,chr14,51044500,51166500,122000
139111,chr14,51075500,51299500,224000
139112,chr14,51265500,51335500,70000
139114,chr14,51341500,51503500,162000
139121,chr14,54299500,54658500,359000
139122,chr14,54299500,54462500,163000
139123,chr14,54298500,54731500,433000
139124,chr14,54300500,54390500,90000
139125,chr14,54300500,54686500,386000
139126,chr14,54465500,54686500,221000
139128,chr14,54465500,54732500,267000
139129,chr14,54465500,54833500,368000
139130,chr14,54465500,54879500,414000
139131,chr14,54807500,54879500,72000
139133,chr14,54951500,55023500,72000
139134,chr14,54951500,55055500,104000
139135,chr14,55080500,55249500,169000
139138,chr14,55138500,55250500,112000
139140,chr14,55262500,55336500,74000
139143,chr14,55353500,55728500,375000
139144,chr14,55359500,55765500,406000
139145,chr14,55359500,55452500,93000
139147,chr14,55508500,55765500,257000
139148,chr14,55509500,55675500,166000
139149,chr14,55920500,55980500,60000
139150,chr14,56019500,56102500,83000
139151,chr14,56019500,56156500,137000
139152,chr14,56059500,56102500,43000
139153,chr14,56415500,56541500,126000
139154,chr14,56608500,56905500,297000
139156,chr14,56612500,57030500,418000
139157,chr14,56613500,56938500,325000
139158,chr14,56614500,57062500,448000
139159,chr14,56614500,57297500,683000
139161,chr14,56906500,57048500,142000
139162,chr14,57049500,57123500,74000
139163,chr14,57148500,57297500,149000
139164,chr14,57202500,57297500,95000
139167,chr14,57610500,57805500,195000
139168,chr14,57609500,57919500,310000
139169,chr14,57610500,57856500,246000
139170,chr14,57765500,57901500,136000
139173,chr14,63619500,64033500,414000
139174,chr14,63783500,64032500,249000
139175,chr14,64109500,64285500,176000
139178,chr14,64407500,64777500,370000
139179,chr14,64407500,64692500,285000
139181,chr14,64407500,64859500,452000
139182,chr14,64439500,64691500,252000
139183,chr14,64863500,65049500,186000
139184,chr14,64863500,65085500,222000
139185,chr14,64863500,65232500,369000
139187,chr14,64864500,64991500,127000
139188,chr14,64864500,65192500,328000
139189,chr14,64864500,65388500,524000
139190,chr14,65263500,65388500,125000
139191,chr14,65263500,65492500,229000
139192,chr14,65306500,65388500,82000
139193,chr14,65407500,65492500,85000
139194,chr14,65408500,65561500,153000
139195,chr14,65407500,65625500,218000
139199,chr14,65565500,65764500,199000
139200,chr14,65566500,65794500,228000
139202,chr14,65654500,65794500,140000
139203,chr14,65903500,65979500,76000
139204,chr14,59845500,60181500,336000
139205,chr14,59843500,60253500,410000
139206,chr14,59844500,60418500,574000
139212,chr14,60763500,60930500,167000
139213,chr14,60763500,61008500,245000
139215,chr14,61037500,61323500,286000
139216,chr14,61037500,61348500,311000
139217,chr14,61037500,61381500,344000
139218,chr14,61037500,61531500,494000
139219,chr14,61131500,61349500,218000
139220,chr14,61480500,61531500,51000
139221,chr14,61567500,61735500,168000
139222,chr14,61837500,61921500,84000
139223,chr14,57920500,58147500,227000
139226,chr14,57963500,58147500,184000
139240,chr14,59569500,59793500,224000
139241,chr14,59605500,59678500,73000
139242,chr14,59706500,59793500,87000
139243,chr14,59863500,59973500,110000
139245,chr14,61806500,62695500,889000
139246,chr14,61809500,62280500,471000
139247,chr14,61809500,62373500,564000
139248,chr14,61809500,62489500,680000
139250,chr14,61838500,62570500,732000
139257,chr14,61889500,62277500,388000
139261,chr14,61923500,62276500,353000
139264,chr14,62489500,62694500,205000
139265,chr14,62730500,63212500,482000
139266,chr14,62730500,62912500,182000
139267,chr14,62998500,63074500,76000
139268,chr14,63304500,63609500,305000
139272,chr14,63444500,63609500,165000
139274,chr14,63619500,63772500,153000
139275,chr14,63732500,63771500,39000
139278,chr14,70090500,70514500,424000
139280,chr14,70099500,70334500,235000
139281,chr14,70099500,70372500,273000
139283,chr14,70259500,70372500,113000
139285,chr14,70707500,70775500,68000
139286,chr14,70707500,70882500,175000
139289,chr14,70786500,70884500,98000
139293,chr14,71016500,71127500,111000
139296,chr14,71018500,72532500,1514000
139302,chr14,72614500,72684500,70000
139307,chr14,73344500,73503500,159000
139308,chr14,73563500,73622500,59000
139309,chr14,73622500,73747500,125000
139312,chr14,67912500,68184500,272000
139313,chr14,67953500,68171500,218000
139315,chr14,67960500,68184500,224000
139317,chr14,68027500,68183500,156000
139318,chr14,68187500,68388500,201000
139320,chr14,68230500,68291500,61000
139321,chr14,68230500,68304500,74000
139322,chr14,68230500,68388500,158000
139323,chr14,68230500,68732500,502000
139324,chr14,68306500,68372500,66000
139326,chr14,68390500,68732500,342000
139328,chr14,68973500,69204500,231000
139331,chr14,68973500,69379500,406000
139332,chr14,69382500,69476500,94000
139333,chr14,69419500,69475500,56000
139335,chr14,65834500,66015500,181000
139336,chr14,65903500,66033500,130000
139337,chr14,65904500,66205500,301000
139338,chr14,66109500,66385500,276000
139339,chr14,66109500,66205500,96000
139340,chr14,66220500,66385500,165000
139341,chr14,66220500,66519500,299000
139343,chr14,66294500,66520500,226000
139344,chr14,66295500,66385500,90000
139345,chr14,66338500,66384500,46000
139347,chr14,66421500,67028500,607000
139349,chr14,66614500,67027500,413000
139351,chr14,66616500,67108500,492000
139353,chr14,66712500,67022500,310000
139355,chr14,67048500,67190500,142000
139356,chr14,67048500,67111500,63000
139357,chr14,67110500,67190500,80000
139359,chr14,67193500,67425500,232000
139360,chr14,67248500,67425500,177000
139361,chr14,67449500,67786500,337000
139362,chr14,67449500,67911500,462000
139363,chr14,67486500,67786500,300000
139370,chr14,74857500,74945500,88000
139371,chr14,75001500,75228500,227000
139372,chr14,75002500,75186500,184000
139373,chr14,75026500,75228500,202000
139374,chr14,75298500,75434500,136000
139376,chr14,75433500,75878500,445000
139377,chr14,75434500,75959500,525000
139379,chr14,80006500,80453500,447000
139380,chr14,80007500,80150500,143000
139384,chr14,77379500,78165500,786000
139386,chr14,78021500,78165500,144000
139388,chr14,78293500,78511500,218000
139389,chr14,78294500,78462500,168000
139391,chr14,78440500,78510500,70000
139393,chr14,78828500,79344500,516000
139399,chr14,79099500,79343500,244000
139400,chr14,79362500,79561500,199000
139404,chr14,79633500,79975500,342000
139405,chr14,79632500,79704500,72000
139406,chr14,79719500,79824500,105000
139407,chr14,79855500,79975500,120000
139408,chr14,76025500,76068500,43000
139409,chr14,76111500,76387500,276000
139410,chr14,76111500,76708500,597000
139411,chr14,76112500,76315500,203000
139412,chr14,76113500,76356500,243000
139415,chr14,76389500,76710500,321000
139416,chr14,76431500,76709500,278000
139417,chr14,76483500,76652500,169000
139418,chr14,76484500,76709500,225000
139419,chr14,76715500,77248500,533000
139421,chr14,76739500,77113500,374000
139422,chr14,76740500,77048500,308000
139423,chr14,76741500,76978500,237000
139424,chr14,76742500,76899500,157000
139427,chr14,76856500,76975500,119000
139428,chr14,77114500,77247500,133000
139431,chr14,77379500,77778500,399000
139441,chr14,87552500,87689500,137000
139444,chr14,91893500,91955500,62000
139449,chr14,99336500,99537500,201000
139450,chr14,99379500,99860500,481000
139451,chr14,99380500,99934500,554000
139452,chr14,99536500,99590500,54000
139453,chr14,99590500,99748500,158000
139454,chr14,99379500,100132500,753000
139455,chr14,99934500,100131500,197000
139459,chr14,100522500,100588500,66000
139460,chr14,100522500,100697500,175000
139461,chr14,101698500,101855500,157000
139462,chr14,101755500,101846500,91000
139463,chr14,101846500,101891500,45000
139471,chr14,103326500,103774500,448000
139473,chr14,103370500,103775500,405000
139476,chr14,103788500,103931500,143000
139486,chr14,104707500,104759500,52000
139488,chr14,105350500,105387500,37000
139490,chr14,105414500,105496500,82000
139491,chr14,105420500,105534500,114000
139493,chr14,105552500,106139500,587000
139494,chr14,105634500,106057500,423000
139495,chr14,105635500,106139500,504000
139509,chr14,118445500,119006500,561000
139510,chr14,118445500,119054500,609000
139511,chr14,118458500,118714500,256000
139512,chr14,118458500,118829500,371000
139513,chr14,118458500,119005500,547000
139516,chr14,118474500,118606500,132000
139517,chr14,118550500,118713500,163000
139518,chr14,118550500,118828500,278000
139519,chr14,118550500,119006500,456000
139520,chr14,118853500,119041500,188000
139521,chr14,118854500,119005500,151000
139522,chr14,118951500,118987500,36000
139523,chr14,119058500,119137500,79000
139524,chr14,119276500,119359500,83000
139526,chr14,120313500,120670500,357000
139528,chr14,120314500,120492500,178000
139530,chr14,120375500,120601500,226000
139531,chr14,120375500,120635500,260000
139532,chr14,120375500,120713500,338000
139534,chr14,121069500,121149500,80000
139535,chr14,121069500,121207500,138000
139536,chr14,121070500,121689500,619000
139537,chr14,121209500,121497500,288000
139538,chr14,121208500,121689500,481000
139539,chr14,121272500,121427500,155000
139540,chr14,121456500,121691500,235000
139541,chr14,121516500,121688500,172000
139542,chr14,121516500,121816500,300000
139543,chr14,121707500,121815500,108000
139547,chr14,122102500,122157500,55000
139548,chr14,122102500,122298500,196000
139549,chr14,122115500,122343500,228000
139550,chr14,122166500,122297500,131000
139551,chr14,122302500,122457500,155000
139552,chr14,122317500,123114500,797000
139557,chr14,122424500,123140500,716000
139559,chr14,122428500,123114500,686000
139560,chr14,122461500,122989500,528000
139561,chr14,122463500,122715500,252000
139562,chr14,122494500,122713500,219000
139563,chr14,122549500,122814500,265000
139566,chr14,123189500,123551500,362000
139568,chr14,123609500,123898500,289000
139570,chr15,3471500,3937500,466000
139574,chr15,3987500,4072500,85000
139575,chr15,5267500,5945500,678000
139579,chr15,8230500,8620500,390000
139581,chr15,8411500,8607500,196000
139582,chr15,8480500,8606500,126000
139584,chr15,8657500,8769500,112000
139585,chr15,8657500,8914500,257000
139586,chr15,8657500,9035500,378000
139587,chr15,8659500,8885500,226000
139589,chr15,8835500,8914500,79000
139591,chr15,9120500,9348500,228000
139592,chr15,9120500,9453500,333000
139594,chr15,9193500,9349500,156000
139598,chr15,9362500,9452500,90000
139600,chr15,9455500,9608500,153000
139601,chr15,9455500,9749500,294000
139603,chr15,5267500,6109500,842000
139604,chr15,5267500,6238500,971000
139607,chr15,5925500,6075500,150000
139609,chr15,5946500,6109500,163000
139610,chr15,6267500,6465500,198000
139611,chr15,6268500,6600500,332000
139612,chr15,6652500,6752500,100000
139613,chr15,6652500,6912500,260000
139616,chr15,6869500,7255500,386000
139617,chr15,6938500,7255500,317000
139618,chr15,6938500,7473500,535000
139619,chr15,6939500,7161500,222000
139620,chr15,7110500,7159500,49000
139621,chr15,7111500,7145500,34000
139622,chr15,7163500,7255500,92000
139623,chr15,7257500,7473500,216000
139624,chr15,7427500,7841500,414000
139631,chr15,11972500,12084500,112000
139635,chr15,11995500,12037500,42000
139637,chr15,12197500,12268500,71000
139638,chr15,12204500,12322500,118000
139640,chr15,12371500,12795500,424000
139642,chr15,12586500,12795500,209000
139643,chr15,12690500,12790500,100000
139645,chr15,13091500,13173500,82000
139650,chr15,14629500,15089500,460000
139652,chr15,15038500,15081500,43000
139655,chr15,9456500,10313500,857000
139658,chr15,10487500,10980500,493000
139659,chr15,10500500,10901500,401000
139660,chr15,10501500,10872500,371000
139662,chr15,10618500,10709500,91000
139663,chr15,10618500,10871500,253000
139664,chr15,10710500,10870500,160000
139667,chr15,10922500,10991500,69000
139668,chr15,10921500,11036500,115000
139669,chr15,10921500,11320500,399000
139670,chr15,10921500,11380500,459000
139671,chr15,11009500,11320500,311000
139672,chr15,11039500,11379500,340000
139673,chr15,11039500,11319500,280000
139675,chr15,11409500,11907500,498000
139676,chr15,11409500,11966500,557000
139688,chr15,25441500,25795500,354000
139689,chr15,25441500,25624500,183000
139690,chr15,25441500,25717500,276000
139691,chr15,25486500,25717500,231000
139692,chr15,25733500,25793500,60000
139693,chr15,25734500,25781500,47000
139694,chr15,25808500,25928500,120000
139695,chr15,25807500,25959500,152000
139697,chr15,27648500,28181500,533000
139698,chr15,27752500,28182500,430000
139699,chr15,27851500,28182500,331000
139700,chr15,27919500,28182500,263000
139701,chr15,27921500,28068500,147000
139702,chr15,27938500,28023500,85000
139703,chr15,25994500,26327500,333000
139714,chr15,27326500,27465500,139000
139715,chr15,27465500,27582500,117000
139716,chr15,27648500,27715500,67000
139717,chr15,27659500,27853500,194000
139718,chr15,27659500,27823500,164000
139719,chr15,27752500,27823500,71000
139720,chr15,27752500,27851500,99000
139721,chr15,27752500,27905500,153000
139722,chr15,30029500,30301500,272000
139724,chr15,30304500,30418500,114000
139725,chr15,30303500,30741500,438000
139728,chr15,30927500,31264500,337000
139730,chr15,31283500,31446500,163000
139731,chr15,31318500,31419500,101000
139732,chr15,31316500,31447500,131000
139733,chr15,31316500,31586500,270000
139736,chr15,31450500,31586500,136000
139737,chr15,31517500,31586500,69000
139742,chr15,32246500,32437500,191000
139746,chr15,34043500,34155500,112000
139747,chr15,34044500,34429500,385000
139748,chr15,34046500,34083500,37000
139749,chr15,34148500,34429500,281000
139750,chr15,34179500,34429500,250000
139751,chr15,34240500,34431500,191000
139752,chr15,34308500,34428500,120000
139755,chr15,34538500,34969500,431000
139757,chr15,34539500,34838500,299000
139758,chr15,34539500,34742500,203000
139759,chr15,34539500,34891500,352000
139760,chr15,34540500,34679500,139000
139761,chr15,34540500,34711500,171000
139762,chr15,34743500,34891500,148000
139764,chr15,34744500,34838500,94000
139770,chr15,40030500,40893500,863000
139771,chr15,40030500,40943500,913000
139772,chr15,40043500,40942500,899000
139774,chr15,40087500,40942500,855000
139777,chr15,40435500,40893500,458000
139779,chr15,41027500,41191500,164000
139781,chr15,41026500,41583500,557000
139783,chr15,41056500,41582500,526000
139784,chr15,41188500,41583500,395000
139788,chr15,41682500,41836500,154000
139789,chr15,41731500,41836500,105000
139792,chr15,35293500,36148500,855000
139798,chr15,35936500,36146500,210000
139800,chr15,36165500,36578500,413000
139801,chr15,36166500,36707500,541000
139802,chr15,36180500,36262500,82000
139803,chr15,36363500,36489500,126000
139804,chr15,36500500,36578500,78000
139805,chr15,36518500,36707500,189000
139806,chr15,36544500,36707500,163000
139813,chr15,36716500,36781500,65000
139814,chr15,36793500,36939500,146000
139820,chr15,37357500,37922500,565000
139821,chr15,37427500,37905500,478000
139822,chr15,37460500,37906500,446000
139823,chr15,37563500,37906500,343000
139824,chr15,37598500,37906500,308000
139825,chr15,37961500,38078500,117000
139829,chr15,38284500,38685500,401000
139830,chr15,38301500,38384500,83000
139831,chr15,38384500,38472500,88000
139833,chr15,38696500,39081500,385000
139834,chr15,38697500,38790500,93000
139835,chr15,38697500,38941500,244000
139838,chr15,39225500,39539500,314000
139839,chr15,39225500,39598500,373000
139840,chr15,39225500,39703500,478000
139841,chr15,39225500,39736500,511000
139842,chr15,39538500,39680500,142000
139843,chr15,39592500,39644500,52000
139844,chr15,39724500,39994500,270000
139845,chr15,39807500,39994500,187000
139850,chr15,43854500,44273500,419000
139853,chr15,44291500,44482500,191000
139854,chr15,44302500,44687500,385000
139855,chr15,44485500,44612500,127000
139865,chr15,51602500,51762500,160000
139866,chr15,51741500,51854500,113000
139867,chr15,51855500,51902500,47000
139875,chr15,56200500,56719500,519000
139878,chr15,56204500,56556500,352000
139883,chr15,56558500,56607500,49000
139885,chr15,56559500,56719500,160000
139886,chr15,57464500,57886500,422000
139887,chr15,57464500,57741500,277000
139888,chr15,57464500,57833500,369000
139889,chr15,57507500,57741500,234000
139890,chr15,57507500,57884500,377000
139892,chr15,57559500,57741500,182000
139893,chr15,57840500,57896500,56000
139894,chr15,53933500,54142500,209000
139895,chr15,53933500,54277500,344000
139897,chr15,54476500,54870500,394000
139898,chr15,54644500,54870500,226000
139900,chr15,54960500,55311500,351000
139901,chr15,54960500,55412500,452000
139902,chr15,54970500,55153500,183000
139903,chr15,55007500,55129500,122000
139904,chr15,55068500,55128500,60000
139907,chr15,55170500,55312500,142000
139908,chr15,55169500,55411500,242000
139910,chr15,55427500,55910500,483000
139911,chr15,55497500,55909500,412000
139912,chr15,55570500,55910500,340000
139913,chr15,55682500,55910500,228000
139916,chr15,51603500,52023500,420000
139917,chr15,51775500,52016500,241000
139919,chr15,51775500,52322500,547000
139920,chr15,52026500,52321500,295000
139926,chr15,52991500,53217500,226000
139929,chr15,53054500,53216500,162000
139936,chr15,58078500,58283500,205000
139938,chr15,58255500,58449500,194000
139939,chr15,58256500,58742500,486000
139940,chr15,58286500,58743500,457000
139941,chr15,58299500,58745500,446000
139942,chr15,58335500,58743500,408000
139943,chr15,58335500,58450500,115000
139946,chr15,58450500,58741500,291000
139948,chr15,58820500,59187500,367000
139949,chr15,58846500,59175500,329000
139953,chr15,59197500,59239500,42000
139954,chr15,59263500,59699500,436000
139955,chr15,59261500,59737500,476000
139956,chr15,59262500,59521500,259000
139959,chr15,59477500,59519500,42000
139960,chr15,59521500,59697500,176000
139962,chr15,64004500,64499500,495000
139963,chr15,64046500,64225500,179000
139964,chr15,64046500,64498500,452000
139965,chr15,64185500,64253500,68000
139974,chr15,65781500,65904500,123000
139975,chr15,61855500,62285500,430000
139976,chr15,61854500,62684500,830000
139979,chr15,61856500,62124500,268000
139980,chr15,61856500,62205500,349000
139981,chr15,61856500,62333500,477000
139982,chr15,61860500,62020500,160000
139985,chr15,63870500,63931500,61000
139992,chr15,61859500,61964500,105000
139993,chr15,61859500,61911500,52000
139994,chr15,61912500,61964500,52000
139996,chr15,71355500,71761500,406000
139997,chr15,71602500,71761500,159000
140003,chr15,68064500,68110500,46000
140004,chr15,68130500,68234500,104000
140007,chr15,65781500,66156500,375000
140009,chr15,65906500,66156500,250000
140015,chr15,66169500,66347500,178000
140016,chr15,66548500,66771500,223000
140017,chr15,66548500,66972500,424000
140018,chr15,66776500,66971500,195000
140019,chr15,66776500,67047500,271000
140021,chr15,66841500,66913500,72000
140023,chr15,72078500,72388500,310000
140024,chr15,72388500,72895500,507000
140027,chr15,72420500,73057500,637000
140028,chr15,72501500,72893500,392000
140029,chr15,72681500,72894500,213000
140031,chr15,73183500,73329500,146000
140033,chr15,73183500,73424500,241000
140034,chr15,73350500,73424500,74000
140035,chr15,73453500,73560500,107000
140036,chr15,73514500,73559500,45000
140037,chr15,73592500,73659500,67000
140041,chr15,73662500,74408500,746000
140042,chr15,73705500,74283500,578000
140045,chr15,73869500,74282500,413000
140046,chr15,73869500,74386500,517000
140048,chr15,74394500,74573500,179000
140049,chr15,74460500,74574500,114000
140050,chr15,74461500,74621500,160000
140051,chr15,74512500,74564500,52000
140055,chr15,74768500,74932500,164000
140057,chr15,74795500,74932500,137000
140058,chr15,74846500,74932500,86000
140059,chr15,74881500,74928500,47000
140061,chr15,75421500,75551500,130000
140062,chr15,75586500,75756500,170000
140063,chr15,75586500,75707500,121000
140064,chr15,75586500,75795500,209000
140065,chr15,75586500,75886500,300000
140066,chr15,75619500,75758500,139000
140069,chr15,79966500,80141500,175000
140070,chr15,79972500,80109500,137000
140072,chr15,80027500,80108500,81000
140073,chr15,80117500,80593500,476000
140075,chr15,80150500,80588500,438000
140077,chr15,80519500,80578500,59000
140078,chr15,80592500,80830500,238000
140080,chr15,80911500,81083500,172000
140081,chr15,80958500,81083500,125000
140084,chr15,81349500,81469500,120000
140085,chr15,81716500,81790500,74000
140086,chr15,81823500,81873500,50000
140088,chr15,75586500,76039500,453000
140090,chr15,75875500,76065500,190000
140093,chr15,75954500,76040500,86000
140094,chr15,76081500,76217500,136000
140096,chr15,76123500,76218500,95000
140097,chr15,76168500,76218500,50000
140100,chr15,76356500,76811500,455000
140101,chr15,76435500,76523500,88000
140102,chr15,76436500,76811500,375000
140103,chr15,76545500,76586500,41000
140105,chr15,76630500,76743500,113000
140106,chr15,76842500,77252500,410000
140111,chr15,76956500,77251500,295000
140116,chr15,77659500,77801500,142000
140117,chr15,77814500,78058500,244000
140118,chr15,77818500,78123500,305000
140119,chr15,77866500,78060500,194000
140120,chr15,77866500,78124500,258000
140122,chr15,78064500,78123500,59000
140124,chr15,78141500,78224500,83000
140125,chr15,78239500,78306500,67000
140126,chr15,78240500,78318500,78000
140127,chr15,78332500,78416500,84000
140128,chr15,78507500,78733500,226000
140129,chr15,78508500,78628500,120000
140130,chr15,78800500,78956500,156000
140134,chr15,79109500,79536500,427000
140135,chr15,79109500,79352500,243000
140136,chr15,79296500,79351500,55000
140137,chr15,79356500,79536500,180000
140139,chr15,79637500,79795500,158000
140140,chr15,79637500,79949500,312000
140141,chr15,79715500,79949500,234000
140144,chr15,79800500,79951500,151000
140145,chr15,79829500,79949500,120000
140146,chr15,81950500,82120500,170000
140147,chr15,82023500,82120500,97000
140149,chr15,82144500,82970500,826000
140153,chr15,82237500,82975500,738000
140154,chr15,82237500,82975500,738000
140155,chr15,82241500,82928500,687000
140161,chr15,82748500,82921500,173000
140162,chr15,82785500,82923500,138000
140163,chr15,83041500,83217500,176000
140164,chr15,83041500,83402500,361000
140165,chr15,83252500,83384500,132000
140166,chr15,83517500,83642500,125000
140167,chr15,83548500,83938500,390000
140169,chr15,83645500,83937500,292000
140170,chr15,83741500,83937500,196000
140172,chr15,87510500,88132500,622000
140173,chr15,87976500,88132500,156000
140174,chr15,88030500,88132500,102000
140177,chr15,88204500,88352500,148000
140178,chr15,88204500,88421500,217000
140179,chr15,88204500,88535500,331000
140180,chr15,88704500,88957500,253000
140181,chr15,88711500,88992500,281000
140182,chr15,88712500,89094500,382000
140183,chr15,88713500,88760500,47000
140184,chr15,88713500,88805500,92000
140185,chr15,89008500,89094500,86000
140186,chr15,89615500,89977500,362000
140187,chr15,83958500,84515500,557000
140188,chr15,84006500,84515500,509000
140189,chr15,84096500,84167500,71000
140190,chr15,84096500,84514500,418000
140191,chr15,84168500,84514500,346000
140192,chr15,84420500,84514500,94000
140193,chr15,84564500,84602500,38000
140198,chr15,84739500,84807500,68000
140199,chr15,84885500,84954500,69000
140201,chr15,85035500,85115500,80000
140202,chr15,85035500,85468500,433000
140203,chr15,85151500,85363500,212000
140204,chr15,85151500,85467500,316000
140205,chr15,85199500,85467500,268000
140206,chr15,85200500,85362500,162000
140207,chr15,85273500,85467500,194000
140208,chr15,85362500,85467500,105000
140209,chr15,85394500,85467500,73000
140210,chr15,85497500,85555500,58000
140211,chr15,85496500,85593500,97000
140212,chr15,85600500,85762500,162000
140214,chr15,85600500,85923500,323000
140217,chr15,85796500,85922500,126000
140218,chr15,85600500,86021500,421000
140219,chr15,85780500,86021500,241000
140221,chr15,85938500,86008500,70000
140222,chr15,85938500,86089500,151000
140226,chr15,87251500,87507500,256000
140228,chr15,87251500,87428500,177000
140229,chr15,87429500,87508500,79000
140230,chr15,87510500,87807500,297000
140232,chr15,87510500,87844500,334000
140233,chr15,87658500,87845500,187000
140234,chr15,87658500,87809500,151000
140236,chr15,89615500,90099500,484000
140237,chr15,89977500,90099500,122000
140238,chr15,90121500,90726500,605000
140244,chr15,90134500,90724500,590000
140246,chr15,90564500,90725500,161000
140251,chr15,91362500,91459500,97000
140252,chr15,91362500,91638500,276000
140253,chr15,91494500,91638500,144000
140254,chr15,91665500,91825500,160000
140255,chr15,91666500,91784500,118000
140258,chr15,91867500,92128500,261000
140260,chr15,92163500,92347500,184000
140264,chr15,92424500,93114500,690000
140266,chr15,92849500,93114500,265000
140267,chr15,92901500,93113500,212000
140268,chr15,92987500,93114500,127000
140269,chr15,93173500,93234500,61000
140270,chr15,93277500,93474500,197000
140271,chr15,93340500,93473500,133000
140272,chr15,93385500,93472500,87000
140273,chr15,93417500,93473500,56000
140278,chr15,94164500,94418500,254000
140279,chr15,94240500,94418500,178000
140281,chr15,94288500,94417500,129000
140282,chr15,94455500,94499500,44000
140283,chr15,94455500,94559500,104000
140284,chr15,94620500,95100500,480000
140285,chr15,94620500,95472500,852000
140287,chr15,94667500,95068500,401000
140288,chr15,94667500,95100500,433000
140289,chr15,94667500,95471500,804000
140291,chr15,95664500,95890500,226000
140293,chr15,95671500,95752500,81000
140295,chr15,96095500,96184500,89000
140296,chr15,96419500,96834500,415000
140297,chr15,96441500,96835500,394000
140298,chr15,96444500,96563500,119000
140301,chr15,96539500,96597500,58000
140302,chr15,96563500,96835500,272000
140305,chr15,97093500,97562500,469000
140306,chr15,97134500,97562500,428000
140307,chr15,97135500,97434500,299000
140309,chr15,97226500,97350500,124000
140310,chr15,97225500,97364500,139000
140311,chr15,97225500,97433500,208000
140312,chr15,97225500,97562500,337000
140314,chr15,97229500,97276500,47000
140315,chr15,97272500,97492500,220000
140316,chr15,97564500,97681500,117000
140318,chr15,97615500,97748500,133000
140319,chr15,97615500,97850500,235000
140321,chr15,97616500,97680500,64000
140322,chr15,97681500,97748500,67000
140323,chr15,97764500,97850500,86000
140325,chr15,99920500,100083500,163000
140327,chr15,99920500,100353500,433000
140329,chr15,99934500,100083500,149000
140330,chr15,99936500,100024500,88000
140331,chr15,100085500,100220500,135000
140332,chr15,100128500,100169500,41000
140334,chr15,100360500,100580500,220000
140339,chr15,100436500,100511500,75000
140340,chr15,100656500,100736500,80000
140341,chr15,100655500,100939500,284000
140342,chr15,100729500,100940500,211000
140343,chr15,100762500,100873500,111000
140344,chr15,100954500,101011500,57000
140346,chr15,101225500,101974500,749000
140348,chr15,101225500,101892500,667000
140349,chr15,101238500,101613500,375000
140350,chr15,101237500,101680500,443000
140351,chr15,101237500,101892500,655000
140352,chr15,101238500,101351500,113000
140353,chr15,101238500,101395500,157000
140354,chr15,101238500,101880500,642000
140355,chr15,101428500,101680500,252000
140356,chr15,101428500,101892500,464000
140357,chr15,101613500,101881500,268000
140358,chr15,101681500,101881500,200000
140360,chr15,101896500,101974500,78000
140363,chr15,97988500,98051500,63000
140364,chr15,97987500,98287500,300000
140365,chr15,98080500,98287500,207000
140366,chr15,98409500,98515500,106000
140367,chr15,98408500,98607500,199000
140368,chr15,98408500,98698500,290000
140369,chr15,98478500,98597500,119000
140370,chr15,98477500,98685500,208000
140371,chr15,98477500,98699500,222000
140372,chr15,98478500,98515500,37000
140373,chr15,98532500,98690500,158000
140376,chr15,98775500,98892500,117000
140377,chr15,98776500,98921500,145000
140380,chr15,99224500,99276500,52000
140381,chr15,99314500,99368500,54000
140383,chr15,99395500,99566500,171000
140384,chr15,99395500,99802500,407000
140385,chr15,99494500,99676500,182000
140386,chr15,99494500,99566500,72000
140387,chr15,99494500,99802500,308000
140390,chr15,99580500,99804500,224000
140391,chr15,99623500,99804500,181000
140392,chr15,99623500,99675500,52000
140393,chr15,99694500,99802500,108000
140394,chr15,99720500,99802500,82000
140403,chr15,102086500,102132500,46000
140404,chr15,102290500,102350500,60000
140405,chr15,102606500,102650500,44000
140406,chr15,102607500,103085500,478000
140407,chr15,102667500,103083500,416000
140408,chr15,102669500,102879500,210000
140412,chr15,102875500,103086500,211000
140413,chr15,102922500,103039500,117000
140415,chr15,103092500,103216500,124000
140416,chr15,103158500,103215500,57000
140417,chr15,103391500,103456500,65000
140418,chr16,3727500,3821500,94000
140419,chr16,3658500,4105500,447000
140420,chr16,3886500,4106500,220000
140421,chr16,4122500,4424500,302000
140422,chr16,4122500,4485500,363000
140423,chr16,4134500,4485500,351000
140424,chr16,4134500,4290500,156000
140425,chr16,4134500,4358500,224000
140426,chr16,4134500,4425500,291000
140428,chr16,4306500,4359500,53000
140429,chr16,4307500,4426500,119000
140430,chr16,4307500,4484500,177000
140432,chr16,4369500,4485500,116000
140439,chr16,4449500,4485500,36000
140440,chr16,4449500,4962500,513000
140441,chr16,4500500,4698500,198000
140443,chr16,4504500,4963500,459000
140449,chr16,4728500,4963500,235000
140450,chr16,4797500,4963500,166000
140451,chr16,4876500,4963500,87000
140452,chr16,5020500,5286500,266000
140453,chr16,5073500,5287500,214000
140454,chr16,5124500,5224500,100000
140455,chr16,5124500,5286500,162000
140456,chr16,5290500,5749500,459000
140457,chr16,5291500,5354500,63000
140459,chr16,5496500,5749500,253000
140467,chr16,6823500,7092500,269000
140469,chr16,6867500,7094500,227000
140474,chr16,8227500,8493500,266000
140476,chr16,8229500,8310500,81000
140477,chr16,8229500,8462500,233000
140478,chr16,8312500,8687500,375000
140479,chr16,8312500,8399500,87000
140480,chr16,8312500,8462500,150000
140481,chr16,8312500,8492500,180000
140485,chr16,8556500,8647500,91000
140486,chr16,8599500,8648500,49000
140487,chr16,8625500,8686500,61000
140489,chr16,8701500,9812500,1111000
140491,chr16,8702500,8824500,122000
140493,chr16,8826500,9569500,743000
140494,chr16,8826500,9812500,986000
140495,chr16,8827500,9340500,513000
140496,chr16,8827500,9502500,675000
140497,chr16,8830500,8951500,121000
140498,chr16,14055500,14311500,256000
140500,chr16,14520500,15170500,650000
140502,chr16,15657500,15922500,265000
140503,chr16,15656500,15934500,278000
140505,chr16,15704500,15922500,218000
140507,chr16,15852500,15922500,70000
140509,chr16,11799500,12018500,219000
140511,chr16,12978500,13257500,279000
140512,chr16,12978500,13169500,191000
140513,chr16,12978500,13228500,250000
140514,chr16,13350500,13446500,96000
140515,chr16,13488500,13552500,64000
140518,chr16,13557500,13597500,40000
140520,chr16,13638500,13979500,341000
140525,chr16,16020500,16120500,100000
140526,chr16,16020500,16402500,382000
140527,chr16,16122500,16402500,280000
140532,chr16,16414500,16729500,315000
140533,chr16,16415500,16647500,232000
140534,chr16,17024500,17090500,66000
140536,chr16,17375500,17631500,256000
140537,chr16,17547500,17866500,319000
140538,chr16,17548500,17630500,82000
140539,chr16,17676500,17865500,189000
140540,chr16,17730500,17865500,135000
140542,chr16,9891500,10340500,449000
140543,chr16,9906500,10092500,186000
140544,chr16,9907500,10026500,119000
140545,chr16,9943500,10001500,58000
140547,chr16,10096500,10340500,244000
140548,chr16,10234500,10339500,105000
140550,chr16,10384500,10604500,220000
140551,chr16,10386500,10665500,279000
140552,chr16,10389500,10562500,173000
140553,chr16,10388500,10604500,216000
140554,chr16,10458500,10603500,145000
140555,chr16,10457500,10665500,208000
140556,chr16,10693500,10852500,159000
140557,chr16,10691500,10887500,196000
140558,chr16,10693500,10927500,234000
140559,chr16,10694500,10991500,297000
140560,chr16,10691500,11115500,424000
140561,chr16,10691500,11236500,545000
140564,chr16,10854500,11236500,382000
140565,chr16,10855500,10926500,71000
140566,chr16,10972500,11236500,264000
140567,chr16,11051500,11235500,184000
140568,chr16,11286500,11757500,471000
140569,chr16,11287500,11421500,134000
140573,chr16,17870500,18029500,159000
140574,chr16,17926500,18029500,103000
140575,chr16,18164500,18437500,273000
140576,chr16,18165500,18225500,60000
140577,chr16,18262500,18436500,174000
140578,chr16,18262500,18496500,234000
140579,chr16,18445500,18497500,52000
140581,chr16,18515500,18617500,102000
140583,chr16,18822500,18906500,84000
140586,chr16,19486500,19666500,180000
140587,chr16,19543500,19666500,123000
140588,chr16,19543500,19914500,371000
140589,chr16,19579500,19916500,337000
140592,chr16,20059500,20300500,241000
140593,chr16,20180500,20298500,118000
140595,chr16,20325500,20502500,177000
140596,chr16,20328500,20461500,133000
140600,chr16,20527500,20581500,54000
140603,chr16,20584500,20714500,130000
140604,chr16,20585500,20893500,308000
140605,chr16,20585500,21010500,425000
140606,chr16,20623500,20714500,91000
140607,chr16,20624500,20892500,268000
140610,chr16,21021500,21211500,190000
140611,chr16,21307500,21546500,239000
140612,chr16,21307500,21633500,326000
140613,chr16,21357500,21546500,189000
140614,chr16,21434500,21546500,112000
140616,chr16,23785500,25081500,1296000
140617,chr16,23802500,24694500,892000
140618,chr16,23802500,24170500,368000
140619,chr16,23803500,24639500,836000
140620,chr16,23804500,24881500,1077000
140621,chr16,23803500,24134500,331000
140623,chr16,23805500,24269500,464000
140624,chr16,23806500,24212500,406000
140625,chr16,24138500,24883500,745000
140626,chr16,24212500,24879500,667000
140627,chr16,24304500,24883500,579000
140628,chr16,24652500,24883500,231000
140629,chr16,24703500,24883500,180000
140630,chr16,24772500,24882500,110000
140631,chr16,24887500,25081500,194000
140632,chr16,25194500,25782500,588000
140633,chr16,25196500,25500500,304000
140634,chr16,25195500,25771500,576000
140637,chr16,22129500,22537500,408000
140639,chr16,22127500,22373500,246000
140641,chr16,22193500,22371500,178000
140645,chr16,22258500,22365500,107000
140647,chr16,22384500,22625500,241000
140648,chr16,22538500,22626500,88000
140649,chr16,22695500,22954500,259000
140650,chr16,22695500,22772500,77000
140651,chr16,22695500,22865500,170000
140652,chr16,22906500,22954500,48000
140653,chr16,22906500,23221500,315000
140655,chr16,22968500,23256500,288000
140656,chr16,22970500,23222500,252000
140657,chr16,22984500,23221500,237000
140659,chr16,23271500,23367500,96000
140660,chr16,23271500,23451500,180000
140661,chr16,23271500,23717500,446000
140662,chr16,23271500,23772500,501000
140663,chr16,23369500,23451500,82000
140664,chr16,23369500,23716500,347000
140665,chr16,23369500,23771500,402000
140667,chr16,23718500,23772500,54000
140670,chr16,28411500,28656500,245000
140671,chr16,28411500,29380500,969000
140672,chr16,28412500,28611500,199000
140674,chr16,28657500,29380500,723000
140675,chr16,28659500,28851500,192000
140677,chr16,29449500,29548500,99000
140678,chr16,29552500,29886500,334000
140681,chr16,25786500,26017500,231000
140682,chr16,25841500,26018500,177000
140690,chr16,29549500,30054500,505000
140691,chr16,29887500,30054500,167000
140693,chr16,30071500,30133500,62000
140694,chr16,30072500,30336500,264000
140696,chr16,30128500,30332500,204000
140697,chr16,30193500,30335500,142000
140699,chr16,30358500,30890500,532000
140700,chr16,30415500,30757500,342000
140701,chr16,30415500,30796500,381000
140702,chr16,30415500,30889500,474000
140703,chr16,30416500,30595500,179000
140704,chr16,30416500,30691500,275000
140706,chr16,30419500,30511500,92000
140709,chr16,30760500,30888500,128000
140710,chr16,30898500,31224500,326000
140713,chr16,31278500,31483500,205000
140717,chr16,31767500,31821500,54000
140720,chr16,31933500,32319500,386000
140722,chr16,32082500,32277500,195000
140723,chr16,32082500,32318500,236000
140726,chr16,32326500,32432500,106000
140727,chr16,32326500,32501500,175000
140729,chr16,32458500,32503500,45000
140730,chr16,32633500,32864500,231000
140731,chr16,32633500,32708500,75000
140732,chr16,32633500,32771500,138000
140733,chr16,32633500,32986500,353000
140740,chr16,33126500,33561500,435000
140742,chr16,33209500,33560500,351000
140744,chr16,33337500,33562500,225000
140745,chr16,33380500,33561500,181000
140746,chr16,33420500,33560500,140000
140747,chr16,33565500,33618500,53000
140748,chr16,33566500,33771500,205000
140749,chr16,33566500,33934500,368000
140750,chr16,33641500,33771500,130000
140751,chr16,33641500,33809500,168000
140752,chr16,33641500,33934500,293000
140754,chr16,33770500,33935500,165000
140755,chr16,33818500,33934500,116000
140756,chr16,33820500,33895500,75000
140761,chr16,35911500,36289500,378000
140764,chr16,36292500,36638500,346000
140765,chr16,36293500,36374500,81000
140766,chr16,36293500,36442500,149000
140767,chr16,36293500,36531500,238000
140768,chr16,36345500,36531500,186000
140769,chr16,36374500,36530500,156000
140770,chr16,36379500,36636500,257000
140772,chr16,36471500,36528500,57000
140773,chr16,36542500,36638500,96000
140774,chr16,36705500,36830500,125000
140777,chr16,37251500,37502500,251000
140779,chr16,37505500,37767500,262000
140780,chr16,37507500,37632500,125000
140781,chr16,37506500,37689500,183000
140782,chr16,33945500,34113500,168000
140783,chr16,33946500,34004500,58000
140784,chr16,34012500,34347500,335000
140786,chr16,34014500,34112500,98000
140788,chr16,34352500,34520500,168000
140789,chr16,34722500,34787500,65000
140791,chr16,34930500,35181500,251000
140792,chr16,34931500,35091500,160000
140793,chr16,34931500,35138500,207000
140794,chr16,34976500,35091500,115000
140796,chr16,35295500,35381500,86000
140797,chr16,35360500,35448500,88000
140798,chr16,35554500,35680500,126000
140799,chr16,35554500,35637500,83000
140805,chr16,40559500,40788500,229000
140808,chr16,41078500,41656500,578000
140810,chr16,37738500,38144500,406000
140812,chr16,37750500,38017500,267000
140813,chr16,37795500,38017500,222000
140814,chr16,38166500,38302500,136000
140816,chr16,38440500,38551500,111000
140817,chr16,38440500,38873500,433000
140819,chr16,38452500,38633500,181000
140820,chr16,38453500,38548500,95000
140821,chr16,38634500,38872500,238000
140822,chr16,38678500,38871500,193000
140823,chr16,38722500,38871500,149000
140826,chr16,48083500,48149500,66000
140829,chr16,48156500,48496500,340000
140830,chr16,48187500,48390500,203000
140831,chr16,48251500,48390500,139000
140832,chr16,48251500,48495500,244000
140833,chr16,48390500,48495500,105000
140837,chr16,49625500,49675500,50000
140840,chr16,41991500,42051500,60000
140841,chr16,41992500,42988500,996000
140846,chr16,42096500,42254500,158000
140847,chr16,42097500,42733500,636000
140849,chr16,42319500,42394500,75000
140852,chr16,43360500,43543500,183000
140853,chr16,43360500,43622500,262000
140856,chr16,43702500,43880500,178000
140857,chr16,43798500,43882500,84000
140859,chr16,44062500,44513500,451000
140860,chr16,44063500,44182500,119000
140861,chr16,44120500,44182500,62000
140862,chr16,44257500,44514500,257000
140864,chr16,44304500,44465500,161000
140865,chr16,44304500,44513500,209000
140867,chr16,44564500,44910500,346000
140868,chr16,45016500,45450500,434000
140869,chr16,45017500,45234500,217000
140870,chr16,45017500,45398500,381000
140872,chr16,45103500,45233500,130000
140873,chr16,45151500,45234500,83000
140874,chr16,45505500,45787500,282000
140876,chr16,45664500,45787500,123000
140879,chr16,55300500,55675500,375000
140880,chr16,55340500,55673500,333000
140881,chr16,55642500,55715500,73000
140882,chr16,55708500,55953500,245000
140885,chr16,50074500,50219500,145000
140887,chr16,50195500,50556500,361000
140889,chr16,50251500,50349500,98000
140890,chr16,50252500,50554500,302000
140892,chr16,50350500,50556500,206000
140897,chr16,56527500,56740500,213000
140898,chr16,56537500,56739500,202000
140899,chr16,56592500,56740500,148000
140900,chr16,57064500,57218500,154000
140904,chr16,62606500,62666500,60000
140909,chr16,64589500,64672500,83000
140910,chr16,64667500,64719500,52000
140912,chr16,64726500,65329500,603000
140913,chr16,65168500,65269500,101000
140914,chr16,65167500,65328500,161000
140918,chr16,65426500,65810500,384000
140921,chr16,65461500,65810500,349000
140923,chr16,65512500,65805500,293000
140930,chr16,58274500,58571500,297000
140933,chr16,58282500,58444500,162000
140934,chr16,58343500,58490500,147000
140935,chr16,58491500,58547500,56000
140936,chr16,59241500,59437500,196000
140937,chr16,59295500,59437500,142000
140943,chr16,71044500,72012500,968000
140947,chr16,72792500,72952500,160000
140948,chr16,72809500,72893500,84000
140949,chr16,80999500,81081500,82000
140963,chr16,75997500,76166500,169000
140970,chr16,77995500,78113500,118000
140974,chr16,78062500,78098500,36000
140975,chr16,78440500,78746500,306000
140978,chr16,84441500,84676500,235000
140982,chr16,84753500,84970500,217000
140983,chr16,84753500,85475500,722000
140984,chr16,84753500,85232500,479000
140985,chr16,85599500,85697500,98000
140988,chr16,85603500,87045500,1442000
140989,chr16,85604500,86216500,612000
140995,chr16,86680500,87043500,363000
140996,chr16,87293500,87496500,203000
140997,chr16,87304500,87375500,71000
140998,chr16,87304500,87549500,245000
141000,chr16,87381500,87549500,168000
141001,chr16,87393500,87544500,151000
141004,chr16,87638500,88001500,363000
141008,chr16,89325500,89561500,236000
141009,chr16,89408500,89562500,154000
141010,chr16,89572500,89627500,55000
141011,chr16,89571500,89982500,411000
141012,chr16,89643500,89695500,52000
141013,chr16,89642500,89965500,323000
141014,chr16,89739500,89917500,178000
141015,chr16,89739500,89964500,225000
141016,chr16,89827500,89965500,138000
141017,chr16,89828500,89916500,88000
141021,chr16,90177500,90474500,297000
141023,chr16,90624500,90723500,99000
141025,chr16,90877500,91257500,380000
141027,chr16,90878500,91014500,136000
141028,chr16,90878500,91149500,271000
141029,chr16,90878500,91186500,308000
141031,chr16,90958500,91149500,191000
141033,chr16,91015500,91148500,133000
141034,chr16,91019500,91110500,91000
141036,chr16,91022500,91067500,45000
141037,chr16,91155500,91257500,102000
141038,chr16,91156500,91306500,150000
141039,chr16,91309500,91379500,70000
141042,chr16,91444500,91727500,283000
141043,chr16,91492500,91714500,222000
141044,chr16,91521500,91714500,193000
141045,chr16,91752500,91934500,182000
141046,chr16,91733500,92083500,350000
141047,chr16,91733500,92133500,400000
141048,chr16,91935500,92084500,149000
141049,chr16,92137500,92254500,117000
141050,chr16,92138500,92242500,104000
141051,chr16,92181500,92242500,61000
141052,chr16,92181500,92254500,73000
141054,chr16,92316500,93090500,774000
141055,chr16,92316500,93251500,935000
141056,chr16,92340500,93089500,749000
141057,chr16,92362500,93251500,889000
141058,chr16,92363500,93341500,978000
141059,chr16,92363500,93089500,726000
141060,chr16,92403500,92493500,90000
141061,chr16,92496500,92805500,309000
141062,chr16,92495500,93090500,595000
141063,chr16,92495500,93251500,756000
141065,chr16,92496500,93340500,844000
141068,chr16,92955500,93251500,296000
141069,chr16,93253500,93340500,87000
141074,chr16,93639500,93673500,34000
141075,chr16,93715500,93866500,151000
141076,chr16,93735500,93820500,85000
141077,chr16,93773500,93817500,44000
141078,chr16,95916500,96145500,229000
141079,chr16,96031500,96473500,442000
141080,chr16,96031500,96143500,112000
141081,chr16,96159500,96412500,253000
141082,chr16,96159500,96472500,313000
141083,chr16,96268500,96412500,144000
141084,chr16,96268500,96473500,205000
141085,chr16,96485500,96621500,136000
141086,chr16,96486500,97094500,608000
141087,chr16,96523500,96620500,97000
141088,chr16,96522500,97094500,572000
141090,chr16,96653500,97094500,441000
141091,chr16,96698500,97094500,396000
141092,chr16,96818500,97094500,276000
141093,chr16,97113500,97268500,155000
141094,chr16,97114500,97394500,280000
141095,chr16,97114500,97218500,104000
141096,chr16,97114500,97317500,203000
141097,chr16,97245500,97394500,149000
141098,chr16,97324500,97393500,69000
141099,chr16,97605500,97823500,218000
141100,chr16,97606500,97680500,74000
141101,chr16,97607500,97792500,185000
141102,chr16,97652500,97763500,111000
141103,chr16,97680500,97824500,144000
141105,chr16,93714500,94114500,400000
141106,chr16,93838500,94059500,221000
141107,chr16,93886500,94129500,243000
141108,chr16,94171500,94370500,199000
141109,chr16,94259500,94512500,253000
141110,chr16,94327500,94370500,43000
141111,chr16,94529500,94586500,57000
141112,chr16,94589500,94798500,209000
141113,chr16,94589500,95144500,555000
141115,chr16,94617500,94798500,181000
141116,chr16,94617500,95145500,528000
141117,chr16,94930500,95145500,215000
141118,chr16,94998500,95144500,146000
141120,chr16,95151500,95765500,614000
141121,chr16,95267500,95766500,499000
141122,chr16,95268500,95371500,103000
141124,chr16,95448500,95746500,298000
141126,chr16,95502500,95746500,244000
141130,chr16,95884500,95947500,63000
141133,chr17,3280500,3497500,217000
141134,chr17,3338500,3497500,159000
141136,chr17,3500500,3560500,60000
141137,chr17,3500500,3611500,111000
141138,chr17,3621500,3912500,291000
141139,chr17,3621500,3801500,180000
141141,chr17,3621500,3982500,361000
141142,chr17,3653500,3800500,147000
141143,chr17,5990500,6068500,78000
141144,chr17,3621500,4159500,538000
141145,chr17,4032500,4159500,127000
141146,chr17,4829500,5449500,620000
141147,chr17,4828500,4934500,106000
141148,chr17,4828500,5077500,249000
141149,chr17,4958500,5044500,86000
141150,chr17,5045500,5142500,97000
141151,chr17,5045500,5240500,195000
141152,chr17,5303500,5366500,63000
141153,chr17,5303500,5449500,146000
141154,chr17,5382500,5448500,66000
141155,chr17,5491500,5585500,94000
141158,chr17,7711500,8041500,330000
141159,chr17,7816500,8042500,226000
141163,chr17,8483500,8591500,108000
141164,chr17,8483500,8641500,158000
141166,chr17,8685500,8753500,68000
141167,chr17,8685500,8814500,129000
141168,chr17,8756500,8813500,57000
141169,chr17,8756500,9155500,399000
141170,chr17,8833500,9026500,193000
141171,chr17,8833500,9155500,322000
141172,chr17,9025500,9155500,130000
141173,chr17,9250500,9366500,116000
141176,chr17,9387500,9975500,588000
141177,chr17,9389500,9504500,115000
141180,chr17,9977500,10414500,437000
141184,chr17,10113500,10414500,301000
141186,chr17,10164500,10414500,250000
141187,chr17,10537500,10719500,182000
141188,chr17,10538500,10652500,114000
141189,chr17,10652500,10718500,66000
141195,chr17,17614500,17865500,251000
141196,chr17,17614500,17969500,355000
141199,chr17,17845500,17960500,115000
141200,chr17,17866500,17969500,103000
141201,chr17,12255500,12590500,335000
141202,chr17,12257500,12483500,226000
141203,chr17,12259500,12322500,63000
141204,chr17,12257500,12429500,172000
141205,chr17,12257500,12525500,268000
141206,chr17,12257500,12673500,416000
141208,chr17,12322500,12589500,267000
141209,chr17,12323500,12429500,106000
141210,chr17,12431500,12588500,157000
141211,chr17,12521500,12587500,66000
141212,chr17,12635500,12878500,243000
141213,chr17,12635500,13029500,394000
141214,chr17,12679500,13030500,351000
141215,chr17,12680500,12879500,199000
141216,chr17,12753500,13029500,276000
141229,chr17,14454500,15125500,671000
141231,chr17,14508500,14739500,231000
141232,chr17,14765500,15125500,360000
141234,chr17,15286500,15603500,317000
141235,chr17,15468500,15597500,129000
141236,chr17,15806500,15944500,138000
141237,chr17,15843500,15944500,101000
141239,chr17,23881500,23924500,43000
141241,chr17,21452500,21642500,190000
141242,chr17,21493500,21603500,110000
141243,chr17,21492500,21642500,150000
141245,chr17,21492500,21800500,308000
141247,chr17,17987500,18115500,128000
141248,chr17,23993500,24061500,68000
141249,chr17,23993500,24179500,186000
141250,chr17,24071500,24179500,108000
141251,chr17,24389500,24425500,36000
141252,chr17,24390500,24438500,48000
141253,chr17,24392500,24464500,72000
141254,chr17,24445500,24642500,197000
141258,chr17,24760500,24873500,113000
141259,chr17,24760500,24931500,171000
141260,chr17,24965500,25037500,72000
141263,chr17,25507500,25689500,182000
141265,chr17,25552500,25689500,137000
141266,chr17,25553500,25918500,365000
141267,chr17,25616500,25917500,301000
141268,chr17,25617500,25688500,71000
141269,chr17,25695500,25917500,222000
141270,chr17,25728500,25917500,189000
141271,chr17,25787500,25917500,130000
141272,chr17,29749500,30101500,352000
141273,chr17,29822500,30101500,279000
141274,chr17,29924500,30101500,177000
141275,chr17,30014500,30102500,88000
141276,chr17,30114500,30673500,559000
141277,chr17,30333500,30673500,340000
141278,chr17,30452500,30673500,221000
141284,chr17,30778500,30900500,122000
141285,chr17,30965500,31169500,204000
141286,chr17,31229500,31526500,297000
141288,chr17,31230500,31406500,176000
141289,chr17,31230500,31462500,232000
141290,chr17,31235500,31338500,103000
141291,chr17,31341500,31527500,186000
141292,chr17,31474500,31526500,52000
141293,chr17,31550500,31711500,161000
141294,chr17,31550500,31882500,332000
141295,chr17,31597500,31710500,113000
141305,chr17,28048500,28298500,250000
141306,chr17,28127500,28298500,171000
141307,chr17,28209500,28280500,71000
141308,chr17,28305500,28528500,223000
141309,chr17,28445500,28529500,84000
141310,chr17,28592500,28747500,155000
141312,chr17,28981500,29096500,115000
141313,chr17,28994500,29096500,102000
141314,chr17,29267500,29389500,122000
141315,chr17,29268500,29465500,197000
141316,chr17,29268500,29314500,46000
141318,chr17,29396500,29733500,337000
141319,chr17,29396500,29465500,69000
141320,chr17,29396500,29589500,193000
141321,chr17,29480500,29734500,254000
141323,chr17,29531500,29734500,203000
141325,chr17,29600500,29732500,132000
141326,chr17,31730500,32254500,524000
141328,chr17,31904500,32244500,340000
141329,chr17,31904500,32292500,388000
141330,chr17,31912500,32075500,163000
141332,chr17,31982500,32244500,262000
141333,chr17,32362500,32428500,66000
141334,chr17,32568500,32651500,83000
141335,chr17,32568500,32713500,145000
141336,chr17,32606500,32713500,107000
141338,chr17,33226500,33712500,486000
141341,chr17,33659500,33771500,112000
141345,chr17,25617500,26021500,404000
141346,chr17,25694500,26020500,326000
141347,chr17,25728500,26019500,291000
141348,chr17,25787500,26019500,232000
141353,chr17,26683500,27104500,421000
141355,chr17,26685500,26857500,172000
141356,chr17,26900500,27104500,204000
141357,chr17,27013500,27104500,91000
141361,chr17,27252500,27304500,52000
141362,chr17,27409500,27612500,203000
141363,chr17,27408500,27739500,331000
141365,chr17,27596500,27739500,143000
141367,chr17,27755500,27861500,106000
141368,chr17,27754500,27982500,228000
141371,chr17,27869500,27980500,111000
141373,chr17,41147500,41207500,60000
141379,chr17,36141500,36183500,42000
141389,chr17,37136500,37513500,377000
141391,chr17,37225500,37394500,169000
141392,chr17,37226500,37307500,81000
141393,chr17,37226500,37359500,133000
141395,chr17,37312500,37358500,46000
141398,chr17,37361500,37511500,150000
141399,chr17,37395500,37513500,118000
141402,chr17,33805500,34023500,218000
141403,chr17,33817500,34022500,205000
141404,chr17,34044500,34147500,103000
141408,chr17,34172500,34247500,75000
141409,chr17,34173500,34338500,165000
141410,chr17,34248500,34338500,90000
141413,chr17,34296500,34386500,90000
141417,chr17,34469500,34568500,99000
141418,chr17,34469500,34602500,133000
141419,chr17,34469500,34629500,160000
141420,chr17,34606500,34775500,169000
141421,chr17,34659500,34775500,116000
141422,chr17,34791500,34839500,48000
141423,chr17,34808500,35115500,307000
141424,chr17,34863500,35160500,297000
141425,chr17,34865500,35056500,191000
141426,chr17,35074500,35166500,92000
141429,chr17,35237500,35363500,126000
141430,chr17,35240500,35325500,85000
141438,chr17,43126500,43254500,128000
141439,chr17,43178500,43254500,76000
141442,chr17,43324500,43635500,311000
141443,chr17,43325500,43540500,215000
141444,chr17,43348500,43387500,39000
141445,chr17,43576500,43829500,253000
141446,chr17,43575500,43960500,385000
141448,chr17,43576500,43920500,344000
141451,chr17,43637500,43922500,285000
141452,chr17,43829500,43917500,88000
141456,chr17,44069500,44181500,112000
141458,chr17,44112500,44180500,68000
141459,chr17,44194500,44349500,155000
141460,chr17,44194500,44441500,247000
141461,chr17,44387500,44441500,54000
141462,chr17,44462500,44567500,105000
141463,chr17,44573500,45048500,475000
141464,chr17,44573500,45356500,783000
141469,chr17,44766500,45047500,281000
141471,chr17,44767500,45355500,588000
141472,chr17,45054500,45562500,508000
141473,chr17,45054500,45356500,302000
141474,chr17,45054500,45684500,630000
141476,chr17,45101500,45356500,255000
141477,chr17,45562500,45685500,123000
141478,chr17,45607500,45684500,77000
141479,chr17,45790500,45861500,71000
141482,chr17,45827500,45862500,35000
141483,chr17,45791500,46031500,240000
141485,chr17,45974500,46030500,56000
141486,chr17,46042500,46151500,109000
141487,chr17,46043500,46442500,399000
141488,chr17,46042500,46478500,436000
141489,chr17,46043500,46420500,377000
141491,chr17,46045500,46342500,297000
141492,chr17,46046500,46385500,339000
141493,chr17,46157500,46443500,286000
141494,chr17,46157500,46344500,187000
141495,chr17,46577500,46821500,244000
141496,chr17,46647500,46822500,175000
141497,chr17,46836500,47036500,200000
141499,chr17,46912500,47037500,125000
141502,chr17,47215500,47345500,130000
141503,chr17,47348500,47697500,349000
141504,chr17,47349500,47740500,391000
141507,chr17,47697500,47793500,96000
141508,chr17,47822500,47907500,85000
141510,chr17,48052500,48410500,358000
141511,chr17,48105500,48174500,69000
141512,chr17,48104500,48355500,251000
141513,chr17,48104500,48411500,307000
141516,chr17,48183500,48354500,171000
141517,chr17,48234500,48408500,174000
141518,chr17,48235500,48352500,117000
141519,chr17,48354500,48409500,55000
141522,chr17,48581500,48644500,63000
141524,chr17,48846500,49007500,161000
141526,chr17,48902500,49008500,106000
141528,chr17,49187500,49489500,302000
141529,chr17,49187500,49565500,378000
141531,chr17,49238500,49373500,135000
141532,chr17,49239500,49489500,250000
141533,chr17,49514500,49706500,192000
141534,chr17,49573500,49707500,134000
141536,chr17,49838500,49949500,111000
141537,chr17,53837500,54140500,303000
141538,chr17,54321500,54650500,329000
141539,chr17,54372500,54649500,277000
141550,chr17,52868500,53696500,828000
141551,chr17,52872500,52956500,84000
141560,chr17,49775500,50206500,431000
141561,chr17,49836500,50205500,369000
141562,chr17,49957500,50205500,248000
141566,chr17,50279500,50543500,264000
141568,chr17,50277500,50499500,222000
141570,chr17,50598500,51102500,504000
141571,chr17,50599500,50816500,217000
141572,chr17,50643500,51102500,459000
141574,chr17,50734500,50816500,82000
141577,chr17,56009500,56255500,246000
141578,chr17,56009500,56192500,183000
141580,chr17,56009500,56317500,308000
141581,chr17,56199500,56252500,53000
141582,chr17,56440500,56560500,120000
141583,chr17,56504500,56559500,55000
141585,chr17,56664500,56787500,123000
141587,chr17,56665500,56857500,192000
141589,chr17,56782500,57060500,278000
141590,chr17,56919500,56976500,57000
141591,chr17,56919500,57064500,145000
141593,chr17,57116500,57164500,48000
141594,chr17,57303500,57642500,339000
141595,chr17,57318500,57555500,237000
141596,chr17,57359500,57474500,115000
141597,chr17,57359500,57643500,284000
141598,chr17,57404500,57474500,70000
141599,chr17,57404500,57641500,237000
141600,chr17,57487500,57642500,155000
141601,chr17,57526500,57642500,116000
141602,chr17,57555500,57641500,86000
141603,chr17,62355500,62417500,62000
141607,chr17,63092500,63189500,97000
141609,chr17,63630500,63775500,145000
141610,chr17,63631500,63720500,89000
141611,chr17,63882500,64093500,211000
141612,chr17,64110500,64244500,134000
141615,chr17,64805500,64904500,99000
141616,chr17,64906500,65180500,274000
141623,chr17,59226500,59406500,180000
141624,chr17,59267500,59406500,139000
141625,chr17,65919500,66090500,171000
141628,chr17,66089500,66410500,321000
141629,chr17,66172500,66527500,355000
141630,chr17,66177500,66259500,82000
141631,chr17,66177500,66413500,236000
141633,chr17,66460500,66516500,56000
141634,chr17,66460500,66797500,337000
141635,chr17,66514500,66796500,282000
141636,chr17,66542500,66760500,218000
141637,chr17,66542500,66794500,252000
141638,chr17,66634500,66761500,127000
141640,chr17,66885500,67062500,177000
141641,chr17,66885500,67206500,321000
141642,chr17,66885500,67447500,562000
141649,chr17,70737500,70940500,203000
141650,chr17,70737500,70991500,254000
141651,chr17,70834500,70939500,105000
141652,chr17,70834500,70990500,156000
141654,chr17,71057500,71136500,79000
141656,chr17,71154500,71219500,65000
141657,chr17,71157500,71298500,141000
141659,chr17,71373500,71503500,130000
141660,chr17,71868500,71978500,110000
141662,chr17,67958500,68020500,62000
141663,chr17,67958500,68071500,113000
141664,chr17,67958500,68084500,126000
141668,chr17,68177500,68318500,141000
141671,chr17,68220500,68473500,253000
141672,chr17,68221500,68316500,95000
141674,chr17,68484500,69175500,691000
141676,chr17,69147500,69383500,236000
141677,chr17,69148500,69412500,264000
141678,chr17,69188500,69413500,225000
141679,chr17,69415500,69656500,241000
141680,chr17,69518500,69656500,138000
141681,chr17,69690500,69746500,56000
141682,chr17,71856500,72179500,323000
141683,chr17,71868500,72180500,312000
141684,chr17,71969500,72180500,211000
141687,chr17,72239500,72550500,311000
141691,chr17,72913500,73027500,114000
141692,chr17,72913500,73088500,175000
141694,chr17,73105500,73605500,500000
141696,chr17,73163500,73606500,443000
141697,chr17,73164500,73316500,152000
141698,chr17,73164500,73503500,339000
141699,chr17,73165500,73402500,237000
141700,chr17,73197500,73316500,119000
141701,chr17,73197500,73503500,306000
141702,chr17,73403500,73502500,99000
141703,chr17,73506500,73604500,98000
141709,chr17,78507500,78724500,217000
141710,chr17,78767500,78895500,128000
141711,chr17,78912500,79045500,133000
141713,chr17,79418500,79826500,408000
141714,chr17,79418500,79887500,469000
141716,chr17,79513500,79825500,312000
141717,chr17,79513500,79887500,374000
141718,chr17,73611500,74017500,406000
141721,chr17,73611500,74050500,439000
141722,chr17,73879500,74050500,171000
141723,chr17,74327500,74442500,115000
141724,chr17,74327500,74603500,276000
141726,chr17,74635500,74717500,82000
141731,chr17,75038500,75382500,344000
141732,chr17,75040500,75324500,284000
141734,chr17,75040500,75312500,272000
141735,chr17,75118500,75382500,264000
141736,chr17,75118500,75311500,193000
141738,chr17,75118500,75324500,206000
141740,chr17,75392500,75677500,285000
141742,chr17,75435500,75676500,241000
141746,chr17,79970500,80148500,178000
141747,chr17,79970500,80311500,341000
141749,chr17,80006500,80148500,142000
141750,chr17,80007500,80311500,304000
141751,chr17,80171500,80311500,140000
141752,chr17,80191500,80312500,121000
141753,chr17,80543500,80868500,325000
141754,chr17,80598500,80867500,269000
141755,chr17,80653500,80869500,216000
141756,chr17,80716500,80866500,150000
141757,chr17,80790500,80860500,70000
141758,chr17,80877500,81323500,446000
141759,chr17,80928500,81123500,195000
141760,chr17,80928500,81289500,361000
141761,chr17,81078500,81122500,44000
141762,chr17,81078500,81288500,210000
141763,chr17,81141500,81289500,148000
141774,chr17,83579500,83943500,364000
141775,chr17,83579500,84039500,460000
141776,chr17,83580500,84158500,578000
141777,chr17,83695500,84158500,463000
141778,chr17,83941500,84115500,174000
141780,chr17,83941500,84158500,217000
141781,chr17,83952500,84040500,88000
141782,chr17,84042500,84157500,115000
141783,chr17,84171500,84314500,143000
141785,chr17,84177500,84727500,550000
141787,chr17,84210500,84276500,66000
141789,chr17,84279500,84727500,448000
141791,chr17,84314500,84493500,179000
141792,chr17,84336500,84496500,160000
141794,chr17,84338500,84728500,390000
141797,chr17,84421500,84497500,76000
141799,chr17,85006500,85136500,130000
141801,chr17,85021500,85065500,44000
141803,chr17,85145500,85423500,278000
141804,chr17,85145500,85495500,350000
141805,chr17,85145500,85777500,632000
141806,chr17,85145500,85940500,795000
141809,chr17,85331500,85940500,609000
141810,chr17,85423500,85598500,175000
141811,chr17,85424500,85658500,234000
141812,chr17,85423500,85777500,354000
141813,chr17,85424500,85940500,516000
141814,chr17,85424500,85496500,72000
141815,chr17,85468500,85927500,459000
141816,chr17,85497500,85777500,280000
141817,chr17,85497500,85940500,443000
141818,chr17,85660500,85777500,117000
141819,chr17,85660500,85909500,249000
141820,chr17,85660500,85940500,280000
141826,chr17,88081500,88186500,105000
141827,chr17,88080500,88256500,176000
141828,chr17,88189500,88256500,67000
141831,chr17,88282500,88373500,91000
141833,chr17,88332500,88559500,227000
141836,chr17,88373500,88562500,189000
141838,chr17,88468500,88560500,92000
141839,chr17,88563500,88620500,57000
141840,chr17,88562500,88948500,386000
141842,chr17,88563500,88687500,124000
141843,chr17,88563500,88818500,255000
141844,chr17,88564500,88748500,184000
141845,chr17,88635500,88817500,182000
141846,chr17,88748500,88816500,68000
141847,chr17,88835500,88947500,112000
141848,chr17,88866500,88947500,81000
141849,chr17,88878500,88948500,70000
141850,chr17,88959500,89074500,115000
141851,chr17,88960500,89060500,100000
141852,chr17,88961500,89261500,300000
141856,chr17,85973500,86370500,397000
141857,chr17,85973500,86442500,469000
141859,chr17,85997500,86107500,110000
141860,chr17,86002500,86370500,368000
141861,chr17,86185500,86370500,185000
141864,chr17,86469500,86752500,283000
141866,chr17,86470500,86523500,53000
141867,chr17,86791500,87213500,422000
141868,chr17,86804500,87119500,315000
141869,chr17,86843500,87119500,276000
141870,chr17,86843500,87213500,370000
141872,chr17,87223500,87556500,333000
141873,chr17,87224500,87351500,127000
141877,chr17,87344500,87556500,212000
141881,chr17,87627500,87879500,252000
141883,chr17,87753500,87838500,85000
141884,chr17,87754500,87878500,124000
141885,chr17,87904500,87969500,65000
141888,chr17,93466500,93614500,148000
141889,chr17,93466500,93840500,374000
141892,chr17,94070500,94138500,68000
141895,chr17,94781500,95037500,256000
141896,chr17,94862500,95037500,175000
141897,chr17,94963500,95037500,74000
141904,chr17,89961500,90808500,847000
141906,chr17,90449500,90810500,361000
141907,chr17,90935500,91079500,144000
141908,chr18,3280500,3336500,56000
141909,chr18,3337500,3384500,47000
141910,chr18,3495500,3982500,487000
141913,chr18,3496500,4176500,680000
141914,chr18,4236500,4369500,133000
141916,chr18,4277500,4368500,91000
141917,chr18,4689500,5043500,354000
141918,chr18,4921500,5012500,91000
141919,chr18,4922500,5043500,121000
141920,chr18,5139500,5990500,851000
141921,chr18,5162500,5592500,430000
141922,chr18,5162500,5820500,658000
141923,chr18,5163500,5333500,170000
141924,chr18,5334500,5592500,258000
141926,chr18,5424500,5989500,565000
141927,chr18,5592500,5989500,397000
141928,chr18,5820500,5989500,169000
141935,chr18,9451500,9865500,414000
141936,chr18,9495500,9865500,370000
141938,chr18,5161500,6027500,866000
141940,chr18,6135500,6490500,355000
141941,chr18,6240500,6489500,249000
141945,chr18,6703500,7002500,299000
141946,chr18,6715500,7566500,851000
141947,chr18,6716500,6883500,167000
141950,chr18,7579500,7756500,177000
141951,chr18,7582500,7701500,119000
141954,chr18,7876500,7919500,43000
141956,chr18,16050500,16345500,295000
141959,chr18,16716500,16955500,239000
141960,chr18,10030500,10182500,152000
141962,chr18,10293500,10397500,104000
141963,chr18,10293500,10529500,236000
141965,chr18,10532500,10609500,77000
141966,chr18,10535500,10709500,174000
141967,chr18,10536500,10800500,264000
141976,chr18,13733500,14001500,268000
141978,chr18,14646500,14710500,64000
141979,chr18,14727500,14808500,81000
141980,chr18,14816500,14916500,100000
141986,chr18,15023500,15273500,250000
141988,chr18,15085500,15273500,188000
141989,chr18,15197500,15283500,86000
141993,chr18,12238500,12573500,335000
141995,chr18,12302500,12860500,558000
141996,chr18,12312500,12573500,261000
141997,chr18,12350500,12574500,224000
141998,chr18,12403500,12573500,170000
141999,chr18,12403500,12859500,456000
142002,chr18,12875500,13016500,141000
142003,chr18,12875500,13081500,206000
142004,chr18,13160500,13438500,278000
142006,chr18,13272500,13438500,166000
142009,chr18,13733500,13961500,228000
142012,chr18,20561500,20700500,139000
142013,chr18,20623500,20691500,68000
142018,chr18,20822500,20948500,126000
142019,chr18,20879500,20946500,67000
142020,chr18,20990500,21109500,119000
142021,chr18,21004500,21109500,105000
142023,chr18,21171500,21515500,344000
142024,chr18,21172500,21252500,80000
142026,chr18,21266500,21515500,249000
142027,chr18,21266500,21570500,304000
142030,chr18,22164500,22319500,155000
142032,chr18,22663500,22728500,65000
142038,chr18,23069500,23261500,192000
142040,chr18,23906500,24028500,122000
142042,chr18,24076500,24434500,358000
142043,chr18,24181500,24367500,186000
142044,chr18,24181500,24422500,241000
142045,chr18,24183500,24339500,156000
142048,chr18,24439500,24803500,364000
142049,chr18,24441500,24601500,160000
142050,chr18,24442500,24562500,120000
142051,chr18,24807500,25195500,388000
142053,chr18,24808500,25255500,447000
142055,chr18,24840500,25254500,414000
142056,chr18,25194500,25255500,61000
142058,chr18,25454500,25648500,194000
142059,chr18,25688500,25803500,115000
142060,chr18,25687500,25859500,172000
142062,chr18,25717500,25803500,86000
142063,chr18,25772500,25859500,87000
142064,chr18,25812500,25887500,75000
142065,chr18,30180500,30350500,170000
142069,chr18,30460500,31648500,1188000
142070,chr18,30497500,31576500,1079000
142072,chr18,30498500,31648500,1150000
142073,chr18,30500500,30705500,205000
142080,chr18,30664500,31073500,409000
142081,chr18,31210500,31510500,300000
142082,chr18,31210500,31574500,364000
142083,chr18,31610500,31727500,117000
142084,chr18,32050500,32193500,143000
142085,chr18,32050500,32414500,364000
142087,chr18,32051500,32260500,209000
142088,chr18,32417500,32573500,156000
142089,chr18,32617500,32805500,188000
142090,chr18,32618500,32947500,329000
142093,chr18,33027500,33923500,896000
142094,chr18,33028500,33295500,267000
142096,chr18,33369500,33923500,554000
142097,chr18,33596500,33926500,330000
142098,chr18,39270500,40008500,738000
142101,chr18,39357500,40007500,650000
142106,chr18,39778500,40008500,230000
142112,chr18,37637500,38013500,376000
142114,chr18,37896500,38012500,116000
142118,chr18,38158500,38345500,187000
142119,chr18,38158500,38244500,86000
142120,chr18,38454500,38593500,139000
142121,chr18,38454500,38684500,230000
142123,chr18,38691500,39063500,372000
142124,chr18,38714500,38935500,221000
142125,chr18,38989500,39063500,74000
142126,chr18,38989500,39244500,255000
142127,chr18,39023500,39063500,40000
142128,chr18,39023500,39244500,221000
142129,chr18,39073500,39244500,171000
142130,chr18,39270500,39622500,352000
142131,chr18,33938500,34202500,264000
142132,chr18,33940500,34140500,200000
142133,chr18,33940500,34236500,296000
142134,chr18,33939500,34393500,454000
142135,chr18,33967500,34139500,172000
142137,chr18,34023500,34139500,116000
142138,chr18,34141500,34191500,50000
142142,chr18,34671500,34705500,34000
142143,chr18,34723500,34860500,137000
142144,chr18,34796500,34859500,63000
142147,chr18,35023500,35412500,389000
142155,chr18,35101500,35413500,312000
142156,chr18,35101500,35587500,486000
142157,chr18,35102500,35310500,208000
142158,chr18,35102500,35666500,564000
142159,chr18,35155500,35251500,96000
142162,chr18,35312500,35673500,361000
142166,chr18,35411500,35665500,254000
142167,chr18,35473500,35667500,194000
142168,chr18,35506500,35665500,159000
142169,chr18,35945500,36071500,126000
142171,chr18,36091500,36255500,164000
142172,chr18,36092500,36461500,369000
142173,chr18,36258500,36461500,203000
142174,chr18,36355500,36658500,303000
142175,chr18,36356500,36460500,104000
142176,chr18,36535500,36657500,122000
142177,chr18,36825500,36872500,47000
142184,chr18,49495500,49621500,126000
142185,chr18,49495500,49776500,281000
142186,chr18,49888500,49965500,77000
142191,chr18,42477500,42601500,124000
142192,chr18,42658500,42706500,48000
142195,chr18,42669500,42702500,33000
142196,chr18,42734500,43114500,380000
142200,chr18,42842500,43114500,272000
142201,chr18,43337500,43454500,117000
142202,chr18,43337500,43656500,319000
142203,chr18,43457500,43656500,199000
142204,chr18,43527500,43656500,129000
142208,chr18,46286500,46341500,55000
142209,chr18,46287500,46697500,410000
142212,chr18,46467500,46697500,230000
142213,chr18,46468500,46866500,398000
142214,chr18,46659500,46730500,71000
142215,chr18,46733500,47079500,346000
142216,chr18,46734500,46868500,134000
142218,chr18,46875500,47080500,205000
142219,chr18,46877500,47044500,167000
142221,chr18,46932500,47080500,148000
142222,chr18,46970500,47042500,72000
142223,chr18,46970500,47080500,110000
142224,chr18,47501500,47608500,107000
142225,chr18,47503500,47741500,238000
142227,chr18,43975500,44143500,168000
142233,chr18,44558500,44793500,235000
142234,chr18,44852500,44954500,102000
142237,chr18,50102500,50246500,144000
142239,chr18,50102500,50166500,64000
142240,chr18,50192500,50245500,53000
142245,chr18,54960500,55123500,163000
142247,chr18,52812500,52993500,181000
142248,chr18,52812500,53068500,256000
142251,chr18,53089500,53596500,507000
142254,chr18,53090500,53489500,399000
142255,chr18,53090500,53551500,461000
142256,chr18,53310500,53380500,70000
142257,chr18,53367500,53489500,122000
142258,chr18,53380500,53550500,170000
142259,chr18,53379500,53596500,217000
142260,chr18,53551500,53595500,44000
142261,chr18,53554500,53804500,250000
142263,chr18,53604500,53804500,200000
142264,chr18,53660500,53805500,145000
142265,chr18,56496500,56703500,207000
142267,chr18,56511500,56656500,145000
142268,chr18,56742500,57219500,477000
142270,chr18,56741500,57464500,723000
142271,chr18,56742500,57264500,522000
142272,chr18,56755500,56859500,104000
142274,chr18,56893500,57218500,325000
142275,chr18,57265500,57462500,197000
142276,chr18,57266500,57417500,151000
142278,chr18,57534500,58013500,479000
142279,chr18,57534500,58098500,564000
142283,chr18,57803500,58097500,294000
142284,chr18,57804500,58011500,207000
142286,chr18,58109500,58615500,506000
142289,chr18,58166500,58614500,448000
142291,chr18,58643500,58732500,89000
142292,chr18,58643500,59210500,567000
142297,chr18,59215500,60287500,1072000
142306,chr18,60595500,60717500,122000
142307,chr18,60595500,60814500,219000
142308,chr18,60730500,60813500,83000
142309,chr18,60843500,60903500,60000
142310,chr18,60920500,61171500,251000
142311,chr18,60920500,61111500,191000
142312,chr18,60920500,61201500,281000
142313,chr18,60991500,61111500,120000
142314,chr18,60991500,61201500,210000
142316,chr18,61122500,61171500,49000
142317,chr18,61122500,61201500,79000
142318,chr18,61219500,61622500,403000
142321,chr18,61323500,61418500,95000
142322,chr18,61323500,61622500,299000
142323,chr18,61447500,61622500,175000
142325,chr18,61499500,61622500,123000
142326,chr18,61640500,61875500,235000
142327,chr18,61681500,61925500,244000
142329,chr18,61682500,61818500,136000
142330,chr18,61682500,61875500,193000
142331,chr18,61727500,61771500,44000
142333,chr18,61778500,61874500,96000
142334,chr18,61779500,61818500,39000
142337,chr18,63904500,64600500,696000
142338,chr18,63995500,64475500,480000
142340,chr18,64147500,64475500,328000
142342,chr18,64398500,64476500,78000
142343,chr18,64660500,64796500,136000
142344,chr18,64660500,64874500,214000
142345,chr18,64660500,65087500,427000
142348,chr18,64876500,65087500,211000
142349,chr18,64877500,65146500,269000
142350,chr18,64877500,65404500,527000
142353,chr18,65023500,65087500,64000
142354,chr18,65155500,65287500,132000
142355,chr18,65155500,65404500,249000
142356,chr18,65433500,65885500,452000
142360,chr18,65646500,65762500,116000
142361,chr18,61639500,62065500,426000
142362,chr18,61682500,62065500,383000
142363,chr18,61927500,62065500,138000
142368,chr18,62196500,62363500,167000
142371,chr18,62386500,62660500,274000
142372,chr18,62386500,62799500,413000
142374,chr18,62699500,62800500,101000
142378,chr18,62818500,63062500,244000
142379,chr18,62818500,63104500,286000
142381,chr18,63125500,63258500,133000
142384,chr18,63264500,63787500,523000
142385,chr18,63264500,63524500,260000
142386,chr18,63264500,63624500,360000
142387,chr18,63275500,63432500,157000
142388,chr18,63340500,63432500,92000
142391,chr18,73316500,73756500,440000
142392,chr18,73317500,73713500,396000
142395,chr18,73837500,73886500,49000
142398,chr18,70032500,70317500,285000
142401,chr18,70663500,70701500,38000
142403,chr18,68628500,68814500,186000
142404,chr18,68628500,68924500,296000
142412,chr18,69285500,69640500,355000
142415,chr18,69330500,69529500,199000
142416,chr18,69330500,69641500,311000
142418,chr18,69480500,69527500,47000
142419,chr18,69811500,69928500,117000
142420,chr18,69868500,69927500,59000
142422,chr18,65898500,66051500,153000
142423,chr18,65956500,66024500,68000
142425,chr18,66058500,66357500,299000
142426,chr18,66059500,66538500,479000
142427,chr18,66059500,66174500,115000
142431,chr18,66098500,66173500,75000
142434,chr18,66212500,66537500,325000
142435,chr18,66366500,66653500,287000
142436,chr18,66366500,66537500,171000
142437,chr18,66499500,66653500,154000
142440,chr18,66544500,66651500,107000
142441,chr18,66547500,66593500,46000
142443,chr18,66662500,67137500,475000
142444,chr18,66938500,67134500,196000
142445,chr18,67248500,67539500,291000
142446,chr18,67249500,67587500,338000
142447,chr18,67249500,67488500,239000
142448,chr18,67250500,67455500,205000
142450,chr18,67499500,67585500,86000
142451,chr18,67499500,67745500,246000
142452,chr18,67590500,67901500,311000
142453,chr18,67591500,67745500,154000
142455,chr18,67796500,67901500,105000
142459,chr18,74067500,74315500,248000
142461,chr18,74170500,74253500,83000
142463,chr18,74349500,74910500,561000
142467,chr18,74361500,74566500,205000
142468,chr18,74363500,74855500,492000
142472,chr18,74564500,74856500,292000
142473,chr18,74575500,74911500,336000
142475,chr18,74576500,74704500,128000
142476,chr18,74858500,75120500,262000
142480,chr18,75176500,75731500,555000
142482,chr18,75272500,75698500,426000
142484,chr18,75273500,75399500,126000
142485,chr18,75273500,75731500,458000
142486,chr18,75317500,75399500,82000
142487,chr18,75428500,75501500,73000
142488,chr18,75430500,75731500,301000
142489,chr18,75533500,75731500,198000
142491,chr18,75604500,75730500,126000
142492,chr18,75740500,75873500,133000
142496,chr18,80046500,80162500,116000
142497,chr18,80090500,80147500,57000
142498,chr18,80194500,80250500,56000
142500,chr18,80249500,80512500,263000
142501,chr18,80323500,80406500,83000
142502,chr18,80323500,80498500,175000
142503,chr18,80324500,80773500,449000
142504,chr18,80366500,80756500,390000
142507,chr18,80533500,80772500,239000
142508,chr18,80566500,80769500,203000
142509,chr18,80650500,80772500,122000
142511,chr18,80858500,81269500,411000
142515,chr18,81025500,81222500,197000
142519,chr18,81818500,81959500,141000
142520,chr18,77878500,78181500,303000
142521,chr18,77879500,78255500,376000
142522,chr18,77978500,78181500,203000
142523,chr18,78030500,78181500,151000
142527,chr18,75741500,76283500,542000
142529,chr18,75890500,76284500,394000
142530,chr18,75916500,76283500,367000
142531,chr18,75971500,76279500,308000
142533,chr18,75971500,76049500,78000
142539,chr18,76508500,77065500,557000
142542,chr18,76510500,76901500,391000
142543,chr18,76510500,76948500,438000
142544,chr18,76512500,76620500,108000
142545,chr18,76512500,76773500,261000
142547,chr18,77015500,77065500,50000
142548,chr18,77016500,77121500,105000
142550,chr18,77264500,77346500,82000
142551,chr18,77366500,77694500,328000
142552,chr18,77450500,77693500,243000
142554,chr18,77583500,77693500,110000
142556,chr18,77706500,77826500,120000
142557,chr18,77710500,77862500,152000
142558,chr18,77880500,77970500,90000
142559,chr18,88790500,88999500,209000
142560,chr18,88790500,89107500,317000
142561,chr18,88913500,88989500,76000
142570,chr18,83833500,84191500,358000
142574,chr18,84191500,84555500,364000
142576,chr18,84663500,84817500,154000
142577,chr18,84665500,84940500,275000
142578,chr18,84699500,84952500,253000
142579,chr18,84703500,84868500,165000
142581,chr18,84707500,84940500,233000
142582,chr18,84707500,84817500,110000
142583,chr18,84827500,84941500,114000
142584,chr18,84866500,84927500,61000
142588,chr18,82018500,82473500,455000
142589,chr18,82016500,82586500,570000
142592,chr18,82024500,82425500,401000
142595,chr18,82049500,82586500,537000
142596,chr18,82154500,82303500,149000
142597,chr18,82487500,82735500,248000
142598,chr18,82489500,82585500,96000
142599,chr18,82545500,82586500,41000
142600,chr18,82751500,83078500,327000
142601,chr18,82769500,82994500,225000
142602,chr18,82784500,82830500,46000
142603,chr18,82831500,82933500,102000
142604,chr19,3440500,3500500,60000
142605,chr19,3440500,3772500,332000
142606,chr19,3631500,3772500,141000
142607,chr19,3672500,3772500,100000
142608,chr19,4102500,4278500,176000
142609,chr19,4149500,4278500,129000
142610,chr19,4309500,4358500,49000
142611,chr19,4547500,4623500,76000
142612,chr19,4547500,4793500,246000
142613,chr19,4547500,5052500,505000
142614,chr19,4678500,4958500,280000
142615,chr19,4679500,5019500,340000
142616,chr19,4694500,4793500,99000
142617,chr19,4804500,5018500,214000
142618,chr19,4805500,4958500,153000
142620,chr19,5143500,5190500,47000
142621,chr19,5214500,5326500,112000
142622,chr19,5214500,5399500,185000
142623,chr19,5246500,5327500,81000
142624,chr19,5579500,5831500,252000
142625,chr19,5579500,5777500,198000
142629,chr19,5852500,5896500,44000
142631,chr19,6015500,6093500,78000
142632,chr19,6015500,6175500,160000
142634,chr19,6315500,6381500,66000
142635,chr19,6540500,6702500,162000
142636,chr19,6539500,6914500,375000
142637,chr19,6540500,6653500,113000
142638,chr19,6541500,6627500,86000
142639,chr19,7034500,7244500,210000
142640,chr19,7044500,7173500,129000
142641,chr19,7043500,7322500,279000
142642,chr19,7044500,7139500,95000
142643,chr19,7212500,7322500,110000
142644,chr19,7254500,7321500,67000
142645,chr19,7506500,7572500,66000
142648,chr19,8555500,8659500,104000
142649,chr19,8797500,8944500,147000
142650,chr19,8835500,9087500,252000
142651,chr19,8882500,8938500,56000
142652,chr19,8954500,9086500,132000
142653,chr19,8969500,9059500,90000
142654,chr19,9893500,9968500,75000
142657,chr19,13959500,14057500,98000
142660,chr19,14366500,15012500,646000
142663,chr19,14427500,15012500,585000
142664,chr19,14575500,14768500,193000
142666,chr19,14575500,14654500,79000
142667,chr19,14575500,14813500,238000
142668,chr19,14576500,15012500,436000
142670,chr19,14654500,14768500,114000
142672,chr19,14770500,14812500,42000
142674,chr19,15626500,15779500,153000
142675,chr19,15844500,15942500,98000
142677,chr19,16041500,16308500,267000
142678,chr19,16042500,16534500,492000
142679,chr19,16041500,16576500,535000
142680,chr19,16106500,16238500,132000
142682,chr19,16335500,16507500,172000
142683,chr19,16335500,16535500,200000
142684,chr19,16412500,16535500,123000
142685,chr19,16412500,16575500,163000
142686,chr19,16780500,16962500,182000
142687,chr19,16781500,16852500,71000
142688,chr19,16780500,17007500,227000
142690,chr19,16879500,16961500,82000
142691,chr19,16879500,17007500,128000
142693,chr19,17102500,17365500,263000
142698,chr19,11990500,12176500,186000
142699,chr19,11992500,12399500,407000
142700,chr19,12111500,12399500,288000
142702,chr19,12409500,12569500,160000
142703,chr19,12444500,12569500,125000
142707,chr19,12709500,12772500,63000
142709,chr19,9892500,10012500,120000
142710,chr19,9892500,10177500,285000
142716,chr19,10236500,10309500,73000
142717,chr19,10236500,10413500,177000
142718,chr19,10236500,10463500,227000
142719,chr19,10311500,10413500,102000
142720,chr19,10312500,10463500,151000
142721,chr19,10317500,10370500,53000
142724,chr19,10427500,10463500,36000
142728,chr19,10603500,10878500,275000
142732,chr19,10691500,10836500,145000
142734,chr19,10692500,10808500,116000
142737,chr19,11161500,11328500,167000
142741,chr19,11586500,11928500,342000
142742,chr19,11587500,11744500,157000
142743,chr19,11587500,11844500,257000
142745,chr19,11751500,11985500,234000
142746,chr19,11754500,11797500,43000
142747,chr19,11755500,11892500,137000
142748,chr19,11755500,11844500,89000
142752,chr19,11756500,11916500,160000
142754,chr19,11796500,11985500,189000
142759,chr19,20340500,20411500,71000
142763,chr19,20775500,21348500,573000
142767,chr19,21015500,21348500,333000
142768,chr19,21015500,21250500,235000
142769,chr19,21351500,21487500,136000
142770,chr19,21351500,21541500,190000
142771,chr19,21351500,21725500,374000
142772,chr19,21548500,21724500,176000
142776,chr19,18585500,18689500,104000
142777,chr19,18608500,18648500,40000
142778,chr19,18608500,18690500,82000
142780,chr19,18617500,18811500,194000
142782,chr19,21731500,22282500,551000
142787,chr19,22315500,22608500,293000
142788,chr19,22314500,22861500,547000
142789,chr19,22529500,22861500,332000
142790,chr19,22892500,23159500,267000
142791,chr19,22892500,23202500,310000
142792,chr19,22892500,23501500,609000
142793,chr19,22893500,23350500,457000
142795,chr19,22993500,23202500,209000
142798,chr19,23068500,23114500,46000
142801,chr19,23210500,23501500,291000
142802,chr19,23554500,23749500,195000
142803,chr19,23554500,23937500,383000
142804,chr19,23665500,23736500,71000
142805,chr19,23736500,23939500,203000
142806,chr19,23838500,23938500,100000
142808,chr19,23876500,23937500,61000
142809,chr19,23838500,24249500,411000
142810,chr19,23939500,24248500,309000
142811,chr19,24078500,24248500,170000
142812,chr19,24130500,24249500,119000
142813,chr19,24171500,24242500,71000
142814,chr19,24196500,24242500,46000
142815,chr19,24263500,24862500,599000
142816,chr19,24279500,24612500,333000
142820,chr19,24935500,25312500,377000
142822,chr19,24936500,25428500,492000
142824,chr19,25109500,25311500,202000
142826,chr19,25110500,25195500,85000
142827,chr19,25110500,25283500,173000
142828,chr19,25318500,25613500,295000
142829,chr19,25318500,25422500,104000
142830,chr19,25453500,25601500,148000
142831,chr19,25454500,25494500,40000
142832,chr19,25523500,25604500,81000
142834,chr19,25557500,25602500,45000
142835,chr19,25586500,25648500,62000
142840,chr19,25651500,26159500,508000
142841,chr19,25690500,26158500,468000
142844,chr19,27194500,27406500,212000
142847,chr19,27427500,27660500,233000
142850,chr19,32104500,32297500,193000
142852,chr19,32147500,32298500,151000
142853,chr19,32148500,32366500,218000
142854,chr19,32498500,32622500,124000
142855,chr19,32499500,32667500,168000
142858,chr19,32694500,33204500,510000
142859,chr19,32695500,33244500,549000
142860,chr19,32694500,33343500,649000
142861,chr19,32703500,32932500,229000
142862,chr19,32728500,33204500,476000
142863,chr19,32734500,32934500,200000
142864,chr19,32807500,33203500,396000
142865,chr19,33096500,33203500,107000
142866,chr19,33206500,33343500,137000
142872,chr19,28141500,28737500,596000
142873,chr19,28142500,28508500,366000
142874,chr19,28142500,28704500,562000
142875,chr19,28143500,28342500,199000
142876,chr19,28525500,28703500,178000
142877,chr19,28524500,28736500,212000
142878,chr19,28537500,28611500,74000
142879,chr19,28537500,28656500,119000
142881,chr19,28753500,29332500,579000
142882,chr19,28754500,28860500,106000
142884,chr19,28952500,29015500,63000
142885,chr19,28952500,29333500,381000
142886,chr19,29041500,29231500,190000
142887,chr19,29041500,29333500,292000
142890,chr19,29042500,29187500,145000
142891,chr19,29231500,29332500,101000
142892,chr19,29336500,29479500,143000
142894,chr19,29804500,29924500,120000
142895,chr19,29802500,29956500,154000
142896,chr19,29803500,30023500,220000
142897,chr19,29802500,30183500,381000
142899,chr19,30194500,30531500,337000
142900,chr19,30226500,30532500,306000
142901,chr19,30273500,30531500,258000
142904,chr19,30405500,30532500,127000
142912,chr19,34221500,34311500,90000
142914,chr19,34221500,34526500,305000
142916,chr19,34312500,34614500,302000
142917,chr19,34526500,34614500,88000
142918,chr19,34525500,34750500,225000
142919,chr19,34643500,34750500,107000
142921,chr19,34803500,34855500,52000
142922,chr19,34803500,34899500,96000
142924,chr19,34909500,34948500,39000
142930,chr19,34970500,36060500,1090000
142932,chr19,36088500,36418500,330000
142933,chr19,36160500,36417500,257000
142934,chr19,36325500,36387500,62000
142935,chr19,36447500,36716500,269000
142936,chr19,36448500,36514500,66000
142937,chr19,36515500,36715500,200000
142938,chr19,36584500,36716500,132000
142940,chr19,36794500,36899500,105000
142941,chr19,36794500,37241500,447000
142942,chr19,36993500,37243500,250000
142943,chr19,37029500,37186500,157000
142944,chr19,37028500,37242500,214000
142946,chr19,37422500,37533500,111000
142948,chr19,37553500,37926500,373000
142949,chr19,37635500,37926500,291000
142951,chr19,37691500,37874500,183000
142952,chr19,37692500,37925500,233000
142962,chr19,40331500,40533500,202000
142963,chr19,40332500,40711500,379000
142964,chr19,40380500,40533500,153000
142965,chr19,40601500,40710500,109000
142966,chr19,40742500,40911500,169000
142967,chr19,40742500,41042500,300000
142969,chr19,40743500,41004500,261000
142970,chr19,41075500,41751500,676000
142971,chr19,41076500,41232500,156000
142972,chr19,41280500,41619500,339000
142973,chr19,41280500,41751500,471000
142974,chr19,41304500,41751500,447000
142978,chr19,37943500,38144500,201000
142979,chr19,37943500,38186500,243000
142985,chr19,38065500,38187500,122000
142986,chr19,38215500,38340500,125000
142987,chr19,38242500,38312500,70000
142988,chr19,38242500,38340500,98000
142989,chr19,38343500,38417500,74000
142990,chr19,38412500,38763500,351000
142992,chr19,38424500,38629500,205000
142993,chr19,38550500,38763500,213000
142994,chr19,38797500,38942500,145000
142997,chr19,47977500,48163500,186000
142999,chr19,48191500,48379500,188000
143001,chr19,41887500,42155500,268000
143003,chr19,41956500,42015500,59000
143004,chr19,42024500,42154500,130000
143007,chr19,42177500,42431500,254000
143008,chr19,42179500,42260500,81000
143009,chr19,42179500,42644500,465000
143010,chr19,42304500,42643500,339000
143011,chr19,42649500,42765500,116000
143013,chr19,42782500,43467500,685000
143015,chr19,42783500,43015500,232000
143016,chr19,42783500,43298500,515000
143017,chr19,42783500,43384500,601000
143018,chr19,43015500,43384500,369000
143019,chr19,43016500,43298500,282000
143020,chr19,43016500,43467500,451000
143021,chr19,43429500,43603500,174000
143023,chr19,43484500,43614500,130000
143024,chr19,43484500,43644500,160000
143028,chr19,43519500,43612500,93000
143029,chr19,43558500,43644500,86000
143030,chr19,43619500,43747500,128000
143031,chr19,43749500,43949500,200000
143032,chr19,43821500,43948500,127000
143037,chr19,45772500,46034500,262000
143039,chr19,45799500,46002500,203000
143041,chr19,46124500,46296500,172000
143043,chr19,46576500,46728500,152000
143044,chr19,46659500,46728500,69000
143045,chr19,46659500,46858500,199000
143046,chr19,46659500,46980500,321000
143050,chr19,46748500,46979500,231000
143051,chr19,46748500,46858500,110000
143052,chr19,46864500,46979500,115000
143055,chr19,47111500,47156500,45000
143056,chr19,47165500,47246500,81000
143057,chr19,47165500,47327500,162000
143062,chr19,47253500,47327500,74000
143063,chr19,47253500,47490500,237000
143064,chr19,47345500,47490500,145000
143065,chr19,47345500,47521500,176000
143066,chr19,47496500,47809500,313000
143067,chr19,47871500,47920500,49000
143074,chr19,44185500,44407500,222000
143075,chr19,44186500,44284500,98000
143076,chr19,44186500,44351500,165000
143077,chr19,44234500,44351500,117000
143078,chr19,44234500,44283500,49000
143080,chr19,44361500,44407500,46000
143082,chr19,44463500,44533500,70000
143083,chr19,44570500,44884500,314000
143084,chr19,44571500,44742500,171000
143085,chr19,44571500,44814500,243000
143087,chr19,44571500,45019500,448000
143094,chr19,44747500,44876500,129000
143096,chr19,44747500,44824500,77000
143099,chr19,45064500,45148500,84000
143101,chr19,45104500,45149500,45000
143102,chr19,45142500,45730500,588000
143103,chr19,45141500,45222500,81000
143105,chr19,45210500,45425500,215000
143106,chr19,45209500,45448500,239000
143107,chr19,45209500,45562500,353000
143108,chr19,45209500,45735500,526000
143109,chr19,45210500,45289500,79000
143110,chr19,45210500,45532500,322000
143112,chr19,45529500,45733500,204000
143113,chr19,45562500,45735500,173000
143116,chr19,45801500,45941500,140000
143122,chr19,52997500,53358500,361000
143123,chr19,53027500,53314500,287000
143124,chr19,53027500,53300500,273000
143126,chr19,53061500,53356500,295000
143128,chr19,53236500,53356500,120000
143129,chr19,53236500,53567500,331000
143130,chr19,53370500,53612500,242000
143131,chr19,53757500,53914500,157000
143132,chr19,53830500,53913500,83000
143133,chr19,55324500,56189500,865000
143135,chr19,56089500,56190500,101000
143137,chr19,56341500,56765500,424000
143138,chr19,56341500,56897500,556000
143139,chr19,56342500,56800500,458000
143140,chr19,56411500,56766500,355000
143141,chr19,56554500,56765500,211000
143142,chr19,56907500,57124500,217000
143143,chr19,56908500,57020500,112000
143144,chr19,56908500,57316500,408000
143145,chr19,57054500,57124500,70000
143146,chr19,57054500,57316500,262000
143147,chr19,57127500,57347500,220000
143148,chr19,57149500,57243500,94000
143149,chr19,57149500,57315500,166000
143150,chr19,57149500,57445500,296000
143151,chr19,57319500,57631500,312000
143152,chr19,57392500,57445500,53000
143153,chr19,57393500,57631500,238000
143154,chr19,57445500,57632500,187000
143155,chr19,57472500,57631500,159000
143157,chr19,54033500,54236500,203000
143158,chr19,54032500,54313500,281000
143161,chr19,54033500,55049500,1016000
143162,chr19,54033500,55193500,1160000
143166,chr19,55061500,55186500,125000
143168,chr19,55087500,55186500,99000
143169,chr19,55207500,55292500,85000
143170,chr19,55325500,55897500,572000
143171,chr19,55400500,55896500,496000
143172,chr19,55525500,55899500,374000
143173,chr19,55527500,55866500,339000
143177,chr19,57864500,58457500,593000
143179,chr19,57986500,58458500,472000
143180,chr19,57986500,58546500,560000
143182,chr19,58061500,58457500,396000
143183,chr19,58301500,58546500,245000
143184,chr19,58302500,58457500,155000
143186,chr19,58551500,58608500,57000
143187,chr19,58751500,58892500,141000
143189,chr19,58752500,59186500,434000
143190,chr19,58794500,59195500,401000
143191,chr19,58795500,58892500,97000
143192,chr19,58899500,59156500,257000
143193,chr19,58900500,59185500,285000
143194,chr19,58901500,59073500,172000
143195,chr19,59008500,59186500,178000
143196,chr19,59052500,59186500,134000
143197,chr19,59099500,59186500,87000
143199,chr19,59228500,59304500,76000
143201,chr19,59377500,60299500,922000
143203,chr19,59377500,60133500,756000
143204,chr19,59406500,60132500,726000
143206,chr19,59406500,60299500,893000
143207,chr19,59443500,60132500,689000
143208,chr19,59443500,60299500,856000
143209,chr19,59732500,60132500,400000
143210,chr19,59788500,60132500,344000
143211,chr19,60455500,60598500,143000
143213,chr19,60718500,61073500,355000
143216,chr19,60826500,61073500,247000
143218,chr19,60872500,61073500,201000
143225,chr2,3118500,3177500,59000
143227,chr2,3119500,3284500,165000
143228,chr2,3285500,3333500,48000
143229,chr2,3333500,3513500,180000
143240,chr2,4163500,4498500,335000
143241,chr2,4227500,4497500,270000
143242,chr2,4342500,4868500,526000
143243,chr2,4503500,4698500,195000
143244,chr2,4503500,4869500,366000
143245,chr2,4504500,4606500,102000
143246,chr2,4504500,4640500,136000
143247,chr2,4564500,4602500,38000
143249,chr2,4655500,4869500,214000
143251,chr2,4719500,4868500,149000
143252,chr2,4923500,4992500,69000
143257,chr2,5085500,5810500,725000
143258,chr2,5085500,5910500,825000
143259,chr2,5095500,5436500,341000
143262,chr2,5410500,5810500,400000
143263,chr2,5456500,5721500,265000
143264,chr2,5457500,5775500,318000
143265,chr2,5456500,5829500,373000
143266,chr2,5721500,5809500,88000
143271,chr2,9451500,9885500,434000
143272,chr2,6000500,6172500,172000
143273,chr2,6059500,6172500,113000
143274,chr2,6329500,6408500,79000
143278,chr2,8680500,10015500,1335000
143282,chr2,9888500,10014500,126000
143283,chr2,10041500,10292500,251000
143284,chr2,10105500,10293500,188000
143285,chr2,10147500,10292500,145000
143291,chr2,11118500,11271500,153000
143292,chr2,11335500,11677500,342000
143293,chr2,11336500,11426500,90000
143294,chr2,11336500,11506500,170000
143295,chr2,11336500,11573500,237000
143296,chr2,11336500,11607500,271000
143301,chr2,16711500,16919500,208000
143314,chr2,12714500,13242500,528000
143316,chr2,13294500,13811500,517000
143317,chr2,13295500,13541500,246000
143319,chr2,13677500,13810500,133000
143323,chr2,21963500,22611500,648000
143324,chr2,22512500,22634500,122000
143325,chr2,22524500,22754500,230000
143326,chr2,22580500,22754500,174000
143327,chr2,22648500,22754500,106000
143328,chr2,22815500,22982500,167000
143329,chr2,22852500,22981500,129000
143330,chr2,22959500,23045500,86000
143331,chr2,23097500,23449500,352000
143332,chr2,23205500,23449500,244000
143337,chr2,17854500,18105500,251000
143338,chr2,17855500,18030500,175000
143339,chr2,17942500,18068500,126000
143340,chr2,17947500,18031500,84000
143341,chr2,17948500,18105500,157000
143342,chr2,18033500,18105500,72000
143343,chr2,18032500,18209500,177000
143346,chr2,18613500,18680500,67000
143349,chr2,18702500,18771500,69000
143350,chr2,18877500,19280500,403000
143351,chr2,19243500,19349500,106000
143352,chr2,19420500,19524500,104000
143353,chr2,19421500,19730500,309000
143355,chr2,19533500,19731500,198000
143358,chr2,20281500,20784500,503000
143359,chr2,20281500,20819500,538000
143361,chr2,20420500,20671500,251000
143362,chr2,20420500,20783500,363000
143365,chr2,20553500,20672500,119000
143366,chr2,20599500,20671500,72000
143367,chr2,20681500,20772500,91000
143368,chr2,20852500,21266500,414000
143370,chr2,20901500,21265500,364000
143371,chr2,20903500,20962500,59000
143372,chr2,20903500,21192500,289000
143373,chr2,20973500,21210500,237000
143374,chr2,21286500,21409500,123000
143376,chr2,21286500,21914500,628000
143377,chr2,24187500,24296500,109000
143378,chr2,24187500,24458500,271000
143380,chr2,24248500,24458500,210000
143381,chr2,24299500,24458500,159000
143382,chr2,24299500,24646500,347000
143383,chr2,24380500,24458500,78000
143384,chr2,24464500,24645500,181000
143386,chr2,25083500,25146500,63000
143387,chr2,25083500,25220500,137000
143388,chr2,25165500,25220500,55000
143389,chr2,25312500,25386500,74000
143392,chr2,25726500,26163500,437000
143393,chr2,25872500,26031500,159000
143394,chr2,25913500,26031500,118000
143395,chr2,25945500,26031500,86000
143396,chr2,26044500,26163500,119000
143397,chr2,26044500,26117500,73000
143398,chr2,26044500,26458500,414000
143399,chr2,26215500,26457500,242000
143400,chr2,26299500,26459500,160000
143404,chr2,26349500,26393500,44000
143406,chr2,26485500,26928500,443000
143407,chr2,26531500,26855500,324000
143411,chr2,26536500,26928500,392000
143412,chr2,26537500,27126500,589000
143415,chr2,26820500,27126500,306000
143416,chr2,26933500,27126500,193000
143417,chr2,26966500,27126500,160000
143418,chr2,27170500,27655500,485000
143420,chr2,27176500,27319500,143000
143423,chr2,27383500,27654500,271000
143424,chr2,27441500,27777500,336000
143425,chr2,27442500,27863500,421000
143426,chr2,27443500,27654500,211000
143427,chr2,27443500,27789500,346000
143428,chr2,27567500,27630500,63000
143429,chr2,27662500,27777500,115000
143430,chr2,27661500,27789500,128000
143431,chr2,27661500,27863500,202000
143433,chr2,31807500,32021500,214000
143434,chr2,32025500,32179500,154000
143435,chr2,32294500,32376500,82000
143436,chr2,32294500,32456500,162000
143437,chr2,32379500,32456500,77000
143438,chr2,32474500,32580500,106000
143439,chr2,32473500,32745500,272000
143441,chr2,32522500,32579500,57000
143442,chr2,32603500,32646500,43000
143443,chr2,32603500,32746500,143000
143444,chr2,32670500,32745500,75000
143445,chr2,32669500,32818500,149000
143447,chr2,32753500,32818500,65000
143451,chr2,32873500,33261500,388000
143452,chr2,32879500,33291500,412000
143453,chr2,32880500,33021500,141000
143454,chr2,32880500,33238500,358000
143455,chr2,32967500,33238500,271000
143456,chr2,32968500,33291500,323000
143457,chr2,33045500,33238500,193000
143458,chr2,33045500,33292500,247000
143459,chr2,33109500,33238500,129000
143460,chr2,33377500,33448500,71000
143461,chr2,33377500,33533500,156000
143462,chr2,33377500,33625500,248000
143464,chr2,33572500,33625500,53000
143465,chr2,33636500,33754500,118000
143466,chr2,33636500,33808500,172000
143467,chr2,33636500,33847500,211000
143468,chr2,33712500,33808500,96000
143469,chr2,33712500,33847500,135000
143470,chr2,29790500,30212500,422000
143471,chr2,29996500,30051500,55000
143472,chr2,29996500,30160500,164000
143474,chr2,30067500,30160500,93000
143475,chr2,30328500,30823500,495000
143476,chr2,30328500,30683500,355000
143477,chr2,30327500,30719500,392000
143479,chr2,30362500,30646500,284000
143480,chr2,30362500,30608500,246000
143481,chr2,30438500,30683500,245000
143482,chr2,30718500,30824500,106000
143484,chr2,30780500,30824500,44000
143486,chr2,30914500,31040500,126000
143487,chr2,30950500,31039500,89000
143489,chr2,31373500,31557500,184000
143490,chr2,31373500,31675500,302000
143491,chr2,31373500,31803500,430000
143493,chr2,31571500,31888500,317000
143494,chr2,31574500,31803500,229000
143495,chr2,31589500,31674500,85000
143496,chr2,31705500,31803500,98000
143497,chr2,27661500,28262500,601000
143498,chr2,27661500,28009500,348000
143499,chr2,27661500,28093500,432000
143500,chr2,27661500,28309500,648000
143503,chr2,27816500,28308500,492000
143504,chr2,27874500,28309500,435000
143505,chr2,28094500,28195500,101000
143506,chr2,28094500,28263500,169000
143507,chr2,28094500,28309500,215000
143508,chr2,28406500,28473500,67000
143510,chr2,28529500,28944500,415000
143512,chr2,28645500,28803500,158000
143513,chr2,28645500,28866500,221000
143514,chr2,28646500,28943500,297000
143516,chr2,28814500,28866500,52000
143517,chr2,28814500,28942500,128000
143521,chr2,28966500,29017500,51000
143524,chr2,29090500,29444500,354000
143525,chr2,29089500,29493500,404000
143526,chr2,29655500,29749500,94000
143527,chr2,29655500,29867500,212000
143528,chr2,29707500,29749500,42000
143530,chr2,37705500,38266500,561000
143532,chr2,37815500,38266500,451000
143534,chr2,38244500,38601500,357000
143535,chr2,38321500,38484500,163000
143536,chr2,38321500,38548500,227000
143537,chr2,38372500,38482500,110000
143538,chr2,38551500,38629500,78000
143539,chr2,38551500,38753500,202000
143540,chr2,38687500,38754500,67000
143541,chr2,38687500,38887500,200000
143542,chr2,38817500,38888500,71000
143543,chr2,38896500,39080500,184000
143544,chr2,38897500,38955500,58000
143545,chr2,38897500,39116500,219000
143546,chr2,38918500,39263500,345000
143548,chr2,35822500,36103500,281000
143549,chr2,35873500,36103500,230000
143550,chr2,35899500,36103500,204000
143551,chr2,35899500,36166500,267000
143553,chr2,36105500,36166500,61000
143554,chr2,37270500,37375500,105000
143555,chr2,37407500,37661500,254000
143557,chr2,37528500,37662500,134000
143558,chr2,37593500,37658500,65000
143559,chr2,37705500,37838500,133000
143563,chr2,33863500,34410500,547000
143564,chr2,33864500,34531500,667000
143565,chr2,33916500,34531500,615000
143566,chr2,34139500,34533500,394000
143567,chr2,34262500,34532500,270000
143568,chr2,34295500,34531500,236000
143569,chr2,34717500,34998500,281000
143570,chr2,34730500,34860500,130000
143571,chr2,34937500,34997500,60000
143572,chr2,35104500,35263500,159000
143573,chr2,35105500,35160500,55000
143574,chr2,35183500,35262500,79000
143577,chr2,35433500,35624500,191000
143578,chr2,35434500,35523500,89000
143579,chr2,35540500,35796500,256000
143580,chr2,35540500,35623500,83000
143581,chr2,43564500,43792500,228000
143582,chr2,43612500,43742500,130000
143583,chr2,43612500,43792500,180000
143584,chr2,44817500,45000500,183000
143591,chr2,48799500,49202500,403000
143592,chr2,48799500,49625500,826000
143593,chr2,49201500,49624500,423000
143595,chr2,49249500,49623500,374000
143596,chr2,49251500,49340500,89000
143597,chr2,49340500,49620500,280000
143600,chr2,56005500,57809500,1804000
143602,chr2,57007500,57126500,119000
143604,chr2,57010500,57206500,196000
143610,chr2,54991500,55194500,203000
143613,chr2,52110500,52495500,385000
143614,chr2,52151500,52297500,146000
143615,chr2,52152500,52495500,343000
143617,chr2,52523500,52632500,109000
143618,chr2,52647500,53012500,365000
143619,chr2,52649500,52974500,325000
143620,chr2,52650500,52838500,188000
143621,chr2,52652500,52897500,245000
143622,chr2,52748500,52849500,101000
143623,chr2,52839500,52974500,135000
143624,chr2,52898500,52973500,75000
143626,chr2,49655500,50162500,507000
143628,chr2,49861500,50162500,301000
143629,chr2,49907500,50161500,254000
143630,chr2,49956500,50154500,198000
143636,chr2,50759500,51039500,280000
143639,chr2,51432500,51720500,288000
143640,chr2,51432500,51804500,372000
143641,chr2,51479500,51719500,240000
143642,chr2,51825500,51961500,136000
143645,chr2,58089500,58305500,216000
143647,chr2,58089500,58557500,468000
143648,chr2,58305500,58558500,253000
143649,chr2,58368500,58455500,87000
143650,chr2,58367500,58556500,189000
143652,chr2,58590500,58915500,325000
143653,chr2,58627500,59269500,642000
143654,chr2,58627500,58914500,287000
143657,chr2,59371500,59977500,606000
143658,chr2,59372500,59576500,204000
143659,chr2,59372500,59682500,310000
143660,chr2,59450500,59576500,126000
143661,chr2,59875500,59977500,102000
143667,chr2,64795500,64952500,157000
143670,chr2,64855500,64951500,96000
143671,chr2,64975500,65163500,188000
143672,chr2,64976500,65223500,247000
143673,chr2,65227500,65450500,223000
143674,chr2,65226500,65498500,272000
143675,chr2,65226500,65622500,396000
143678,chr2,65243500,65397500,154000
143686,chr2,62118500,62288500,170000
143687,chr2,62177500,62288500,111000
143690,chr2,62380500,62457500,77000
143693,chr2,59876500,60031500,155000
143694,chr2,60184500,60247500,63000
143701,chr2,60637500,60708500,71000
143702,chr2,60712500,60792500,80000
143706,chr2,61487500,61644500,157000
143708,chr2,66087500,66239500,152000
143710,chr2,66166500,66239500,73000
143714,chr2,66350500,66474500,124000
143720,chr2,67951500,68180500,229000
143721,chr2,68051500,68180500,129000
143722,chr2,68079500,68126500,47000
143723,chr2,68195500,68301500,106000
143725,chr2,68393500,68586500,193000
143730,chr2,68614500,68931500,317000
143732,chr2,68615500,69258500,643000
143734,chr2,68691500,68878500,187000
143735,chr2,69106500,69258500,152000
143736,chr2,69350500,69450500,100000
143739,chr2,69465500,69609500,144000
143740,chr2,69465500,69711500,246000
143741,chr2,69552500,69619500,67000
143742,chr2,69574500,69699500,125000
143747,chr2,71868500,72050500,182000
143748,chr2,71869500,72220500,351000
143751,chr2,71926500,72050500,124000
143753,chr2,72065500,72220500,155000
143763,chr2,72559500,72888500,329000
143764,chr2,72806500,72889500,83000
143765,chr2,72810500,73106500,296000
143767,chr2,72997500,73108500,111000
143768,chr2,73302500,73369500,67000
143769,chr2,73403500,73698500,295000
143770,chr2,73414500,73698500,284000
143771,chr2,73415500,73603500,188000
143776,chr2,69867500,70390500,523000
143777,chr2,69957500,70055500,98000
143778,chr2,69957500,70390500,433000
143779,chr2,69957500,70450500,493000
143780,chr2,70057500,70306500,249000
143783,chr2,70305500,70392500,87000
143784,chr2,70397500,70449500,52000
143786,chr2,70534500,70870500,336000
143787,chr2,70610500,70870500,260000
143788,chr2,70985500,71072500,87000
143789,chr2,70985500,71174500,189000
143790,chr2,71280500,71407500,127000
143791,chr2,71280500,71378500,98000
143792,chr2,71411500,71786500,375000
143793,chr2,71429500,71645500,216000
143794,chr2,71483500,71641500,158000
143795,chr2,71567500,71643500,76000
143796,chr2,71682500,71786500,104000
143798,chr2,71796500,71865500,69000
143799,chr2,71869500,71979500,110000
143800,chr2,71927500,71979500,52000
143805,chr2,80411500,80469500,58000
143808,chr2,77879500,78744500,865000
143811,chr2,78762500,79095500,333000
143813,chr2,79200500,79287500,87000
143814,chr2,79202500,79329500,127000
143815,chr2,79202500,79476500,274000
143817,chr2,79342500,79477500,135000
143818,chr2,79343500,79604500,261000
143819,chr2,79397500,79465500,68000
143821,chr2,75949500,76119500,170000
143827,chr2,76505500,76636500,131000
143828,chr2,76697500,76799500,102000
143829,chr2,76759500,77172500,413000
143831,chr2,76801500,77034500,233000
143832,chr2,76801500,77172500,371000
143834,chr2,76801500,77539500,738000
143835,chr2,76892500,77034500,142000
143836,chr2,76892500,77171500,279000
143837,chr2,77026500,77172500,146000
143838,chr2,77081500,77171500,90000
143839,chr2,77174500,77539500,365000
143841,chr2,77216500,77539500,323000
143842,chr2,77287500,77538500,251000
143843,chr2,77288500,77470500,182000
143846,chr2,73401500,74503500,1102000
143849,chr2,73796500,74492500,696000
143853,chr2,73897500,74077500,180000
143854,chr2,73897500,74128500,231000
143855,chr2,73898500,74492500,594000
143857,chr2,74130500,74493500,363000
143858,chr2,74402500,74484500,82000
143860,chr2,74533500,74968500,435000
143861,chr2,74533500,75142500,609000
143863,chr2,74533500,75419500,886000
143864,chr2,74546500,74794500,248000
143865,chr2,74546500,74885500,339000
143866,chr2,74592500,74884500,292000
143867,chr2,74808500,74967500,159000
143868,chr2,74983500,75142500,159000
143869,chr2,75018500,75419500,401000
143870,chr2,75019500,75142500,123000
143871,chr2,75146500,75419500,273000
143872,chr2,75436500,75710500,274000
143873,chr2,75435500,75945500,510000
143874,chr2,75436500,75612500,176000
143875,chr2,75436500,75899500,463000
143876,chr2,75463500,75601500,138000
143881,chr2,75618500,75795500,177000
143882,chr2,75617500,75944500,327000
143883,chr2,75618500,75710500,92000
143886,chr2,75713500,75900500,187000
143887,chr2,75714500,75795500,81000
143889,chr2,75818500,75945500,127000
143893,chr2,83170500,83454500,284000
143894,chr2,83491500,83601500,110000
143895,chr2,83529500,83601500,72000
143896,chr2,85556500,86295500,739000
143898,chr2,87310500,87457500,147000
143899,chr2,87312500,87360500,48000
143902,chr2,84286500,84492500,206000
143903,chr2,84412500,84492500,80000
143906,chr2,84570500,84628500,58000
143907,chr2,84663500,84718500,55000
143909,chr2,84852500,85076500,224000
143911,chr2,84954500,85076500,122000
143914,chr2,90304500,90455500,151000
143915,chr2,90304500,90506500,202000
143916,chr2,90863500,90931500,68000
143920,chr2,90945500,91024500,79000
143921,chr2,90945500,91067500,122000
143922,chr2,90945500,91312500,367000
143923,chr2,91116500,91311500,195000
143925,chr2,91759500,91888500,129000
143926,chr2,91817500,91888500,71000
143928,chr2,93867500,94075500,208000
143929,chr2,93866500,94121500,255000
143931,chr2,94301500,94595500,294000
143933,chr2,91761500,92203500,442000
143934,chr2,91762500,92263500,501000
143935,chr2,91806500,92289500,483000
143936,chr2,91818500,92156500,338000
143938,chr2,91817500,92316500,499000
143939,chr2,92127500,92268500,141000
143940,chr2,92203500,92265500,62000
143941,chr2,92317500,92428500,111000
143942,chr2,92316500,92641500,325000
143943,chr2,92316500,92670500,354000
143944,chr2,92316500,92713500,397000
143946,chr2,92738500,92784500,46000
143947,chr2,92736500,92893500,157000
143948,chr2,92736500,93027500,291000
143951,chr2,92899500,93248500,349000
143952,chr2,92900500,93028500,128000
143954,chr2,93046500,93301500,255000
143955,chr2,93047500,93248500,201000
143956,chr2,93057500,93163500,106000
143958,chr2,93246500,93640500,394000
143959,chr2,93248500,93301500,53000
143961,chr2,93305500,93641500,336000
143962,chr2,93306500,93489500,183000
143963,chr2,93701500,93774500,73000
143964,chr2,93701500,93832500,131000
143965,chr2,101302500,101483500,181000
143966,chr2,101356500,101483500,127000
143967,chr2,101496500,101701500,205000
143969,chr2,101736500,102120500,384000
143970,chr2,101736500,102283500,547000
143971,chr2,101737500,102032500,295000
143972,chr2,101861500,102283500,422000
143973,chr2,101907500,102120500,213000
143974,chr2,101922500,102031500,109000
143975,chr2,102231500,102281500,50000
143977,chr2,102514500,102843500,329000
143978,chr2,102513500,102914500,401000
143979,chr2,102574500,102843500,269000
143980,chr2,102635500,102843500,208000
143981,chr2,102917500,103255500,338000
143982,chr2,102917500,103177500,260000
143984,chr2,102961500,103177500,216000
143985,chr2,103287500,103377500,90000
143986,chr2,103287500,103549500,262000
143988,chr2,103394500,103575500,181000
143989,chr2,103395500,103548500,153000
143991,chr2,103625500,103823500,198000
143992,chr2,103865500,103961500,96000
143993,chr2,103865500,104252500,387000
143995,chr2,103965500,104204500,239000
143997,chr2,103965500,104252500,287000
143998,chr2,103965500,104404500,439000
143999,chr2,104275500,104404500,129000
144001,chr2,104515500,104581500,66000
144002,chr2,104718500,105061500,343000
144003,chr2,104808500,105058500,250000
144004,chr2,104847500,104958500,111000
144005,chr2,104847500,105018500,171000
144008,chr2,105088500,105258500,170000
144009,chr2,105165500,105258500,93000
144011,chr2,105198500,105258500,60000
144012,chr2,105354500,105630500,276000
144013,chr2,105353500,105738500,385000
144014,chr2,105353500,105912500,559000
144015,chr2,105354500,105497500,143000
144017,chr2,105446500,105630500,184000
144018,chr2,105446500,105736500,290000
144019,chr2,105505500,105736500,231000
144020,chr2,105517500,105735500,218000
144021,chr2,108520500,109524500,1004000
144022,chr2,108707500,109525500,818000
144026,chr2,109734500,110035500,301000
144028,chr2,109893500,110036500,143000
144033,chr2,110821500,110888500,67000
144035,chr2,105164500,106024500,860000
144037,chr2,105354500,106024500,670000
144042,chr2,106261500,106524500,263000
144043,chr2,106261500,106787500,526000
144044,chr2,106523500,106785500,262000
144045,chr2,106525500,106653500,128000
144047,chr2,106913500,107709500,796000
144051,chr2,112094500,112284500,190000
144052,chr2,112094500,112325500,231000
144053,chr2,112095500,112198500,103000
144056,chr2,112328500,112507500,179000
144057,chr2,112349500,112597500,248000
144058,chr2,112630500,113026500,396000
144059,chr2,112630500,113065500,435000
144061,chr2,113221500,113300500,79000
144063,chr2,113667500,113978500,311000
144064,chr2,113797500,113975500,178000
144071,chr2,115345500,115900500,555000
144074,chr2,115411500,115553500,142000
144075,chr2,115553500,115896500,343000
144077,chr2,115686500,115932500,246000
144079,chr2,115688500,115893500,205000
144087,chr2,116727500,117062500,335000
144088,chr2,116728500,117269500,541000
144089,chr2,116729500,116951500,222000
144090,chr2,116729500,117011500,282000
144091,chr2,116730500,116806500,76000
144092,chr2,116807500,116951500,144000
144093,chr2,117011500,117060500,49000
144094,chr2,117094500,117269500,175000
144095,chr2,117172500,117270500,98000
144096,chr2,117372500,117455500,83000
144097,chr2,117372500,117941500,569000
144098,chr2,117618500,117941500,323000
144099,chr2,117372500,118073500,701000
144102,chr2,117943500,118073500,130000
144103,chr2,118031500,118073500,42000
144104,chr2,118092500,118312500,220000
144105,chr2,118094500,118166500,72000
144106,chr2,118093500,118436500,343000
144108,chr2,118093500,118590500,497000
144110,chr2,118094500,118262500,168000
144111,chr2,118317500,118590500,273000
144112,chr2,118317500,118377500,60000
144113,chr2,118317500,118526500,209000
144114,chr2,118317500,118714500,397000
144115,chr2,118318500,118435500,117000
144117,chr2,118376500,118432500,56000
144119,chr2,118469500,118713500,244000
144120,chr2,118469500,118526500,57000
144121,chr2,118533500,118576500,43000
144122,chr2,118533500,118729500,196000
144123,chr2,118533500,118806500,273000
144126,chr2,118594500,118714500,120000
144128,chr2,118731500,118805500,74000
144129,chr2,118855500,119019500,164000
144132,chr2,119081500,119118500,37000
144133,chr2,119081500,119339500,258000
144134,chr2,119129500,119267500,138000
144135,chr2,119130500,119340500,210000
144137,chr2,119267500,119339500,72000
144139,chr2,119618500,119728500,110000
144140,chr2,119629500,119907500,278000
144141,chr2,119674500,119729500,55000
144143,chr2,119801500,119987500,186000
144144,chr2,119802500,119909500,107000
144145,chr2,120017500,120110500,93000
144147,chr2,120309500,120451500,142000
144148,chr2,120309500,120696500,387000
144154,chr2,120816500,120932500,116000
144155,chr2,120871500,120932500,61000
144156,chr2,121009500,121226500,217000
144157,chr2,121402500,121526500,124000
144158,chr2,121402500,121620500,218000
144160,chr2,121402500,121662500,260000
144161,chr2,121402500,121852500,450000
144166,chr2,124898500,125030500,132000
144167,chr2,124964500,125089500,125000
144168,chr2,125104500,125399500,295000
144169,chr2,125105500,125446500,341000
144170,chr2,125107500,125336500,229000
144171,chr2,125501500,125666500,165000
144173,chr2,125501500,125875500,374000
144174,chr2,125502500,125573500,71000
144175,chr2,125735500,125875500,140000
144176,chr2,125778500,125875500,97000
144180,chr2,121899500,122133500,234000
144181,chr2,121900500,122074500,174000
144184,chr2,122064500,122199500,135000
144186,chr2,122143500,122195500,52000
144188,chr2,122211500,122459500,248000
144190,chr2,122211500,122509500,298000
144200,chr2,125735500,126205500,470000
144205,chr2,126437500,126624500,187000
144206,chr2,126437500,126848500,411000
144207,chr2,126439500,126504500,65000
144208,chr2,126551500,126851500,300000
144209,chr2,126610500,126849500,239000
144211,chr2,126718500,126775500,57000
144212,chr2,126864500,127046500,182000
144213,chr2,127008500,127183500,175000
144216,chr2,127092500,127182500,90000
144217,chr2,127304500,127526500,222000
144218,chr2,127304500,127400500,96000
144219,chr2,127348500,127525500,177000
144220,chr2,127349500,127400500,51000
144221,chr2,127403500,127525500,122000
144226,chr2,127675500,128252500,577000
144228,chr2,127681500,128410500,729000
144230,chr2,127731500,128251500,520000
144231,chr2,127731500,128415500,684000
144232,chr2,127779500,128415500,636000
144234,chr2,127921500,128237500,316000
144235,chr2,127964500,128237500,273000
144237,chr2,128254500,128414500,160000
144238,chr2,128462500,128515500,53000
144239,chr2,128539500,128898500,359000
144240,chr2,128539500,128658500,119000
144241,chr2,128659500,128905500,246000
144242,chr2,128723500,128897500,174000
144243,chr2,128723500,129100500,377000
144244,chr2,128789500,128898500,109000
144245,chr2,128851500,129100500,249000
144246,chr2,128920500,129277500,357000
144247,chr2,128920500,129100500,180000
144252,chr2,129108500,129313500,205000
144253,chr2,129343500,129556500,213000
144256,chr2,129430500,129642500,212000
144258,chr2,129516500,129715500,199000
144260,chr2,135991500,136291500,300000
144261,chr2,135992500,136326500,334000
144262,chr2,135991500,136438500,447000
144264,chr2,135992500,136400500,408000
144265,chr2,136328500,136399500,71000
144272,chr2,136733500,136958500,225000
144280,chr2,134391500,135170500,779000
144284,chr2,134626500,135167500,541000
144287,chr2,134850500,135168500,318000
144289,chr2,135203500,135981500,778000
144291,chr2,135230500,135503500,273000
144292,chr2,135230500,135799500,569000
144297,chr2,135399500,135495500,96000
144298,chr2,135402500,135456500,54000
144300,chr2,135809500,135981500,172000
144301,chr2,135844500,135981500,137000
144302,chr2,131661500,132082500,421000
144303,chr2,131825500,132082500,257000
144304,chr2,131983500,132082500,99000
144305,chr2,131985500,132053500,68000
144309,chr2,132231500,132747500,516000
144310,chr2,132358500,132558500,200000
144311,chr2,132358500,132747500,389000
144313,chr2,132688500,132746500,58000
144327,chr2,129747500,130008500,261000
144328,chr2,129747500,130089500,342000
144329,chr2,130020500,130116500,96000
144330,chr2,130135500,130204500,69000
144331,chr2,130134500,130253500,119000
144332,chr2,130136500,130419500,283000
144333,chr2,130656500,130792500,136000
144334,chr2,130803500,131368500,565000
144335,chr2,130804500,131259500,455000
144336,chr2,130898500,130985500,87000
144337,chr2,130897500,131194500,297000
144338,chr2,130898500,131096500,198000
144339,chr2,130898500,131258500,360000
144340,chr2,130898500,131369500,471000
144341,chr2,130936500,131258500,322000
144342,chr2,130937500,131095500,158000
144343,chr2,130937500,131369500,432000
144344,chr2,131022500,131096500,74000
144346,chr2,131266500,131653500,387000
144347,chr2,131387500,131612500,225000
144348,chr2,131387500,131653500,266000
144349,chr2,131596500,131649500,53000
144350,chr2,131662500,131780500,118000
144352,chr2,131662500,131824500,162000
144353,chr2,131662500,131979500,317000
144355,chr2,140013500,140237500,224000
144356,chr2,140027500,140269500,242000
144357,chr2,139223500,139421500,198000
144360,chr2,139433500,139564500,131000
144363,chr2,139620500,139808500,188000
144365,chr2,142446500,142654500,208000
144366,chr2,142702500,142769500,67000
144367,chr2,142701500,142935500,234000
144368,chr2,142744500,142905500,161000
144369,chr2,142810500,142935500,125000
144371,chr2,142956500,143618500,662000
144372,chr2,142956500,143677500,721000
144374,chr2,142957500,143551500,594000
144377,chr2,143679500,143822500,143000
144378,chr2,143709500,143787500,78000
144379,chr2,143679500,144128500,449000
144380,chr2,143709500,144058500,349000
144381,chr2,143851500,144058500,207000
144383,chr2,143852500,144007500,155000
144384,chr2,144191500,144294500,103000
144387,chr2,145005500,145359500,354000
144388,chr2,145005500,145430500,425000
144389,chr2,145004500,145134500,130000
144390,chr2,145004500,145300500,296000
144392,chr2,145541500,145726500,185000
144393,chr2,145542500,145637500,95000
144394,chr2,145654500,145725500,71000
144397,chr2,147964500,148414500,450000
144400,chr2,148217500,148496500,279000
144401,chr2,148217500,148413500,196000
144402,chr2,148521500,148717500,196000
144405,chr2,148693500,148744500,51000
144409,chr2,149396500,149866500,470000
144411,chr2,149673500,149824500,151000
144415,chr2,145763500,146255500,492000
144416,chr2,145799500,146055500,256000
144417,chr2,145799500,146098500,299000
144418,chr2,145799500,146226500,427000
144419,chr2,145799500,146256500,457000
144421,chr2,145891500,146257500,366000
144422,chr2,145903500,146147500,244000
144423,chr2,145905500,146062500,157000
144424,chr2,146057500,146256500,199000
144426,chr2,146063500,146143500,80000
144430,chr2,146311500,146454500,143000
144432,chr2,146463500,147019500,556000
144433,chr2,146463500,147148500,685000
144434,chr2,146463500,146800500,337000
144435,chr2,146463500,147097500,634000
144436,chr2,146474500,146678500,204000
144437,chr2,146477500,146740500,263000
144439,chr2,146678500,147028500,350000
144442,chr2,146801500,147148500,347000
144443,chr2,146801500,147019500,218000
144444,chr2,146802500,146876500,74000
144445,chr2,146926500,147023500,97000
144448,chr2,147022500,147148500,126000
144450,chr2,147026500,147207500,181000
144452,chr2,147030500,147207500,177000
144456,chr2,147099500,147147500,48000
144457,chr2,147163500,147531500,368000
144458,chr2,147163500,147579500,416000
144459,chr2,147163500,147631500,468000
144460,chr2,147207500,147886500,679000
144461,chr2,147220500,147580500,360000
144462,chr2,147221500,147630500,409000
144464,chr2,147649500,147891500,242000
144465,chr2,147649500,147924500,275000
144466,chr2,147649500,147953500,304000
144467,chr2,147689500,147890500,201000
144468,chr2,147689500,147952500,263000
144477,chr2,150451500,150590500,139000
144478,chr2,150452500,150515500,63000
144480,chr2,150520500,150637500,117000
144481,chr2,150521500,150584500,63000
144482,chr2,150604500,150843500,239000
144483,chr2,150645500,150843500,198000
144484,chr2,151589500,151836500,247000
144485,chr2,151590500,151707500,117000
144486,chr2,151772500,151836500,64000
144487,chr2,151872500,151932500,60000
144488,chr2,151773500,152209500,436000
144491,chr2,151871500,152133500,262000
144495,chr2,152235500,152279500,44000
144496,chr2,152458500,152674500,216000
144499,chr2,152536500,152674500,138000
144500,chr2,152538500,152583500,45000
144501,chr2,152609500,152672500,63000
144502,chr2,152756500,152896500,140000
144503,chr2,152756500,152985500,229000
144505,chr2,152923500,152985500,62000
144506,chr2,152989500,153257500,268000
144507,chr2,152989500,153305500,316000
144509,chr2,153001500,153428500,427000
144511,chr2,153059500,153256500,197000
144513,chr2,153256500,153428500,172000
144515,chr2,153649500,153771500,122000
144528,chr2,160256500,160420500,164000
144529,chr2,160440500,160559500,119000
144530,chr2,160441500,160635500,194000
144531,chr2,160440500,160728500,288000
144532,chr2,160440500,160784500,344000
144533,chr2,160441500,160698500,257000
144534,chr2,160572500,160728500,156000
144535,chr2,160573500,160715500,142000
144536,chr2,160951500,161019500,68000
144540,chr2,157447500,158100500,653000
144542,chr2,157447500,158046500,599000
144543,chr2,157448500,158186500,738000
144545,chr2,157890500,158045500,155000
144547,chr2,158049500,158190500,141000
144548,chr2,158220500,158483500,263000
144550,chr2,158391500,158470500,79000
144551,chr2,158569500,158705500,136000
144552,chr2,158754500,158893500,139000
144553,chr2,158754500,159006500,252000
144554,chr2,158896500,159006500,110000
144556,chr2,154028500,154136500,108000
144558,chr2,154054500,154216500,162000
144559,chr2,154056500,154136500,80000
144560,chr2,154256500,154382500,126000
144561,chr2,154255500,154428500,173000
144562,chr2,154269500,154308500,39000
144564,chr2,154544500,154696500,152000
144565,chr2,154554500,154616500,62000
144566,chr2,154554500,154785500,231000
144567,chr2,154762500,154812500,50000
144570,chr2,155323500,155606500,283000
144571,chr2,155324500,155465500,141000
144572,chr2,155357500,155466500,109000
144573,chr2,155358500,155426500,68000
144574,chr2,155470500,155606500,136000
144576,chr2,155514500,155607500,93000
144579,chr2,155673500,155791500,118000
144580,chr2,155805500,155984500,179000
144586,chr2,156371500,156547500,176000
144587,chr2,156426500,156547500,121000
144588,chr2,156454500,156547500,93000
144589,chr2,156715500,156838500,123000
144590,chr2,156885500,156936500,51000
144591,chr2,157132500,157413500,281000
144592,chr2,157182500,157412500,230000
144593,chr2,157218500,157261500,43000
144596,chr2,157447500,157832500,385000
144597,chr2,157587500,157832500,245000
144600,chr2,162764500,162840500,76000
144601,chr2,162764500,163172500,408000
144603,chr2,162767500,163047500,280000
144604,chr2,162774500,162896500,122000
144606,chr2,162775500,162931500,156000
144607,chr2,162810500,163172500,362000
144608,chr2,162840500,162932500,92000
144609,chr2,162840500,163172500,332000
144612,chr2,162943500,163046500,103000
144613,chr2,162943500,163172500,229000
144616,chr2,163049500,163172500,123000
144617,chr2,163095500,163172500,77000
144618,chr2,163182500,163242500,60000
144621,chr2,163262500,163314500,52000
144622,chr2,163375500,163440500,65000
144623,chr2,163374500,163665500,291000
144624,chr2,163375500,163561500,186000
144626,chr2,163443500,163561500,118000
144627,chr2,163945500,164030500,85000
144630,chr2,164259500,164360500,101000
144631,chr2,164259500,164406500,147000
144632,chr2,164260500,164300500,40000
144633,chr2,164302500,164361500,59000
144635,chr2,164434500,164567500,133000
144636,chr2,164520500,164568500,48000
144637,chr2,164627500,164718500,91000
144638,chr2,164687500,164737500,50000
144639,chr2,164913500,165241500,328000
144640,chr2,164915500,165203500,288000
144641,chr2,164916500,165328500,412000
144642,chr2,164917500,165116500,199000
144643,chr2,164917500,165076500,159000
144645,chr2,165371500,165558500,187000
144646,chr2,165371500,165593500,222000
144648,chr2,165623500,165756500,133000
144649,chr2,165667500,165755500,88000
144652,chr2,167957500,168047500,90000
144653,chr2,167996500,168047500,51000
144654,chr2,168092500,168470500,378000
144655,chr2,168092500,168287500,195000
144656,chr2,168093500,168720500,627000
144657,chr2,168311500,168720500,409000
144658,chr2,168312500,168470500,158000
144659,chr2,168521500,168583500,62000
144660,chr2,168521500,168719500,198000
144662,chr2,168534500,168582500,48000
144663,chr2,168583500,168713500,130000
144664,chr2,168746500,168821500,75000
144667,chr2,168903500,168950500,47000
144668,chr2,168903500,169690500,787000
144669,chr2,168903500,169942500,1039000
144670,chr2,168904500,169602500,698000
144672,chr2,169901500,169942500,41000
144677,chr2,165926500,166325500,399000
144679,chr2,165930500,166626500,696000
144680,chr2,165939500,166181500,242000
144681,chr2,165939500,166282500,343000
144683,chr2,166027500,166405500,378000
144684,chr2,166417500,166698500,281000
144685,chr2,166417500,166729500,312000
144686,chr2,166434500,166623500,189000
144687,chr2,166774500,166877500,103000
144688,chr2,166798500,166846500,48000
144691,chr2,166913500,167060500,147000
144695,chr2,166954500,167059500,105000
144698,chr2,167374500,167521500,147000
144699,chr2,167374500,167736500,362000
144702,chr2,167482500,167736500,254000
144703,chr2,167526500,167736500,210000
144704,chr2,167747500,167841500,94000
144705,chr2,177742500,177979500,237000
144706,chr2,177742500,177906500,164000
144707,chr2,177779500,177906500,127000
144708,chr2,177929500,177979500,50000
144709,chr2,173425500,174139500,714000
144711,chr2,173427500,174101500,674000
144715,chr2,173654500,174125500,471000
144716,chr2,173918500,174126500,208000
144717,chr2,173952500,174125500,173000
144718,chr2,174152500,174553500,401000
144719,chr2,174152500,174638500,486000
144720,chr2,174153500,174516500,363000
144721,chr2,174153500,174696500,543000
144723,chr2,174153500,174743500,590000
144724,chr2,174171500,174257500,86000
144728,chr2,174281500,174515500,234000
144729,chr2,174282500,174700500,418000
144730,chr2,174315500,174515500,200000
144732,chr2,174519500,174743500,224000
144734,chr2,169899500,170187500,288000
144735,chr2,169959500,170050500,91000
144737,chr2,169959500,170108500,149000
144738,chr2,169959500,170186500,227000
144739,chr2,170196500,170350500,154000
144740,chr2,170196500,170243500,47000
144741,chr2,170262500,170350500,88000
144743,chr2,170292500,170349500,57000
144744,chr2,170293500,170715500,422000
144745,chr2,170362500,170438500,76000
144746,chr2,170362500,170514500,152000
144747,chr2,170362500,170549500,187000
144748,chr2,170362500,170715500,353000
144749,chr2,170441500,170714500,273000
144750,chr2,170474500,170715500,241000
144751,chr2,170525500,170714500,189000
144752,chr2,170588500,170692500,104000
144753,chr2,170720500,171206500,486000
144754,chr2,170754500,171190500,436000
144755,chr2,170755500,171256500,501000
144756,chr2,170887500,171190500,303000
144757,chr2,171075500,171188500,113000
144759,chr2,171337500,171993500,656000
144768,chr2,172064500,172289500,225000
144769,chr2,172067500,172170500,103000
144771,chr2,172319500,172504500,185000
144772,chr2,172319500,172615500,296000
144773,chr2,172319500,172667500,348000
144774,chr2,172319500,172838500,519000
144775,chr2,172321500,172445500,124000
144777,chr2,172321500,172389500,68000
144778,chr2,172392500,172667500,275000
144779,chr2,172392500,172600500,208000
144780,chr2,172393500,172446500,53000
144781,chr2,172672500,172838500,166000
144782,chr2,172672500,172930500,258000
144784,chr2,172673500,172797500,124000
144787,chr2,172802500,172931500,129000
144788,chr2,172840500,172930500,90000
144790,chr2,172949500,173025500,76000
144791,chr2,172949500,173295500,346000
144792,chr2,172950500,173403500,453000
144794,chr2,173028500,173258500,230000
144795,chr2,173028500,173295500,267000
144796,chr2,173028500,173403500,375000
144797,chr2,173071500,173118500,47000
144798,chr2,173071500,173258500,187000
144799,chr2,173071500,173295500,224000
144801,chr2,173072500,173182500,110000
144803,chr2,173297500,173403500,106000
144804,chr2,173427500,173918500,491000
144805,chr2,173428500,173951500,523000
144807,chr2,178149500,178308500,159000
144811,chr2,178216500,178308500,92000
144815,chr2,178399500,178526500,127000
144818,chr2,178712500,178836500,124000
144820,chr2,179089500,179516500,427000
144821,chr2,179091500,179286500,195000
144822,chr2,179091500,179369500,278000
144823,chr2,179323500,179516500,193000
144824,chr2,179559500,179692500,133000
144826,chr2,179618500,179666500,48000
144827,chr2,179683500,179898500,215000
144828,chr2,179813500,179893500,80000
144829,chr2,179852500,179892500,40000
144830,chr2,179917500,179988500,71000
144832,chr2,179917500,180074500,157000
144833,chr2,179917500,180222500,305000
144834,chr2,179917500,180421500,504000
144835,chr2,179993500,180073500,80000
144836,chr2,180115500,180421500,306000
144837,chr2,180115500,180201500,86000
144838,chr2,180115500,180388500,273000
144839,chr2,180208500,180421500,213000
144840,chr2,180298500,180387500,89000
144841,chr2,180299500,180421500,122000
144842,chr2,180427500,180713500,286000
144843,chr2,180428500,180538500,110000
144845,chr2,180566500,180605500,39000
144846,chr2,180567500,180702500,135000
144847,chr2,180638500,180701500,63000
144848,chr2,180827500,180976500,149000
144851,chr2,181007500,181242500,235000
144852,chr2,181034500,181210500,176000
144853,chr2,181364500,181508500,144000
144854,chr3,7601500,7778500,177000
144860,chr3,8659500,9131500,472000
144861,chr3,8660500,8867500,207000
144864,chr3,8730500,8982500,252000
144865,chr3,8730500,9132500,402000
144867,chr3,8989500,9131500,142000
144868,chr3,9034500,9129500,95000
144869,chr3,9142500,9531500,389000
144870,chr3,9142500,9770500,628000
144872,chr3,9144500,9315500,171000
144873,chr3,9435500,9771500,336000
144874,chr3,9465500,9770500,305000
144875,chr3,9674500,9709500,35000
144880,chr3,14744500,14936500,192000
144882,chr3,14938500,15259500,321000
144883,chr3,14951500,15065500,114000
144884,chr3,15062500,15121500,59000
144886,chr3,15329500,16097500,768000
144895,chr3,9775500,10372500,597000
144901,chr3,10075500,10371500,296000
144902,chr3,10305500,10370500,65000
144904,chr3,10465500,10749500,284000
144906,chr3,18104500,18209500,105000
144907,chr3,18103500,18292500,189000
144908,chr3,18103500,19116500,1013000
144912,chr3,18299500,18677500,378000
144914,chr3,19291500,19364500,73000
144915,chr3,19576500,19747500,171000
144916,chr3,19579500,19948500,369000
144917,chr3,19617500,19746500,129000
144918,chr3,19617500,19948500,331000
144919,chr3,19682500,19948500,266000
144920,chr3,19748500,19948500,200000
144921,chr3,21991500,22092500,101000
144922,chr3,21990500,22130500,140000
144923,chr3,22130500,22211500,81000
144926,chr3,19959500,20252500,293000
144928,chr3,19958500,20563500,605000
144929,chr3,19959500,20056500,97000
144931,chr3,20131500,20252500,121000
144932,chr3,20309500,20389500,80000
144935,chr3,27122500,27291500,169000
144936,chr3,27155500,27192500,37000
144937,chr3,27195500,27291500,96000
144938,chr3,27236500,27290500,54000
144940,chr3,27305500,27520500,215000
144941,chr3,27338500,27520500,182000
144942,chr3,27393500,27520500,127000
144945,chr3,27956500,28162500,206000
144946,chr3,28219500,28597500,378000
144947,chr3,28219500,28800500,581000
144949,chr3,28220500,28464500,244000
144950,chr3,28617500,28800500,183000
144953,chr3,28801500,29023500,222000
144954,chr3,28835500,29023500,188000
144955,chr3,28868500,29022500,154000
144956,chr3,29090500,29283500,193000
144957,chr3,29867500,30051500,184000
144958,chr3,29867500,30568500,701000
144961,chr3,30068500,30564500,496000
144962,chr3,30647500,31193500,546000
144963,chr3,30647500,30779500,132000
144964,chr3,30654500,31024500,370000
144965,chr3,30688500,30780500,92000
144966,chr3,31031500,31193500,162000
144967,chr3,31112500,31192500,80000
144969,chr3,31200500,31363500,163000
144970,chr3,31200500,31514500,314000
144971,chr3,31200500,31657500,457000
144973,chr3,31204500,31317500,113000
144974,chr3,31844500,32242500,398000
144978,chr3,32387500,32562500,175000
144980,chr3,32419500,32564500,145000
144981,chr3,32434500,32562500,128000
144982,chr3,32581500,32757500,176000
144984,chr3,32664500,32752500,88000
144985,chr3,32815500,32872500,57000
144989,chr3,33879500,33972500,93000
144992,chr3,38938500,40446500,1508000
144998,chr3,40578500,40753500,175000
144999,chr3,40582500,40699500,117000
145000,chr3,40754500,40904500,150000
145005,chr3,40904500,41037500,133000
145006,chr3,40997500,41122500,125000
145009,chr3,41137500,41425500,288000
145010,chr3,41137500,41629500,492000
145011,chr3,41183500,41627500,444000
145015,chr3,41445500,41552500,107000
145019,chr3,37693500,38031500,338000
145020,chr3,38310500,38667500,357000
145021,chr3,38716500,38903500,187000
145022,chr3,38938500,39759500,821000
145026,chr3,35743500,36191500,448000
145027,chr3,35744500,36026500,282000
145028,chr3,35743500,36114500,371000
145030,chr3,36028500,36114500,86000
145031,chr3,36028500,36192500,164000
145032,chr3,36235500,36496500,261000
145033,chr3,36235500,36550500,315000
145034,chr3,36236500,36385500,149000
145035,chr3,36264500,36496500,232000
145036,chr3,36264500,36549500,285000
145037,chr3,36385500,36496500,111000
145038,chr3,36385500,36550500,165000
145039,chr3,36500500,36549500,49000
145042,chr3,36693500,37258500,565000
145044,chr3,36743500,37258500,515000
145045,chr3,36842500,37257500,415000
145046,chr3,36895500,37257500,362000
145047,chr3,37126500,37258500,132000
145048,chr3,37395500,37468500,73000
145049,chr3,37678500,37974500,296000
145050,chr3,37694500,37778500,84000
145052,chr3,33880500,34008500,128000
145055,chr3,34285500,34445500,160000
145056,chr3,34286500,34693500,407000
145062,chr3,34486500,34694500,208000
145063,chr3,34655500,35157500,502000
145066,chr3,34701500,35157500,456000
145067,chr3,34701500,35536500,835000
145069,chr3,34704500,34813500,109000
145070,chr3,34707500,34754500,47000
145072,chr3,34753500,34811500,58000
145074,chr3,34827500,35157500,330000
145075,chr3,34826500,35536500,710000
145078,chr3,34870500,35157500,287000
145079,chr3,35158500,35536500,378000
145081,chr3,35744500,35938500,194000
145082,chr3,35745500,35852500,107000
145087,chr3,50257500,50813500,556000
145089,chr3,50258500,50335500,77000
145093,chr3,50814500,51078500,264000
145094,chr3,50815500,51028500,213000
145095,chr3,51142500,51261500,119000
145096,chr3,51197500,51260500,63000
145097,chr3,51491500,51557500,66000
145102,chr3,57175500,57355500,180000
145103,chr3,57176500,57532500,356000
145105,chr3,57376500,57532500,156000
145106,chr3,57378500,57483500,105000
145107,chr3,57574500,57722500,148000
145108,chr3,51388500,52150500,762000
145109,chr3,51418500,52150500,732000
145111,chr3,51558500,52149500,591000
145112,chr3,51608500,52103500,495000
145113,chr3,51609500,52149500,540000
145114,chr3,52011500,52104500,93000
145115,chr3,52163500,52912500,749000
145118,chr3,52166500,52709500,543000
145119,chr3,52162500,52882500,720000
145121,chr3,52166500,52751500,585000
145124,chr3,52166500,52785500,619000
145126,chr3,52168500,52570500,402000
145127,chr3,52168500,52666500,498000
145128,chr3,52169500,52511500,342000
145130,chr3,52172500,52419500,247000
145131,chr3,52177500,52308500,131000
145132,chr3,52935500,53399500,464000
145133,chr3,52937500,53154500,217000
145134,chr3,52937500,53236500,299000
145135,chr3,52938500,53355500,417000
145139,chr3,53433500,53565500,132000
145140,chr3,53433500,53636500,203000
145141,chr3,53497500,53636500,139000
145144,chr3,53556500,53635500,79000
145147,chr3,53643500,54072500,429000
145151,chr3,54263500,54329500,66000
145152,chr3,54262500,54581500,319000
145153,chr3,54262500,54435500,173000
145154,chr3,54262500,54498500,236000
145155,chr3,54462500,54580500,118000
145157,chr3,54643500,54714500,71000
145158,chr3,54717500,55019500,302000
145159,chr3,54721500,54827500,106000
145160,chr3,54721500,54971500,250000
145163,chr3,54840500,54971500,131000
145164,chr3,54987500,55058500,71000
145165,chr3,54988500,55262500,274000
145166,chr3,55061500,55261500,200000
145167,chr3,55130500,55183500,53000
145168,chr3,55130500,55262500,132000
145173,chr3,62846500,62989500,143000
145174,chr3,63149500,63202500,53000
145175,chr3,63462500,63836500,374000
145177,chr3,63478500,63775500,297000
145181,chr3,59779500,60018500,239000
145186,chr3,57751500,58030500,279000
145187,chr3,57751500,58066500,315000
145190,chr3,58072500,58276500,204000
145191,chr3,58071500,58323500,252000
145192,chr3,58322500,58432500,110000
145193,chr3,58393500,58692500,299000
145194,chr3,58563500,58624500,61000
145195,chr3,58563500,58692500,129000
145196,chr3,58563500,58967500,404000
145197,chr3,58634500,58692500,58000
145198,chr3,58634500,58967500,333000
145199,chr3,58750500,58966500,216000
145200,chr3,58891500,58966500,75000
145202,chr3,58986500,59116500,130000
145203,chr3,59028500,59116500,88000
145207,chr3,59228500,59651500,423000
145208,chr3,59778500,59824500,46000
145209,chr3,59778500,59963500,185000
145211,chr3,63878500,64698500,820000
145212,chr3,63878500,64749500,871000
145215,chr3,64112500,64174500,62000
145218,chr3,65225500,65837500,612000
145220,chr3,65292500,65862500,570000
145221,chr3,65299500,65436500,137000
145223,chr3,65301500,65770500,469000
145224,chr3,65436500,65566500,130000
145225,chr3,65436500,65770500,334000
145227,chr3,65470500,65771500,301000
145228,chr3,65473500,65836500,363000
145230,chr3,65566500,65769500,203000
145231,chr3,65771500,65836500,65000
145238,chr3,66318500,66472500,154000
145239,chr3,66318500,66498500,180000
145242,chr3,67260500,67474500,214000
145244,chr3,67355500,67475500,120000
145245,chr3,67420500,67476500,56000
145248,chr3,67532500,67955500,423000
145249,chr3,67568500,67953500,385000
145252,chr3,67965500,68620500,655000
145254,chr3,67965500,68451500,486000
145257,chr3,68400500,68442500,42000
145260,chr3,68523500,68617500,94000
145262,chr3,68624500,68842500,218000
145266,chr3,68952500,69033500,81000
145270,chr3,69115500,69610500,495000
145272,chr3,69116500,69389500,273000
145273,chr3,69164500,69389500,225000
145274,chr3,69164500,69486500,322000
145276,chr3,69304500,69609500,305000
145280,chr3,75127500,75769500,642000
145281,chr3,75426500,75627500,201000
145282,chr3,75464500,75559500,95000
145283,chr3,75486500,75628500,142000
145284,chr3,75546500,75627500,81000
145285,chr3,75786500,75908500,122000
145289,chr3,78866500,79017500,151000
145290,chr3,78866500,79104500,238000
145291,chr3,78866500,79351500,485000
145292,chr3,78866500,79494500,628000
145294,chr3,79128500,79193500,65000
145296,chr3,79572500,79716500,144000
145301,chr3,80868500,80944500,76000
145308,chr3,81955500,82240500,285000
145310,chr3,82272500,82633500,361000
145313,chr3,82784500,82961500,177000
145314,chr3,82784500,82988500,204000
145315,chr3,82785500,82902500,117000
145317,chr3,82906500,83181500,275000
145318,chr3,82907500,82988500,81000
145319,chr3,82908500,82960500,52000
145320,chr3,83017500,83180500,163000
145325,chr3,83622500,83805500,183000
145326,chr3,83706500,83805500,99000
145329,chr3,83823500,84219500,396000
145331,chr3,84082500,84217500,135000
145332,chr3,84086500,84172500,86000
145336,chr3,84259500,84449500,190000
145337,chr3,84522500,84814500,292000
145338,chr3,84600500,84813500,213000
145339,chr3,84600500,84750500,150000
145342,chr3,85614500,85827500,213000
145344,chr3,85614500,86023500,409000
145346,chr3,86175500,86669500,494000
145351,chr3,86752500,86826500,74000
145352,chr3,86940500,87083500,143000
145353,chr3,86939500,87150500,211000
145356,chr3,86939500,87408500,469000
145357,chr3,86939500,87469500,530000
145358,chr3,86997500,87083500,86000
145359,chr3,86998500,87406500,408000
145360,chr3,87151500,87412500,261000
145361,chr3,87151500,87469500,318000
145362,chr3,87231500,87408500,177000
145364,chr3,87231500,87469500,238000
145365,chr3,87318500,87407500,89000
145366,chr3,87415500,87469500,54000
145367,chr3,87916500,87979500,63000
145368,chr3,87994500,88080500,86000
145370,chr3,88099500,88149500,50000
145379,chr3,88239500,88385500,146000
145383,chr3,88288500,88384500,96000
145384,chr3,88314500,88374500,60000
145385,chr3,88314500,88431500,117000
145386,chr3,88395500,88660500,265000
145387,chr3,88451500,88547500,96000
145388,chr3,88451500,88646500,195000
145391,chr3,88998500,89122500,124000
145392,chr3,88998500,89134500,136000
145393,chr3,89157500,89214500,57000
145394,chr3,89224500,89392500,168000
145395,chr3,89227500,89300500,73000
145396,chr3,89248500,89392500,144000
145399,chr3,89363500,89765500,402000
145401,chr3,89419500,89596500,177000
145402,chr3,89419500,89636500,217000
145403,chr3,89421500,89678500,257000
145404,chr3,89420500,89765500,345000
145405,chr3,89525500,89595500,70000
145406,chr3,89860500,89984500,124000
145407,chr3,91958500,92014500,56000
145408,chr3,92058500,92418500,360000
145409,chr3,92058500,92508500,450000
145411,chr3,92059500,92388500,329000
145414,chr3,92815500,92937500,122000
145417,chr3,93023500,93314500,291000
145418,chr3,93022500,93401500,379000
145419,chr3,93038500,93267500,229000
145420,chr3,93215500,93400500,185000
145422,chr3,93270500,93313500,43000
145423,chr3,93269500,93401500,132000
145424,chr3,93270500,93353500,83000
145425,chr3,93454500,93514500,60000
145430,chr3,94274500,94352500,78000
145431,chr3,94274500,94363500,89000
145432,chr3,94274500,94412500,138000
145433,chr3,94274500,94509500,235000
145435,chr3,94363500,94412500,49000
145439,chr3,94796500,94936500,140000
145440,chr3,94855500,94904500,49000
145441,chr3,95049500,95171500,122000
145443,chr3,95136500,95189500,53000
145448,chr3,95256500,95358500,102000
145452,chr3,95769500,95959500,190000
145453,chr3,95874500,95959500,85000
145454,chr3,90125500,90280500,155000
145455,chr3,90320500,90373500,53000
145456,chr3,90398500,90522500,124000
145457,chr3,90399500,90560500,161000
145459,chr3,90432500,90560500,128000
145460,chr3,90433500,90522500,89000
145461,chr3,90432500,90616500,184000
145462,chr3,90491500,90560500,69000
145463,chr3,90491500,90616500,125000
145466,chr3,95873500,96055500,182000
145467,chr3,95974500,96169500,195000
145468,chr3,95976500,96125500,149000
145469,chr3,95976500,96125500,149000
145470,chr3,95988500,96055500,67000
145471,chr3,96188500,96310500,122000
145473,chr3,96188500,96233500,45000
145474,chr3,96188500,96348500,160000
145475,chr3,96188500,96446500,258000
145477,chr3,96192500,96347500,155000
145480,chr3,96454500,96546500,92000
145483,chr3,96575500,96615500,40000
145484,chr3,96844500,97432500,588000
145485,chr3,96845500,97492500,647000
145486,chr3,96845500,96955500,110000
145487,chr3,96845500,97092500,247000
145488,chr3,96845500,97246500,401000
145489,chr3,96845500,97300500,455000
145493,chr3,97109500,97246500,137000
145494,chr3,97135500,97205500,70000
145495,chr3,97301500,97492500,191000
145496,chr3,97302500,97432500,130000
145497,chr3,97443500,97492500,49000
145498,chr3,97589500,97786500,197000
145499,chr3,97696500,97786500,90000
145501,chr3,100097500,100475500,378000
145502,chr3,100097500,100599500,502000
145503,chr3,100266500,100461500,195000
145504,chr3,100825500,101202500,377000
145506,chr3,100879500,101370500,491000
145507,chr3,100880500,101203500,323000
145509,chr3,100881500,101130500,249000
145511,chr3,101128500,101201500,73000
145512,chr3,101224500,101719500,495000
145513,chr3,101225500,101369500,144000
145514,chr3,101279500,101369500,90000
145515,chr3,101401500,101470500,69000
145516,chr3,101401500,101604500,203000
145518,chr3,101401500,101720500,319000
145522,chr3,101510500,101713500,203000
145523,chr3,101620500,101713500,93000
145528,chr3,103926500,104350500,424000
145529,chr3,104012500,104350500,338000
145533,chr3,104419500,104546500,127000
145534,chr3,104621500,104686500,65000
145535,chr3,104621500,104965500,344000
145536,chr3,104675500,104875500,200000
145537,chr3,104675500,104966500,291000
145538,chr3,104725500,104771500,46000
145540,chr3,104774500,104875500,101000
145541,chr3,104773500,104963500,190000
145542,chr3,104900500,104965500,65000
145544,chr3,105582500,105633500,51000
145545,chr3,105582500,105807500,225000
145546,chr3,105594500,105866500,272000
145547,chr3,105678500,105807500,129000
145549,chr3,105899500,105974500,75000
145550,chr3,97801500,98082500,281000
145551,chr3,97802500,98132500,330000
145552,chr3,97802500,98220500,418000
145553,chr3,97836500,98082500,246000
145554,chr3,97836500,98131500,295000
145555,chr3,97836500,98220500,384000
145563,chr3,98823500,98882500,59000
145565,chr3,99048500,99161500,113000
145568,chr3,101989500,102150500,161000
145570,chr3,102029500,102150500,121000
145571,chr3,102156500,102711500,555000
145572,chr3,102157500,102598500,441000
145573,chr3,102242500,102599500,357000
145574,chr3,102623500,102903500,280000
145577,chr3,103007500,103058500,51000
145580,chr3,103093500,103288500,195000
145581,chr3,103093500,103187500,94000
145584,chr3,103131500,103290500,159000
145585,chr3,103300500,103645500,345000
145587,chr3,103448500,103645500,197000
145588,chr3,103533500,103645500,112000
145589,chr3,103736500,103795500,59000
145591,chr3,110050500,110157500,107000
145594,chr3,107775500,108055500,280000
145595,chr3,107848500,108054500,206000
145597,chr3,107977500,108055500,78000
145599,chr3,108072500,108296500,224000
145600,chr3,108189500,108296500,107000
145602,chr3,108308500,108678500,370000
145603,chr3,108309500,108470500,161000
145604,chr3,108567500,108678500,111000
145605,chr3,108608500,108678500,70000
145607,chr3,109020500,109397500,377000
145608,chr3,109078500,109398500,320000
145609,chr3,109433500,109640500,207000
145612,chr3,105899500,106355500,456000
145616,chr3,106031500,106217500,186000
145617,chr3,106455500,106629500,174000
145621,chr3,106848500,106988500,140000
145622,chr3,107002500,107056500,54000
145623,chr3,107001500,107095500,94000
145625,chr3,107141500,107181500,40000
145626,chr3,107141500,107373500,232000
145627,chr3,107141500,107487500,346000
145628,chr3,107141500,107520500,379000
145630,chr3,107183500,107369500,186000
145631,chr3,107264500,107370500,106000
145632,chr3,107511500,107826500,315000
145633,chr3,107512500,107771500,259000
145634,chr3,107565500,107771500,206000
145635,chr3,107604500,107825500,221000
145636,chr3,107605500,107661500,56000
145637,chr3,107605500,107771500,166000
145638,chr3,107775500,107825500,50000
145639,chr3,107775500,107968500,193000
145640,chr3,107824500,107969500,145000
145641,chr3,107848500,107969500,121000
145643,chr3,107861500,107925500,64000
145646,chr3,115323500,115410500,87000
145647,chr3,115455500,115730500,275000
145648,chr3,115454500,115773500,319000
145652,chr3,118889500,118951500,62000
145654,chr3,120965500,121084500,119000
145655,chr3,121101500,121294500,193000
145656,chr3,121101500,121327500,226000
145658,chr3,121101500,121531500,430000
145659,chr3,121101500,121555500,454000
145660,chr3,121329500,121677500,348000
145663,chr3,121344500,121530500,186000
145664,chr3,121679500,121977500,298000
145665,chr3,121680500,121748500,68000
145666,chr3,121679500,121934500,255000
145669,chr3,121757500,121898500,141000
145676,chr3,116045500,116120500,75000
145677,chr3,116126500,116286500,160000
145678,chr3,116126500,116372500,246000
145680,chr3,116126500,116543500,417000
145681,chr3,116127500,116629500,502000
145682,chr3,116133500,116217500,84000
145683,chr3,116303500,116630500,327000
145684,chr3,116304500,116543500,239000
145685,chr3,116306500,116388500,82000
145686,chr3,116397500,116542500,145000
145688,chr3,116698500,116855500,157000
145689,chr3,116698500,117232500,534000
145691,chr3,116914500,117287500,373000
145692,chr3,116914500,117232500,318000
145694,chr3,116946500,117231500,285000
145701,chr3,126240500,126390500,150000
145703,chr3,126369500,126565500,196000
145706,chr3,126391500,126565500,174000
145708,chr3,127117500,127239500,122000
145709,chr3,127117500,127343500,226000
145713,chr3,127246500,127341500,95000
145714,chr3,127249500,127425500,176000
145716,chr3,127418500,127555500,137000
145717,chr3,127426500,127631500,205000
145719,chr3,127558500,127742500,184000
145720,chr3,127589500,127742500,153000
145721,chr3,127647500,127741500,94000
145722,chr3,123309500,124019500,710000
145723,chr3,123309500,124069500,760000
145735,chr3,127796500,128130500,334000
145737,chr3,127882500,128131500,249000
145740,chr3,127980500,128131500,151000
145741,chr3,128142500,128998500,856000
145746,chr3,129051500,129480500,429000
145749,chr3,129096500,129523500,427000
145750,chr3,129098500,129480500,382000
145752,chr3,129100500,129321500,221000
145753,chr3,129100500,129415500,315000
145754,chr3,129225500,129479500,254000
145755,chr3,129314500,129479500,165000
145756,chr3,129314500,129415500,101000
145757,chr3,129327500,129368500,41000
145758,chr3,129617500,129873500,256000
145759,chr3,129658500,129873500,215000
145760,chr3,129726500,129872500,146000
145766,chr3,122088500,122432500,344000
145767,chr3,122106500,122260500,154000
145768,chr3,122144500,122258500,114000
145769,chr3,122442500,122577500,135000
145770,chr3,122442500,122697500,255000
145771,chr3,122442500,122521500,79000
145772,chr3,122442500,122952500,510000
145773,chr3,122524500,122897500,373000
145774,chr3,122731500,122777500,46000
145775,chr3,122778500,122896500,118000
145778,chr3,123028500,123115500,87000
145779,chr3,123028500,123146500,118000
145780,chr3,123179500,123301500,122000
145781,chr3,123310500,123385500,75000
145788,chr3,134986500,135107500,121000
145790,chr3,134989500,135436500,447000
145793,chr3,135035500,135436500,401000
145794,chr3,135109500,135436500,327000
145795,chr3,135110500,135211500,101000
145796,chr3,135236500,135436500,200000
145800,chr3,137483500,137696500,213000
145801,chr3,137487500,137555500,68000
145802,chr3,137484500,137601500,117000
145803,chr3,137484500,137850500,366000
145805,chr3,137571500,137850500,279000
145807,chr3,137643500,137850500,207000
145808,chr3,137697500,137850500,153000
145811,chr3,132212500,132408500,196000
145815,chr3,132565500,132655500,90000
145825,chr3,129888500,130484500,596000
145829,chr3,130370500,130483500,113000
145830,chr3,130402500,130482500,80000
145831,chr3,130510500,130587500,77000
145832,chr3,130509500,130679500,170000
145834,chr3,130555500,130681500,126000
145835,chr3,130612500,130682500,70000
145836,chr3,130612500,131031500,419000
145837,chr3,130681500,131031500,350000
145838,chr3,131093500,131258500,165000
145839,chr3,131141500,131230500,89000
145840,chr3,131141500,131258500,117000
145843,chr3,131682500,131789500,107000
145846,chr3,141568500,141980500,412000
145850,chr3,142000500,142180500,180000
145851,chr3,142197500,142266500,69000
145852,chr3,142197500,142380500,183000
145853,chr3,142197500,142415500,218000
145854,chr3,142197500,142450500,253000
145855,chr3,142198500,142327500,129000
145856,chr3,142346500,142449500,103000
145857,chr3,142346500,142414500,68000
145858,chr3,142470500,142588500,118000
145863,chr3,138223500,138612500,389000
145864,chr3,138224500,138326500,102000
145866,chr3,138347500,138651500,304000
145868,chr3,138348500,138611500,263000
145870,chr3,143909500,144118500,209000
145872,chr3,144159500,144427500,268000
145873,chr3,144276500,144424500,148000
145874,chr3,144313500,144427500,114000
145878,chr3,145116500,145611500,495000
145879,chr3,145117500,145284500,167000
145880,chr3,145319500,145611500,292000
145881,chr3,145653500,145883500,230000
145882,chr3,145656500,145762500,106000
145883,chr3,145655500,145842500,187000
145884,chr3,145764500,145883500,119000
145885,chr3,145808500,145883500,75000
145886,chr3,145890500,145983500,93000
145895,chr3,151422500,151795500,373000
145896,chr3,151480500,151794500,314000
145897,chr3,151525500,151794500,269000
145898,chr3,151816500,151950500,134000
145899,chr3,151816500,151992500,176000
145900,chr3,151817500,151917500,100000
145902,chr3,151965500,152006500,41000
145903,chr3,151966500,152454500,488000
145904,chr3,151966500,152181500,215000
145905,chr3,152046500,152101500,55000
145906,chr3,152101500,152455500,354000
145908,chr3,152180500,152455500,275000
145909,chr3,152184500,152263500,79000
145912,chr3,152489500,152664500,175000
145914,chr3,152657500,153207500,550000
145915,chr3,152758500,153361500,603000
145916,chr3,152759500,153207500,448000
145917,chr3,152956500,153360500,404000
145918,chr3,153363500,153512500,149000
145919,chr3,153381500,153427500,46000
145920,chr3,153697500,153773500,76000
145921,chr3,145890500,146651500,761000
145922,chr3,146051500,146189500,138000
145923,chr3,146050500,146606500,556000
145924,chr3,146129500,146651500,522000
145926,chr3,146192500,146651500,459000
145928,chr3,146270500,146605500,335000
145940,chr3,156938500,157064500,126000
145941,chr3,156938500,157155500,217000
145942,chr3,156938500,157226500,288000
145945,chr3,157270500,157550500,280000
145946,chr3,157270500,157576500,306000
145947,chr3,157271500,157423500,152000
145948,chr3,157582500,157782500,200000
145950,chr3,157652500,157740500,88000
145953,chr3,153975500,154278500,303000
145954,chr3,154024500,154278500,254000
145955,chr3,154037500,154086500,49000
145956,chr4,3608500,3781500,173000
145957,chr4,3608500,3923500,315000
145959,chr4,3835500,3938500,103000
145960,chr4,3929500,4131500,202000
145962,chr4,3975500,4131500,156000
145965,chr4,4140500,4299500,159000
145966,chr4,4140500,4433500,293000
145967,chr4,4140500,4720500,580000
145969,chr4,5515500,5646500,131000
145970,chr4,5646500,5799500,153000
145971,chr4,5647500,5693500,46000
145975,chr4,6225500,6427500,202000
145977,chr4,6434500,6514500,80000
145980,chr4,7987500,8367500,380000
145981,chr4,7989500,8084500,95000
145982,chr4,8084500,8367500,283000
145983,chr4,8598500,9096500,498000
145984,chr4,8666500,9096500,430000
145985,chr4,8758500,9027500,269000
145986,chr4,8758500,9096500,338000
145987,chr4,9136500,9529500,393000
145989,chr4,9136500,9456500,320000
145991,chr4,9609500,9772500,163000
145992,chr4,9610500,9665500,55000
145993,chr4,9668500,9771500,103000
145994,chr4,15959500,16013500,54000
145995,chr4,16013500,16163500,150000
145996,chr4,14506500,14922500,416000
145999,chr4,14543500,14922500,379000
146000,chr4,14820500,14921500,101000
146002,chr4,14960500,15318500,358000
146004,chr4,11627500,12035500,408000
146005,chr4,11682500,12033500,351000
146006,chr4,11929500,12034500,105000
146010,chr4,13743500,13804500,61000
146012,chr4,9841500,10201500,360000
146014,chr4,10290500,10560500,270000
146018,chr4,11085500,11166500,81000
146019,chr4,11328500,11453500,125000
146020,chr4,11628500,11915500,287000
146022,chr4,19572500,19708500,136000
146023,chr4,19584500,19901500,317000
146024,chr4,19584500,19952500,368000
146025,chr4,19697500,19900500,203000
146033,chr4,22131500,22489500,358000
146034,chr4,22133500,22367500,234000
146035,chr4,22133500,22395500,262000
146036,chr4,22144500,22281500,137000
146042,chr4,21743500,21813500,70000
146043,chr4,21832500,21952500,120000
146045,chr4,21833500,21989500,156000
146053,chr4,31997500,32569500,572000
146054,chr4,32055500,32571500,516000
146055,chr4,32056500,32248500,192000
146056,chr4,32091500,32248500,157000
146057,chr4,32153500,32246500,93000
146058,chr4,32154500,32551500,397000
146059,chr4,32586500,32950500,364000
146060,chr4,32587500,33119500,532000
146061,chr4,32587500,33018500,431000
146063,chr4,32631500,32758500,127000
146064,chr4,32771500,33018500,247000
146065,chr4,32770500,33119500,349000
146070,chr4,33207500,33292500,85000
146071,chr4,33396500,33706500,310000
146074,chr4,40135500,40285500,150000
146075,chr4,40135500,40681500,546000
146076,chr4,40178500,40685500,507000
146077,chr4,40183500,40285500,102000
146079,chr4,40220500,40269500,49000
146080,chr4,40219500,40702500,483000
146082,chr4,40285500,40682500,397000
146083,chr4,40301500,40641500,340000
146085,chr4,40773500,40948500,175000
146086,chr4,40777500,40855500,78000
146087,chr4,40774500,40906500,132000
146089,chr4,41050500,41166500,116000
146090,chr4,41051500,41119500,68000
146092,chr4,41505500,41708500,203000
146096,chr4,41613500,41708500,95000
146103,chr4,34687500,34778500,91000
146104,chr4,34701500,34921500,220000
146105,chr4,34784500,34921500,137000
146106,chr4,34958500,35192500,234000
146107,chr4,34958500,35308500,350000
146109,chr4,34959500,35156500,197000
146111,chr4,42877500,42964500,87000
146115,chr4,43030500,43560500,530000
146117,chr4,43045500,43382500,337000
146118,chr4,43047500,43420500,373000
146119,chr4,43048500,43488500,440000
146120,chr4,43059500,43381500,322000
146122,chr4,43089500,43352500,263000
146123,chr4,43267500,43420500,153000
146124,chr4,43431500,43527500,96000
146127,chr4,43630500,43711500,81000
146128,chr4,43762500,43861500,99000
146129,chr4,43926500,43982500,56000
146134,chr4,44173500,44292500,119000
146135,chr4,44325500,44669500,344000
146136,chr4,44326500,44636500,310000
146137,chr4,44564500,44668500,104000
146139,chr4,45015500,45408500,393000
146140,chr4,45015500,45308500,293000
146143,chr4,45097500,45280500,183000
146146,chr4,45163500,45279500,116000
146147,chr4,45418500,45855500,437000
146148,chr4,45418500,45611500,193000
146150,chr4,45418500,45771500,353000
146151,chr4,45418500,45815500,397000
146152,chr4,45421500,45529500,108000
146156,chr4,47419500,48407500,988000
146160,chr4,48045500,48124500,79000
146161,chr4,48044500,48279500,235000
146162,chr4,48047500,48407500,360000
146163,chr4,48116500,48407500,291000
146164,chr4,48224500,48406500,182000
146166,chr4,48473500,48585500,112000
146167,chr4,48481500,48681500,200000
146169,chr4,48541500,48585500,44000
146170,chr4,48586500,48680500,94000
146171,chr4,48634500,48681500,47000
146172,chr4,48691500,48773500,82000
146179,chr4,49521500,49631500,110000
146183,chr4,49846500,49958500,112000
146186,chr4,46130500,46192500,62000
146187,chr4,46203500,46368500,165000
146189,chr4,46389500,46451500,62000
146190,chr4,46390500,46463500,73000
146194,chr4,46544500,46657500,113000
146195,chr4,46613500,46657500,44000
146196,chr4,46612500,47037500,425000
146197,chr4,46689500,46833500,144000
146198,chr4,46689500,47037500,348000
146201,chr4,46781500,47036500,255000
146202,chr4,47123500,47255500,132000
146203,chr4,47123500,47350500,227000
146204,chr4,47122500,47400500,278000
146206,chr4,47250500,47350500,100000
146207,chr4,47420500,47912500,492000
146208,chr4,47438500,47598500,160000
146212,chr4,52504500,52726500,222000
146213,chr4,52655500,52726500,71000
146215,chr4,53110500,53594500,484000
146217,chr4,53158500,53355500,197000
146218,chr4,53158500,53594500,436000
146220,chr4,53739500,53845500,106000
146221,chr4,53739500,53919500,180000
146222,chr4,53777500,53919500,142000
146223,chr4,53780500,53845500,65000
146225,chr4,54750500,55240500,490000
146226,chr4,54923500,55240500,317000
146227,chr4,54924500,55279500,355000
146228,chr4,54924500,55100500,176000
146229,chr4,54924500,55137500,213000
146230,chr4,54925500,55206500,281000
146231,chr4,54946500,55050500,104000
146232,chr4,55135500,55206500,71000
146233,chr4,55292500,55398500,106000
146234,chr4,55292500,55363500,71000
146235,chr4,55292500,55451500,159000
146236,chr4,55350500,55476500,126000
146237,chr4,55350500,55532500,182000
146238,chr4,55397500,55529500,132000
146239,chr4,55478500,55530500,52000
146245,chr4,55514500,56492500,978000
146251,chr4,57019500,57216500,197000
146252,chr4,57019500,57273500,254000
146253,chr4,57019500,57320500,301000
146254,chr4,57019500,57143500,124000
146255,chr4,57019500,57181500,162000
146256,chr4,57263500,57320500,57000
146258,chr4,57462500,57607500,145000
146259,chr4,57535500,57607500,72000
146260,chr4,57672500,57903500,231000
146261,chr4,57674500,57787500,113000
146263,chr4,57770500,57844500,74000
146266,chr4,62386500,62681500,295000
146267,chr4,62479500,62613500,134000
146268,chr4,62479500,62681500,202000
146269,chr4,62616500,62680500,64000
146270,chr4,62698500,63065500,367000
146271,chr4,62698500,63037500,339000
146272,chr4,62741500,63037500,296000
146273,chr4,62808500,63037500,229000
146274,chr4,62862500,63037500,175000
146275,chr4,63077500,63226500,149000
146276,chr4,63077500,63237500,160000
146278,chr4,63134500,63225500,91000
146279,chr4,63134500,63237500,103000
146281,chr4,63287500,63866500,579000
146282,chr4,63335500,63477500,142000
146283,chr4,63335500,63760500,425000
146284,chr4,63335500,63865500,530000
146285,chr4,63336500,63415500,79000
146286,chr4,63413500,63463500,50000
146287,chr4,63426500,63760500,334000
146288,chr4,63426500,63866500,440000
146289,chr4,63541500,63760500,219000
146290,chr4,63540500,63865500,325000
146291,chr4,63604500,63759500,155000
146301,chr4,65040500,65415500,375000
146305,chr4,57671500,58080500,409000
146306,chr4,57902500,58080500,178000
146307,chr4,57902500,58210500,308000
146312,chr4,58418500,58624500,206000
146313,chr4,58418500,58749500,331000
146314,chr4,58624500,58750500,126000
146316,chr4,59096500,59569500,473000
146317,chr4,59189500,59549500,360000
146318,chr4,59360500,59569500,209000
146320,chr4,59787500,59871500,84000
146321,chr4,59787500,59928500,141000
146328,chr4,70183500,70273500,90000
146330,chr4,70328500,70453500,125000
146331,chr4,70370500,70519500,149000
146332,chr4,75632500,75955500,323000
146333,chr4,75781500,75955500,174000
146337,chr4,77002500,77437500,435000
146338,chr4,80787500,81094500,307000
146341,chr4,80789500,81170500,381000
146342,chr4,80791500,80945500,154000
146343,chr4,80793500,80829500,36000
146344,chr4,81097500,81169500,72000
146351,chr4,85750500,86261500,511000
146353,chr4,85963500,86102500,139000
146354,chr4,86102500,86159500,57000
146356,chr4,86493500,86614500,121000
146357,chr4,86540500,86614500,74000
146358,chr4,86570500,86613500,43000
146364,chr4,87287500,87693500,406000
146365,chr4,87286500,87941500,655000
146366,chr4,87287500,87390500,103000
146367,chr4,87705500,87940500,235000
146373,chr4,82319500,82424500,105000
146374,chr4,82349500,82423500,74000
146375,chr4,82561500,82851500,290000
146377,chr4,82800500,83101500,301000
146378,chr4,83130500,83263500,133000
146379,chr4,83174500,83335500,161000
146380,chr4,83180500,83262500,82000
146381,chr4,83179500,83347500,168000
146382,chr4,83221500,83262500,41000
146383,chr4,83244500,83443500,199000
146384,chr4,83405500,83442500,37000
146385,chr4,83712500,83982500,270000
146388,chr4,87952500,88012500,60000
146390,chr4,87953500,88269500,316000
146392,chr4,87954500,88219500,265000
146394,chr4,88603500,88738500,135000
146396,chr4,88615500,88785500,170000
146397,chr4,88657500,88784500,127000
146398,chr4,88791500,89047500,256000
146402,chr4,89064500,89228500,164000
146403,chr4,89064500,89412500,348000
146407,chr4,89228500,89412500,184000
146408,chr4,89421500,89580500,159000
146413,chr4,83985500,84592500,607000
146418,chr4,84447500,84591500,144000
146419,chr4,84755500,85015500,260000
146423,chr4,85126500,85205500,79000
146425,chr4,85750500,85942500,192000
146429,chr4,94012500,94406500,394000
146432,chr4,94558500,94831500,273000
146433,chr4,94559500,94715500,156000
146435,chr4,94897500,95759500,862000
146436,chr4,94896500,95812500,916000
146437,chr4,94940500,95049500,109000
146438,chr4,94940500,95446500,506000
146439,chr4,94942500,95759500,817000
146443,chr4,97453500,97634500,181000
146447,chr4,97639500,98131500,492000
146450,chr4,98390500,98590500,200000
146452,chr4,98611500,98775500,164000
146453,chr4,98611500,99070500,459000
146455,chr4,98615500,98733500,118000
146456,chr4,98615500,98812500,197000
146457,chr4,98729500,98773500,44000
146458,chr4,98826500,99070500,244000
146459,chr4,98941500,99070500,129000
146462,chr4,99235500,99565500,330000
146463,chr4,99237500,99738500,501000
146464,chr4,99431500,99738500,307000
146465,chr4,99449500,99551500,102000
146469,chr4,104372500,104751500,379000
146470,chr4,104427500,104750500,323000
146471,chr4,104523500,104750500,227000
146472,chr4,104582500,104751500,169000
146473,chr4,104769500,104861500,92000
146474,chr4,104769500,104979500,210000
146475,chr4,104891500,104979500,88000
146476,chr4,105009500,105409500,400000
146479,chr4,105009500,105378500,369000
146481,chr4,105012500,105317500,305000
146482,chr4,102084500,102513500,429000
146483,chr4,102085500,102340500,255000
146485,chr4,102350500,102513500,163000
146488,chr4,102844500,103003500,159000
146490,chr4,102845500,103049500,204000
146491,chr4,102942500,103003500,61000
146493,chr4,102976500,103070500,94000
146494,chr4,103071500,103171500,100000
146497,chr4,99805500,100393500,588000
146498,chr4,99866500,100393500,527000
146499,chr4,99885500,100265500,380000
146500,chr4,99973500,100264500,291000
146501,chr4,100071500,100394500,323000
146502,chr4,100072500,100264500,192000
146503,chr4,100266500,100394500,128000
146504,chr4,100445500,100845500,400000
146505,chr4,100445500,101003500,558000
146507,chr4,100446500,100580500,134000
146510,chr4,100583500,101002500,419000
146511,chr4,100585500,100844500,259000
146513,chr4,100855500,101003500,148000
146514,chr4,101025500,101177500,152000
146515,chr4,101207500,101314500,107000
146516,chr4,101213500,101505500,292000
146518,chr4,101249500,101315500,66000
146522,chr4,101328500,101459500,131000
146524,chr4,101514500,101856500,342000
146528,chr4,109886500,111165500,1279000
146532,chr4,109986500,110239500,253000
146533,chr4,110153500,110238500,85000
146537,chr4,111353500,111483500,130000
146539,chr4,105009500,106082500,1073000
146541,chr4,106086500,106233500,147000
146542,chr4,106293500,106387500,94000
146543,chr4,106330500,106452500,122000
146544,chr4,106330500,106387500,57000
146545,chr4,106471500,106565500,94000
146546,chr4,106471500,107020500,549000
146547,chr4,106607500,107020500,413000
146548,chr4,106666500,107206500,540000
146549,chr4,106667500,107020500,353000
146550,chr4,106697500,106767500,70000
146552,chr4,107107500,107206500,99000
146553,chr4,107279500,107559500,280000
146554,chr4,107595500,107702500,107000
146555,chr4,107750500,107959500,209000
146560,chr4,108022500,108075500,53000
146563,chr4,108074500,108184500,110000
146564,chr4,108197500,108318500,121000
146565,chr4,108196500,108477500,281000
146566,chr4,108197500,108251500,54000
146567,chr4,108197500,108386500,189000
146568,chr4,108197500,108438500,241000
146569,chr4,108477500,108690500,213000
146571,chr4,108655500,108834500,179000
146572,chr4,108727500,108833500,106000
146573,chr4,108727500,108893500,166000
146574,chr4,108727500,109022500,295000
146575,chr4,108785500,108832500,47000
146576,chr4,108785500,109021500,236000
146577,chr4,108843500,109021500,178000
146579,chr4,109294500,109879500,585000
146580,chr4,109295500,109492500,197000
146581,chr4,109333500,109523500,190000
146582,chr4,109333500,109534500,201000
146587,chr4,109521500,109837500,316000
146588,chr4,109616500,109788500,172000
146589,chr4,109616500,109878500,262000
146592,chr4,114203500,114493500,290000
146593,chr4,114264500,114764500,500000
146594,chr4,114505500,114804500,299000
146595,chr4,114522500,114768500,246000
146596,chr4,114523500,114700500,177000
146597,chr4,114763500,114915500,152000
146608,chr4,115333500,115566500,233000
146609,chr4,115590500,115756500,166000
146610,chr4,115589500,115810500,221000
146611,chr4,115594500,115911500,317000
146613,chr4,120084500,120180500,96000
146614,chr4,120085500,120225500,140000
146615,chr4,120084500,120238500,154000
146617,chr4,120175500,120237500,62000
146619,chr4,120243500,120540500,297000
146620,chr4,120447500,120539500,92000
146621,chr4,120447500,120612500,165000
146622,chr4,120447500,120766500,319000
146623,chr4,120549500,120767500,218000
146624,chr4,120550500,120612500,62000
146625,chr4,120708500,120767500,59000
146626,chr4,120843500,121089500,246000
146628,chr4,120886500,121088500,202000
146630,chr4,116435500,116552500,117000
146632,chr4,116460500,116551500,91000
146637,chr4,116576500,116645500,69000
146638,chr4,116576500,116848500,272000
146639,chr4,116684500,116847500,163000
146640,chr4,116684500,116998500,314000
146647,chr4,117087500,117535500,448000
146648,chr4,117087500,117628500,541000
146650,chr4,117127500,117385500,258000
146651,chr4,117127500,117534500,407000
146653,chr4,117181500,117534500,353000
146654,chr4,117181500,117384500,203000
146656,chr4,117230500,117353500,123000
146657,chr4,117230500,117341500,111000
146658,chr4,117563500,117627500,64000
146659,chr4,117686500,117940500,254000
146660,chr4,117785500,117940500,155000
146662,chr4,117947500,118150500,203000
146663,chr4,117947500,118433500,486000
146664,chr4,118073500,118150500,77000
146665,chr4,118153500,118433500,280000
146666,chr4,118194500,118432500,238000
146667,chr4,118282500,118423500,141000
146668,chr4,118304500,118426500,122000
146669,chr4,118437500,118845500,408000
146670,chr4,118436500,119026500,590000
146671,chr4,118470500,118845500,375000
146673,chr4,118502500,119025500,523000
146674,chr4,118502500,118845500,343000
146676,chr4,118849500,119061500,212000
146677,chr4,118861500,119025500,164000
146678,chr4,118862500,118997500,135000
146679,chr4,118863500,118965500,102000
146680,chr4,118865500,118928500,63000
146681,chr4,119091500,119150500,59000
146683,chr4,119247500,119524500,277000
146684,chr4,119248500,119317500,69000
146686,chr4,119295500,119524500,229000
146689,chr4,122702500,122801500,99000
146690,chr4,122806500,122880500,74000
146691,chr4,122806500,122977500,171000
146692,chr4,122838500,122976500,138000
146694,chr4,122888500,122976500,88000
146695,chr4,123049500,123148500,99000
146697,chr4,123114500,123148500,34000
146699,chr4,123199500,123286500,87000
146700,chr4,123200500,123251500,51000
146701,chr4,123429500,123562500,133000
146702,chr4,123501500,123561500,60000
146704,chr4,123651500,123791500,140000
146705,chr4,123713500,123792500,79000
146706,chr4,123834500,124568500,734000
146707,chr4,124003500,124570500,567000
146708,chr4,124036500,124265500,229000
146709,chr4,124122500,124266500,144000
146710,chr4,124122500,124568500,446000
146711,chr4,124229500,124569500,340000
146712,chr4,124289500,124567500,278000
146713,chr4,124336500,124567500,231000
146714,chr4,124605500,124742500,137000
146715,chr4,124695500,124742500,47000
146716,chr4,124837500,124952500,115000
146717,chr4,124837500,124993500,156000
146719,chr4,125027500,125884500,857000
146722,chr4,125053500,125857500,804000
146723,chr4,125054500,125114500,60000
146724,chr4,125126500,125809500,683000
146726,chr4,125159500,125784500,625000
146728,chr4,125384500,125623500,239000
146729,chr4,125387500,125500500,113000
146730,chr4,125429500,125502500,73000
146734,chr4,127713500,128437500,724000
146735,chr4,128507500,128670500,163000
146736,chr4,128507500,128752500,245000
146737,chr4,128507500,128834500,327000
146738,chr4,128605500,128752500,147000
146739,chr4,128605500,128670500,65000
146740,chr4,128605500,128836500,231000
146741,chr4,128850500,128978500,128000
146742,chr4,129006500,129348500,342000
146743,chr4,129028500,129170500,142000
146744,chr4,129095500,129214500,119000
146746,chr4,129104500,129169500,65000
146747,chr4,129104500,129349500,245000
146748,chr4,129172500,129349500,177000
146750,chr4,129243500,129348500,105000
146752,chr4,129595500,129822500,227000
146754,chr4,129678500,129981500,303000
146755,chr4,129679500,129822500,143000
146756,chr4,129853500,129981500,128000
146757,chr4,125980500,126050500,70000
146758,chr4,126120500,126155500,35000
146759,chr4,126120500,126203500,83000
146761,chr4,126171500,126203500,32000
146762,chr4,126215500,126361500,146000
146763,chr4,126224500,126420500,196000
146764,chr4,126448500,126734500,286000
146766,chr4,126449500,126634500,185000
146768,chr4,126494500,126635500,141000
146769,chr4,126494500,126733500,239000
146771,chr4,126561500,126734500,173000
146772,chr4,126638500,126734500,96000
146773,chr4,126951500,127139500,188000
146776,chr4,127048500,127213500,165000
146777,chr4,127063500,127129500,66000
146778,chr4,127144500,127214500,70000
146779,chr4,127144500,127264500,120000
146780,chr4,127221500,127257500,36000
146781,chr4,127271500,127339500,68000
146782,chr4,127272500,127379500,107000
146783,chr4,127272500,127506500,234000
146784,chr4,127430500,127506500,76000
146786,chr4,127572500,127702500,130000
146788,chr4,129852500,130083500,231000
146789,chr4,130190500,130337500,147000
146790,chr4,130235500,130336500,101000
146791,chr4,130516500,130674500,158000
146792,chr4,130516500,130617500,101000
146793,chr4,130517500,130605500,88000
146794,chr4,130623500,130674500,51000
146795,chr4,130687500,131213500,526000
146796,chr4,130687500,131565500,878000
146797,chr4,130687500,130863500,176000
146798,chr4,130687500,130905500,218000
146799,chr4,130687500,130981500,294000
146800,chr4,130687500,131092500,405000
146801,chr4,130687500,131158500,471000
146802,chr4,130688500,130763500,75000
146803,chr4,130980500,131214500,234000
146804,chr4,130980500,131564500,584000
146805,chr4,131128500,131565500,437000
146806,chr4,131209500,131565500,356000
146808,chr4,131450500,131564500,114000
146809,chr4,131588500,131806500,218000
146810,chr4,131633500,131806500,173000
146811,chr4,131633500,131905500,272000
146812,chr4,131704500,131807500,103000
146813,chr4,131816500,131905500,89000
146814,chr4,131816500,132073500,257000
146815,chr4,131998500,132241500,243000
146816,chr4,132038500,132241500,203000
146817,chr4,132078500,132241500,163000
146818,chr4,132150500,132242500,92000
146819,chr4,132273500,132403500,130000
146820,chr4,132504500,132550500,46000
146822,chr4,132671500,133027500,356000
146823,chr4,132673500,132731500,58000
146825,chr4,132736500,133026500,290000
146826,chr4,132736500,133177500,441000
146827,chr4,132739500,132783500,44000
146831,chr4,133321500,133377500,56000
146835,chr4,133482500,133541500,59000
146836,chr4,133916500,134018500,102000
146842,chr4,134136500,134205500,69000
146843,chr4,134271500,134440500,169000
146844,chr4,134271500,134525500,254000
146845,chr4,134520500,134608500,88000
146847,chr4,134655500,135065500,410000
146848,chr4,134655500,135065500,410000
146849,chr4,134672500,134934500,262000
146851,chr4,134673500,134877500,204000
146852,chr4,134673500,135101500,428000
146853,chr4,134742500,134933500,191000
146854,chr4,134947500,135045500,98000
146858,chr4,135167500,135221500,54000
146860,chr4,135241500,135435500,194000
146861,chr4,135242500,135394500,152000
146862,chr4,135245500,135318500,73000
146863,chr4,135245500,135357500,112000
146867,chr4,135892500,136349500,457000
146868,chr4,135988500,136348500,360000
146869,chr4,136097500,136348500,251000
146870,chr4,136182500,136348500,166000
146871,chr4,136189500,136329500,140000
146874,chr4,136377500,136568500,191000
146875,chr4,136377500,136604500,227000
146878,chr4,136377500,136799500,422000
146880,chr4,136573500,136799500,226000
146881,chr4,136622500,136799500,177000
146882,chr4,136622500,136698500,76000
146884,chr4,136803500,137015500,212000
146885,chr4,137171500,137245500,74000
146886,chr4,137171500,137307500,136000
146888,chr4,137407500,137449500,42000
146889,chr4,137408500,137564500,156000
146891,chr4,137458500,137525500,67000
146892,chr4,137457500,137564500,107000
146893,chr4,137457500,137677500,220000
146896,chr4,137584500,137672500,88000
146899,chr4,144286500,144599500,313000
146900,chr4,144617500,145023500,406000
146902,chr4,144883500,145013500,130000
146903,chr4,144943500,145012500,69000
146906,chr4,145159500,145308500,149000
146910,chr4,138047500,138585500,538000
146911,chr4,138048500,138155500,107000
146912,chr4,138054500,138106500,52000
146915,chr4,138109500,138154500,45000
146916,chr4,138174500,138549500,375000
146917,chr4,138173500,138641500,468000
146918,chr4,138175500,138478500,303000
146919,chr4,138175500,138611500,436000
146920,chr4,138175500,138289500,114000
146921,chr4,138175500,138427500,252000
146922,chr4,138175500,138521500,346000
146923,chr4,138175500,138578500,403000
146929,chr4,138233500,138427500,194000
146930,chr4,138435500,138579500,144000
146931,chr4,138476500,138579500,103000
146932,chr4,138649500,138724500,75000
146933,chr4,138649500,138804500,155000
146934,chr4,138813500,139015500,202000
146935,chr4,138814500,139064500,250000
146938,chr4,139197500,139363500,166000
146939,chr4,139197500,139397500,200000
146940,chr4,139229500,139397500,168000
146941,chr4,139373500,139585500,212000
146943,chr4,139602500,139826500,224000
146944,chr4,139602500,139972500,370000
146945,chr4,139602500,139869500,267000
146947,chr4,139604500,139754500,150000
146948,chr4,141840500,142077500,237000
146949,chr4,141842500,142141500,299000
146950,chr4,141880500,142076500,196000
146951,chr4,141981500,142141500,160000
146954,chr4,142344500,142543500,199000
146955,chr4,142344500,142606500,262000
146956,chr4,142344500,142747500,403000
146957,chr4,142345500,142694500,349000
146958,chr4,142630500,142747500,117000
146960,chr4,142754500,143006500,252000
146961,chr4,142755500,143106500,351000
146963,chr4,142981500,143108500,127000
146964,chr4,142984500,143037500,53000
146965,chr4,143053500,143107500,54000
146969,chr4,139602500,140275500,673000
146970,chr4,139603500,140218500,615000
146972,chr4,139613500,140160500,547000
146978,chr4,139976500,140266500,290000
146981,chr4,140283500,140404500,121000
146983,chr4,140320500,140402500,82000
146984,chr4,140407500,140472500,65000
146985,chr4,140407500,140630500,223000
146986,chr4,140451500,140629500,178000
146988,chr4,140490500,140685500,195000
146989,chr4,140516500,140629500,113000
146990,chr4,140709500,140759500,50000
146991,chr4,140870500,141089500,219000
146992,chr4,141000500,141090500,90000
146994,chr4,141012500,141294500,282000
146998,chr4,141114500,141352500,238000
147000,chr4,141133500,141192500,59000
147002,chr4,141216500,141302500,86000
147004,chr4,141537500,141686500,149000
147005,chr4,141703500,141826500,123000
147006,chr4,141703500,141871500,168000
147007,chr4,141722500,141966500,244000
147008,chr4,141795500,141966500,171000
147009,chr4,141895500,141963500,68000
147013,chr4,148044500,148146500,102000
147015,chr4,148045500,148099500,54000
147019,chr4,148199500,148473500,274000
147020,chr4,148199500,148250500,51000
147022,chr4,148200500,148373500,173000
147023,chr4,148254500,148372500,118000
147024,chr4,148255500,148473500,218000
147025,chr4,148255500,148513500,258000
147027,chr4,148255500,148690500,435000
147029,chr4,148732500,149160500,428000
147030,chr4,148788500,149036500,248000
147032,chr4,148789500,149160500,371000
147034,chr4,148826500,148987500,161000
147036,chr4,148888500,148999500,111000
147039,chr4,149229500,149313500,84000
147040,chr4,149229500,149409500,180000
147041,chr4,149229500,149627500,398000
147042,chr4,149541500,149627500,86000
147044,chr4,149634500,149696500,62000
147045,chr4,149735500,149795500,60000
147047,chr4,152066500,152120500,54000
147048,chr4,152258500,152368500,110000
147049,chr4,152257500,152414500,157000
147050,chr4,152257500,152518500,261000
147051,chr4,152257500,152575500,318000
147052,chr4,152258500,152296500,38000
147053,chr4,152299500,152518500,219000
147054,chr4,152361500,152518500,157000
147055,chr4,152416500,152576500,160000
147056,chr4,152428500,152518500,90000
147058,chr4,152784500,153245500,461000
147059,chr4,152784500,153565500,781000
147060,chr4,152817500,153244500,427000
147061,chr4,152973500,153245500,272000
147062,chr4,153260500,153462500,202000
147063,chr4,153260500,153501500,241000
147064,chr4,153260500,153565500,305000
147065,chr4,153502500,153566500,64000
147066,chr4,153594500,153843500,249000
147067,chr4,149809500,150182500,373000
147068,chr4,149891500,150183500,292000
147069,chr4,149921500,150184500,263000
147070,chr4,149923500,150042500,119000
147071,chr4,150119500,150183500,64000
147074,chr4,150342500,150710500,368000
147075,chr4,150344500,150740500,396000
147078,chr4,150431500,150550500,119000
147079,chr4,150710500,150984500,274000
147080,chr4,150740500,151049500,309000
147081,chr4,150743500,150939500,196000
147083,chr4,150741500,150985500,244000
147086,chr4,151051500,151225500,174000
147088,chr4,151158500,151224500,66000
147090,chr4,151241500,151369500,128000
147091,chr4,151241500,151778500,537000
147094,chr4,151419500,151491500,72000
147095,chr4,151694500,151778500,84000
147096,chr4,151694500,151964500,270000
147099,chr4,154059500,154095500,36000
147100,chr4,154111500,154244500,133000
147101,chr4,154151500,154291500,140000
147102,chr4,154152500,154244500,92000
147104,chr4,154249500,154291500,42000
147105,chr4,154249500,154385500,136000
147106,chr4,154358500,154909500,551000
147107,chr4,154412500,154836500,424000
147109,chr4,154413500,154759500,346000
147110,chr4,154414500,154882500,468000
147114,chr4,155029500,155149500,120000
147115,chr4,155066500,155150500,84000
147116,chr4,155179500,155333500,154000
147117,chr4,155180500,155380500,200000
147118,chr4,155453500,155665500,212000
147119,chr4,155566500,155664500,98000
147120,chr4,155566500,155785500,219000
147121,chr4,155566500,155853500,287000
147122,chr4,155728500,155785500,57000
147129,chr5,3697500,3852500,155000
147131,chr5,4155500,4241500,86000
147135,chr5,4313500,4963500,650000
147137,chr5,5011500,5372500,361000
147138,chr5,5012500,5316500,304000
147139,chr5,5012500,5410500,398000
147140,chr5,5013500,5531500,518000
147141,chr5,5544500,5800500,256000
147142,chr5,5564500,5608500,44000
147143,chr5,5563500,5743500,180000
147144,chr5,5609500,5799500,190000
147145,chr5,5609500,5747500,138000
147146,chr5,5696500,5800500,104000
147147,chr5,5737500,5799500,62000
147151,chr5,8540500,8891500,351000
147152,chr5,8540500,9161500,621000
147155,chr5,8782500,8898500,116000
147157,chr5,8991500,9161500,170000
147158,chr5,9046500,9150500,104000
147166,chr5,12612500,13679500,1067000
147167,chr5,13455500,13678500,223000
147174,chr5,14034500,14078500,44000
147180,chr5,18292500,18564500,272000
147181,chr5,18292500,18651500,359000
147195,chr5,20675500,20906500,231000
147198,chr5,21087500,21156500,69000
147199,chr5,21087500,21169500,82000
147201,chr5,21156500,21260500,104000
147207,chr5,21531500,21625500,94000
147208,chr5,21531500,21791500,260000
147209,chr5,21531500,21846500,315000
147210,chr5,21639500,21791500,152000
147211,chr5,21863500,21940500,77000
147214,chr5,22149500,22532500,383000
147215,chr5,22191500,22532500,341000
147216,chr5,22789500,23066500,277000
147217,chr5,22790500,22929500,139000
147224,chr5,23638500,23880500,242000
147226,chr5,24263500,24509500,246000
147227,chr5,24262500,24468500,206000
147228,chr5,24263500,24563500,300000
147229,chr5,24372500,24564500,192000
147231,chr5,24371500,24596500,225000
147232,chr5,24470500,24596500,126000
147233,chr5,24470500,24676500,206000
147234,chr5,24471500,24565500,94000
147235,chr5,24540500,24597500,57000
147236,chr5,24540500,24735500,195000
147237,chr5,24601500,24675500,74000
147238,chr5,24688500,24803500,115000
147240,chr5,24735500,24803500,68000
147241,chr5,24736500,24856500,120000
147242,chr5,24804500,24856500,52000
147243,chr5,24880500,25215500,335000
147246,chr5,25110500,25215500,105000
147247,chr5,25393500,25939500,546000
147248,chr5,25625500,25939500,314000
147250,chr5,25626500,26035500,409000
147251,chr5,25835500,26037500,202000
147257,chr5,26487500,27239500,752000
147258,chr5,26909500,26955500,46000
147259,chr5,27108500,27206500,98000
147260,chr5,27108500,27237500,129000
147262,chr5,27281500,27621500,340000
147263,chr5,27280500,27750500,470000
147264,chr5,27280500,27820500,540000
147265,chr5,27280500,27857500,577000
147266,chr5,27281500,27589500,308000
147267,chr5,27328500,27589500,261000
147268,chr5,27448500,27626500,178000
147269,chr5,27547500,27624500,77000
147270,chr5,27607500,27748500,141000
147272,chr5,27892500,28298500,406000
147273,chr5,27943500,28297500,354000
147274,chr5,27996500,28276500,280000
147275,chr5,27999500,28047500,48000
147276,chr5,27999500,28058500,59000
147277,chr5,28059500,28298500,239000
147278,chr5,28326500,28366500,40000
147281,chr5,28328500,28443500,115000
147282,chr5,28328500,28535500,207000
147283,chr5,28371500,28666500,295000
147284,chr5,28372500,28415500,43000
147285,chr5,28372500,28521500,149000
147287,chr5,28415500,28522500,107000
147289,chr5,28664500,29402500,738000
147290,chr5,28663500,29583500,920000
147295,chr5,29594500,29892500,298000
147299,chr5,29765500,29893500,128000
147300,chr5,29775500,29940500,165000
147302,chr5,30026500,30296500,270000
147306,chr5,30452500,30500500,48000
147307,chr5,30549500,30795500,246000
147308,chr5,30581500,30795500,214000
147309,chr5,30581500,30638500,57000
147310,chr5,30581500,30840500,259000
147312,chr5,30638500,30795500,157000
147313,chr5,30673500,30795500,122000
147314,chr5,30674500,30840500,166000
147315,chr5,30963500,31073500,110000
147316,chr5,30963500,31101500,138000
147317,chr5,30963500,31156500,193000
147319,chr5,30963500,31283500,320000
147320,chr5,30972500,31026500,54000
147321,chr5,31036500,31101500,65000
147323,chr5,31228500,31322500,94000
147324,chr5,31251500,31294500,43000
147326,chr5,31346500,31485500,139000
147327,chr5,31376500,31485500,109000
147328,chr5,31757500,31855500,98000
147329,chr5,31720500,32355500,635000
147330,chr5,31721500,32295500,574000
147331,chr5,31755500,32083500,328000
147332,chr5,31756500,32294500,538000
147333,chr5,31756500,32354500,598000
147335,chr5,31790500,32292500,502000
147336,chr5,31855500,32292500,437000
147339,chr5,31867500,32355500,488000
147340,chr5,32084500,32296500,212000
147341,chr5,32084500,32355500,271000
147342,chr5,32295500,32354500,59000
147343,chr5,32372500,32731500,359000
147345,chr5,32373500,32677500,304000
147347,chr5,32479500,32677500,198000
147348,chr5,32480500,32617500,137000
147351,chr5,32742500,32866500,124000
147353,chr5,32747500,32904500,157000
147354,chr5,32750500,32814500,64000
147355,chr5,32770500,33012500,242000
147359,chr5,33071500,33190500,119000
147360,chr5,33197500,33301500,104000
147363,chr5,33361500,33748500,387000
147366,chr5,33432500,33535500,103000
147367,chr5,33432500,33785500,353000
147368,chr5,33536500,33786500,250000
147369,chr5,33551500,33600500,49000
147370,chr5,33551500,33747500,196000
147371,chr5,33552500,33700500,148000
147372,chr5,33590500,33879500,289000
147375,chr5,33837500,33894500,57000
147388,chr5,37974500,38245500,271000
147389,chr5,38067500,38243500,176000
147390,chr5,38255500,38354500,99000
147391,chr5,38394500,38789500,395000
147393,chr5,38465500,38673500,208000
147394,chr5,38465500,38789500,324000
147395,chr5,38738500,38789500,51000
147396,chr5,38738500,38912500,174000
147397,chr5,38739500,38777500,38000
147398,chr5,38813500,38911500,98000
147399,chr5,38813500,38855500,42000
147400,chr5,38939500,39797500,858000
147401,chr5,35752500,36131500,379000
147402,chr5,35753500,36015500,262000
147403,chr5,35858500,36015500,157000
147404,chr5,35904500,36015500,111000
147405,chr5,35952500,36015500,63000
147406,chr5,36046500,36130500,84000
147407,chr5,36140500,36555500,415000
147410,chr5,36191500,36381500,190000
147411,chr5,36191500,36555500,364000
147413,chr5,36448500,36555500,107000
147414,chr5,36481500,36554500,73000
147415,chr5,36619500,36742500,123000
147416,chr5,36619500,36902500,283000
147418,chr5,36687500,36740500,53000
147420,chr5,36759500,36899500,140000
147421,chr5,36913500,36988500,75000
147423,chr5,37106500,37320500,214000
147424,chr5,37116500,37159500,43000
147425,chr5,37116500,37266500,150000
147427,chr5,37455500,37909500,454000
147435,chr5,33978500,34154500,176000
147436,chr5,34445500,34527500,82000
147438,chr5,34827500,35200500,373000
147439,chr5,34963500,35199500,236000
147440,chr5,35073500,35200500,127000
147441,chr5,35143500,35200500,57000
147442,chr5,35207500,35506500,299000
147443,chr5,35335500,35506500,171000
147444,chr5,35437500,35546500,109000
147446,chr5,35519500,35668500,149000
147447,chr5,35519500,35719500,200000
147448,chr5,35752500,35913500,161000
147449,chr5,35753500,35871500,118000
147452,chr5,42045500,42129500,84000
147454,chr5,43390500,43513500,123000
147456,chr5,48297500,48396500,99000
147457,chr5,48296500,48503500,207000
147458,chr5,48400500,48501500,101000
147461,chr5,49247500,49508500,261000
147464,chr5,45914500,46504500,590000
147465,chr5,43829500,44049500,220000
147466,chr5,43829500,44147500,318000
147468,chr5,43829500,44261500,432000
147469,chr5,43939500,44026500,87000
147470,chr5,43998500,44049500,51000
147471,chr5,43998500,44147500,149000
147472,chr5,43999500,44204500,205000
147473,chr5,43998500,44261500,263000
147474,chr5,44050500,44206500,156000
147475,chr5,44050500,44261500,211000
147476,chr5,44051500,44147500,96000
147477,chr5,44051500,44322500,271000
147479,chr5,44206500,44261500,55000
147480,chr5,44206500,44321500,115000
147484,chr5,44462500,44813500,351000
147487,chr5,44636500,44812500,176000
147490,chr5,45607500,45677500,70000
147491,chr5,45631500,45825500,194000
147492,chr5,45632500,45691500,59000
147493,chr5,49527500,50159500,632000
147495,chr5,49527500,50119500,592000
147497,chr5,50134500,50373500,239000
147501,chr5,53484500,54029500,545000
147502,chr5,53483500,54271500,788000
147503,chr5,53512500,54270500,758000
147504,chr5,53837500,54271500,434000
147505,chr5,54029500,54270500,241000
147507,chr5,52066500,52221500,155000
147508,chr5,52271500,52631500,360000
147509,chr5,52289500,52397500,108000
147511,chr5,53484500,53829500,345000
147512,chr5,53513500,53795500,282000
147513,chr5,53512500,53829500,317000
147514,chr5,53625500,53748500,123000
147515,chr5,53626500,53699500,73000
147516,chr5,53700500,53828500,128000
147517,chr5,53711500,53828500,117000
147520,chr5,63096500,63923500,827000
147521,chr5,63685500,63923500,238000
147522,chr5,63698500,63922500,224000
147525,chr5,63968500,64227500,259000
147526,chr5,63969500,64043500,74000
147527,chr5,64064500,64227500,163000
147528,chr5,64359500,64432500,73000
147529,chr5,64447500,65024500,577000
147530,chr5,64503500,65024500,521000
147531,chr5,64541500,64970500,429000
147532,chr5,64540500,65023500,483000
147536,chr5,64663500,64970500,307000
147537,chr5,64663500,65023500,360000
147538,chr5,64745500,64970500,225000
147539,chr5,64743500,65023500,280000
147541,chr5,64860500,64961500,101000
147543,chr5,64970500,65022500,52000
147544,chr5,65040500,65400500,360000
147546,chr5,65160500,65399500,239000
147547,chr5,65160500,65441500,281000
147548,chr5,65493500,65547500,54000
147550,chr5,65559500,65683500,124000
147551,chr5,65694500,65855500,161000
147552,chr5,67690500,68170500,480000
147554,chr5,67912500,68170500,258000
147556,chr5,69499500,69678500,179000
147559,chr5,72330500,72426500,96000
147561,chr5,73141500,73227500,86000
147562,chr5,73141500,73539500,398000
147564,chr5,73173500,73540500,367000
147565,chr5,73214500,73539500,325000
147566,chr5,73291500,73354500,63000
147567,chr5,73291500,73537500,246000
147568,chr5,73377500,73525500,148000
147569,chr5,73477500,73536500,59000
147570,chr5,73589500,73793500,204000
147571,chr5,73697500,73792500,95000
147574,chr5,66125500,66394500,269000
147575,chr5,66125500,66214500,89000
147577,chr5,66242500,66396500,154000
147578,chr5,66421500,66820500,399000
147579,chr5,66438500,66526500,88000
147580,chr5,66855500,67118500,263000
147581,chr5,66854500,67173500,319000
147582,chr5,66854500,67394500,540000
147584,chr5,67255500,67388500,133000
147587,chr5,67690500,67885500,195000
147591,chr5,73843500,74438500,595000
147592,chr5,73844500,74008500,164000
147593,chr5,73919500,74453500,534000
147594,chr5,74011500,74440500,429000
147597,chr5,74013500,74237500,224000
147598,chr5,74096500,74439500,343000
147599,chr5,74153500,74440500,287000
147600,chr5,74472500,75318500,846000
147601,chr5,74694500,75315500,621000
147603,chr5,74956500,75317500,361000
147606,chr5,75105500,75303500,198000
147607,chr5,75236500,75312500,76000
147608,chr5,75374500,75533500,159000
147609,chr5,75375500,75896500,521000
147611,chr5,75373500,76014500,641000
147612,chr5,75537500,76013500,476000
147617,chr5,76033500,76185500,152000
147618,chr5,76032500,76266500,234000
147619,chr5,76032500,76562500,530000
147622,chr5,76187500,76265500,78000
147623,chr5,76278500,76561500,283000
147625,chr5,76736500,77002500,266000
147626,chr5,76805500,77003500,198000
147627,chr5,76917500,76991500,74000
147631,chr5,77146500,77365500,219000
147632,chr5,77502500,77610500,108000
147633,chr5,77608500,77951500,343000
147637,chr5,86339500,86499500,160000
147638,chr5,86339500,86558500,219000
147639,chr5,86502500,86558500,56000
147642,chr5,86581500,86797500,216000
147643,chr5,86997500,87291500,294000
147647,chr5,88667500,88840500,173000
147649,chr5,88823500,88913500,90000
147650,chr5,88869500,88912500,43000
147656,chr5,88940500,89032500,92000
147658,chr5,89076500,89371500,295000
147660,chr5,89603500,89827500,224000
147661,chr5,89691500,89827500,136000
147663,chr5,96311500,96357500,46000
147664,chr5,96415500,96499500,84000
147665,chr5,96415500,96917500,502000
147668,chr5,97026500,97203500,177000
147669,chr5,97145500,97258500,113000
147670,chr5,97277500,97506500,229000
147676,chr5,89975500,90342500,367000
147678,chr5,90129500,90342500,213000
147682,chr5,90371500,90514500,143000
147683,chr5,90543500,90735500,192000
147684,chr5,90748500,90935500,187000
147685,chr5,90750500,90800500,50000
147686,chr5,90809500,90935500,126000
147689,chr5,91186500,91454500,268000
147696,chr5,91664500,92009500,345000
147700,chr5,92061500,92266500,205000
147701,chr5,92197500,92266500,69000
147703,chr5,92225500,92264500,39000
147705,chr5,92460500,92529500,69000
147707,chr5,92532500,92803500,271000
147708,chr5,92609500,92803500,194000
147710,chr5,92827500,92873500,46000
147711,chr5,92827500,93130500,303000
147715,chr5,93133500,93470500,337000
147716,chr5,93199500,93311500,112000
147717,chr5,93354500,93415500,61000
147721,chr5,98333500,98477500,144000
147723,chr5,98334500,98402500,68000
147724,chr5,98402500,98477500,75000
147725,chr5,98495500,99012500,517000
147727,chr5,98854500,99011500,157000
147729,chr5,99049500,99305500,256000
147730,chr5,99050500,99175500,125000
147731,chr5,99351500,99726500,375000
147732,chr5,99350500,99779500,429000
147734,chr5,99396500,99726500,330000
147738,chr5,99728500,100042500,314000
147739,chr5,100075500,100388500,313000
147740,chr5,100076500,100223500,147000
147742,chr5,100125500,100186500,61000
147744,chr5,100217500,100520500,303000
147745,chr5,100221500,100389500,168000
147746,chr5,100221500,100468500,247000
147747,chr5,100563500,100666500,103000
147748,chr5,100692500,100812500,120000
147749,chr5,100823500,101063500,240000
147752,chr5,100973500,101061500,88000
147754,chr5,101066500,101816500,750000
147756,chr5,101168500,101437500,269000
147760,chr5,101514500,101817500,303000
147762,chr5,101686500,101808500,122000
147764,chr5,104004500,104075500,71000
147766,chr5,104144500,104485500,341000
147767,chr5,104146500,104187500,41000
147771,chr5,104492500,104594500,102000
147772,chr5,105135500,105458500,323000
147773,chr5,105552500,105802500,250000
147774,chr5,105553500,105833500,280000
147775,chr5,105553500,105639500,86000
147776,chr5,101860500,102001500,141000
147777,chr5,101981500,102221500,240000
147778,chr5,102041500,102221500,180000
147779,chr5,102082500,102221500,139000
147780,chr5,102143500,102221500,78000
147785,chr5,103491500,103805500,314000
147786,chr5,103503500,103802500,299000
147788,chr5,103573500,103803500,230000
147790,chr5,107759500,108039500,280000
147793,chr5,108069500,108311500,242000
147795,chr5,108182500,108311500,129000
147796,chr5,108185500,108282500,97000
147798,chr5,108575500,108799500,224000
147799,chr5,109654500,109744500,90000
147804,chr5,105552500,106016500,464000
147805,chr5,105552500,106067500,515000
147806,chr5,105643500,106016500,373000
147807,chr5,105803500,106016500,213000
147809,chr5,105840500,106015500,175000
147811,chr5,106076500,106235500,159000
147813,chr5,106134500,106365500,231000
147814,chr5,106134500,106236500,102000
147815,chr5,106425500,106574500,149000
147817,chr5,106609500,106722500,113000
147818,chr5,106608500,106843500,235000
147821,chr5,106818500,106939500,121000
147822,chr5,106842500,106937500,95000
147824,chr5,107008500,107137500,129000
147825,chr5,107008500,107141500,133000
147826,chr5,107008500,107468500,460000
147829,chr5,107165500,107435500,270000
147830,chr5,107494500,107662500,168000
147831,chr5,109702500,110255500,553000
147839,chr5,110505500,110784500,279000
147840,chr5,110508500,110693500,185000
147841,chr5,110524500,110578500,54000
147842,chr5,110642500,110783500,141000
147848,chr5,111001500,111405500,404000
147850,chr5,111096500,111419500,323000
147851,chr5,111560500,111830500,270000
147852,chr5,111561500,111894500,333000
147853,chr5,111565500,111780500,215000
147855,chr5,111561500,112301500,740000
147856,chr5,111563500,112359500,796000
147857,chr5,111876500,112301500,425000
147858,chr5,112038500,112302500,264000
147859,chr5,112388500,112483500,95000
147860,chr5,112581500,113013500,432000
147861,chr5,112618500,113012500,394000
147862,chr5,112680500,113012500,332000
147863,chr5,113018500,113202500,184000
147864,chr5,113247500,113317500,70000
147865,chr5,113247500,113373500,126000
147866,chr5,113326500,113372500,46000
147867,chr5,113433500,113868500,435000
147868,chr5,113480500,113871500,391000
147870,chr5,113513500,113950500,437000
147873,chr5,113522500,113618500,96000
147874,chr5,113522500,113687500,165000
147875,chr5,113522500,113720500,198000
147877,chr5,113522500,113870500,348000
147879,chr5,113619500,113865500,246000
147880,chr5,113688500,113863500,175000
147881,chr5,113724500,113861500,137000
147882,chr5,113873500,113951500,78000
147883,chr5,113912500,113950500,38000
147885,chr5,116170500,116253500,83000
147889,chr5,116260500,116499500,239000
147890,chr5,116261500,116680500,419000
147892,chr5,116261500,116350500,89000
147893,chr5,116261500,116613500,352000
147895,chr5,116370500,116546500,176000
147896,chr5,116370500,116614500,244000
147897,chr5,116369500,116680500,311000
147898,chr5,116370500,116499500,129000
147899,chr5,116525500,116591500,66000
147903,chr5,117255500,117545500,290000
147904,chr5,117256500,117425500,169000
147905,chr5,117445500,117546500,101000
147906,chr5,117446500,117633500,187000
147908,chr5,117496500,117632500,136000
147909,chr5,117553500,117631500,78000
147911,chr5,117655500,117975500,320000
147912,chr5,117752500,117974500,222000
147915,chr5,114094500,114183500,89000
147916,chr5,114189500,114292500,103000
147917,chr5,114326500,114447500,121000
147918,chr5,114386500,114447500,61000
147919,chr5,114451500,114756500,305000
147920,chr5,114452500,114521500,69000
147921,chr5,114599500,114745500,146000
147922,chr5,114776500,115040500,264000
147923,chr5,114842500,115040500,198000
147925,chr5,115117500,115373500,256000
147926,chr5,115117500,115214500,97000
147927,chr5,115117500,115245500,128000
147929,chr5,115263500,115373500,110000
147931,chr5,115422500,115605500,183000
147932,chr5,115497500,115579500,82000
147933,chr5,115644500,115676500,32000
147937,chr5,117752500,118070500,318000
147938,chr5,117978500,118070500,92000
147939,chr5,118142500,118207500,65000
147940,chr5,118166500,118308500,142000
147944,chr5,118313500,118394500,81000
147947,chr5,118406500,118951500,545000
147948,chr5,118406500,118989500,583000
147949,chr5,118407500,118875500,468000
147952,chr5,118468500,118697500,229000
147953,chr5,118469500,118567500,98000
147955,chr5,118573500,118698500,125000
147959,chr5,118733500,118874500,141000
147962,chr5,118919500,119353500,434000
147963,chr5,118920500,118989500,69000
147966,chr5,119017500,119353500,336000
147967,chr5,119017500,119828500,811000
147969,chr5,119354500,119828500,474000
147970,chr5,119431500,119828500,397000
147971,chr5,119498500,119827500,329000
147975,chr5,119878500,120241500,363000
147976,chr5,119923500,120226500,303000
147978,chr5,119953500,120226500,273000
147979,chr5,120236500,120601500,365000
147980,chr5,120343500,120596500,253000
147981,chr5,120421500,120578500,157000
147982,chr5,120643500,120744500,101000
147983,chr5,120758500,120811500,53000
147984,chr5,120758500,120852500,94000
147985,chr5,120758500,120882500,124000
147986,chr5,120931500,121121500,190000
147987,chr5,120931500,121264500,333000
147988,chr5,120974500,121121500,147000
147989,chr5,120975500,121065500,90000
147990,chr5,121353500,121531500,178000
147991,chr5,121353500,121615500,262000
147994,chr5,121587500,121740500,153000
147995,chr5,121650500,121741500,91000
147996,chr5,121685500,121739500,54000
147997,chr5,121849500,121975500,126000
148000,chr5,126279500,126335500,56000
148001,chr5,126279500,126401500,122000
148003,chr5,126405500,126471500,66000
148007,chr5,126700500,126810500,110000
148008,chr5,126748500,126810500,62000
148010,chr5,127276500,127559500,283000
148011,chr5,127314500,127417500,103000
148012,chr5,127313500,127558500,245000
148014,chr5,127430500,127558500,128000
148015,chr5,127530500,127654500,124000
148016,chr5,127600500,127653500,53000
148017,chr5,127666500,127792500,126000
148021,chr5,122010500,122196500,186000
148022,chr5,122010500,122227500,217000
148023,chr5,122083500,122195500,112000
148024,chr5,122082500,122227500,145000
148025,chr5,122252500,122482500,230000
148028,chr5,122405500,122482500,77000
148032,chr5,122539500,122765500,226000
148033,chr5,122539500,122865500,326000
148035,chr5,122540500,122920500,380000
148037,chr5,122588500,122765500,177000
148039,chr5,122641500,122764500,123000
148040,chr5,122641500,122917500,276000
148042,chr5,122950500,123198500,248000
148043,chr5,123106500,123197500,91000
148044,chr5,123205500,123252500,47000
148045,chr5,123204500,123309500,105000
148046,chr5,123257500,123308500,51000
148047,chr5,123383500,123576500,193000
148048,chr5,123385500,123759500,374000
148052,chr5,123582500,123637500,55000
148053,chr5,123581500,123756500,175000
148054,chr5,123764500,123837500,73000
148060,chr5,128044500,128468500,424000
148062,chr5,128043500,128515500,472000
148064,chr5,128114500,128515500,401000
148067,chr5,128176500,128515500,339000
148068,chr5,128599500,128742500,143000
148070,chr5,128887500,129050500,163000
148077,chr5,129139500,129296500,157000
148078,chr5,129139500,129462500,323000
148079,chr5,129139500,129671500,532000
148080,chr5,129140500,129238500,98000
148084,chr5,129294500,129661500,367000
148086,chr5,129408500,129668500,260000
148089,chr5,129686500,129849500,163000
148090,chr5,129688500,129818500,130000
148091,chr5,129688500,129907500,219000
148098,chr5,123913500,124539500,626000
148103,chr5,124139500,124222500,83000
148104,chr5,124300500,124437500,137000
148105,chr5,124492500,124678500,186000
148107,chr5,124568500,124676500,108000
148109,chr5,124740500,124944500,204000
148110,chr5,124854500,125347500,493000
148112,chr5,124976500,125446500,470000
148114,chr5,124977500,125347500,370000
148119,chr5,125063500,125346500,283000
148120,chr5,125185500,125266500,81000
148121,chr5,125282500,125345500,63000
148122,chr5,125351500,125445500,94000
148124,chr5,125607500,125655500,48000
148126,chr5,130109500,130169500,60000
148129,chr5,130302500,130886500,584000
148132,chr5,130384500,130884500,500000
148133,chr5,130385500,130841500,456000
148135,chr5,130433500,130841500,408000
148136,chr5,130435500,130883500,448000
148139,chr5,130786500,130882500,96000
148142,chr5,130897500,131457500,560000
148143,chr5,130948500,131457500,509000
148144,chr5,130980500,131458500,478000
148145,chr5,131037500,131269500,232000
148146,chr5,131037500,131457500,420000
148147,chr5,131038500,131105500,67000
148149,chr5,131107500,131457500,350000
148150,chr5,131185500,131269500,84000
148151,chr5,131186500,131308500,122000
148153,chr5,131185500,131455500,270000
148154,chr5,131268500,131456500,188000
148155,chr5,131562500,131879500,317000
148157,chr5,131563500,132089500,526000
148160,chr5,132358500,132529500,171000
148161,chr5,132359500,132645500,286000
148162,chr5,132533500,132644500,111000
148165,chr5,133844500,134035500,191000
148166,chr5,133844500,134093500,249000
148170,chr5,134209500,134401500,192000
148171,chr5,134209500,134516500,307000
148172,chr5,134213500,134343500,130000
148173,chr5,134212500,134372500,160000
148176,chr5,134414500,134502500,88000
148177,chr5,134523500,134605500,82000
148178,chr5,134523500,134646500,123000
148179,chr5,134523500,134733500,210000
148180,chr5,134523500,134929500,406000
148182,chr5,134809500,134929500,120000
148184,chr5,134936500,135315500,379000
148185,chr5,134936500,134994500,58000
148186,chr5,135044500,135133500,89000
148188,chr5,135147500,135314500,167000
148189,chr5,135147500,135392500,245000
148190,chr5,135266500,135314500,48000
148191,chr5,135429500,135524500,95000
148192,chr5,135428500,135641500,213000
148193,chr5,135579500,135793500,214000
148194,chr5,135645500,135878500,233000
148196,chr5,135645500,135792500,147000
148197,chr5,135646500,135825500,179000
148202,chr5,135830500,135881500,51000
148204,chr5,135996500,136166500,170000
148205,chr5,135997500,136215500,218000
148207,chr5,136011500,136089500,78000
148213,chr5,136287500,136735500,448000
148214,chr5,136287500,136784500,497000
148215,chr5,136408500,136693500,285000
148216,chr5,136596500,136651500,55000
148217,chr5,136819500,136924500,105000
148218,chr5,136820500,136999500,179000
148219,chr5,136869500,136924500,55000
148220,chr5,136957500,137135500,178000
148221,chr5,136958500,136999500,41000
148222,chr5,136958500,137284500,326000
148223,chr5,136992500,137135500,143000
148224,chr5,137040500,137136500,96000
148225,chr5,137058500,137287500,229000
148226,chr5,137159500,137284500,125000
148227,chr5,137196500,137284500,88000
148228,chr5,137293500,137527500,234000
148231,chr5,137525500,137642500,117000
148232,chr5,137654500,137758500,104000
148236,chr5,141724500,142305500,581000
148237,chr5,141859500,142304500,445000
148238,chr5,141970500,142304500,334000
148239,chr5,142066500,142304500,238000
148240,chr5,142147500,142304500,157000
148241,chr5,142306500,142434500,128000
148242,chr5,142380500,142434500,54000
148243,chr5,142465500,142704500,239000
148244,chr5,142466500,142536500,70000
148245,chr5,142465500,142607500,142000
148246,chr5,142466500,142841500,375000
148247,chr5,142543500,142606500,63000
148248,chr5,142543500,142703500,160000
148249,chr5,142658500,142841500,183000
148250,chr5,142709500,142827500,118000
148251,chr5,142753500,142828500,75000
148253,chr5,142865500,142918500,53000
148254,chr5,142923500,143270500,347000
148255,chr5,142923500,143284500,361000
148257,chr5,142924500,143052500,128000
148258,chr5,142925500,143025500,100000
148259,chr5,143070500,143270500,200000
148260,chr5,143165500,143270500,105000
148261,chr5,143165500,143284500,119000
148262,chr5,143167500,143220500,53000
148264,chr5,143553500,143802500,249000
148265,chr5,143554500,143935500,381000
148266,chr5,143554500,143696500,142000
148268,chr5,143718500,143803500,85000
148269,chr5,143870500,143936500,66000
148271,chr5,139824500,140024500,200000
148272,chr5,139824500,140125500,301000
148273,chr5,139824500,140278500,454000
148274,chr5,139824500,140321500,497000
148275,chr5,139824500,140397500,573000
148277,chr5,140458500,140605500,147000
148278,chr5,140525500,140605500,80000
148279,chr5,140526500,140669500,143000
148280,chr5,140526500,140735500,209000
148281,chr5,140553500,140604500,51000
148282,chr5,140613500,140669500,56000
148283,chr5,140615500,140735500,120000
148284,chr5,143977500,144091500,114000
148285,chr5,143977500,144151500,174000
148286,chr5,143988500,144091500,103000
148287,chr5,144142500,144671500,529000
148288,chr5,144191500,144295500,104000
148289,chr5,144324500,144576500,252000
148291,chr5,144324500,144631500,307000
148293,chr5,144324500,144670500,346000
148299,chr5,144731500,144926500,195000
148300,chr5,144772500,144926500,154000
148301,chr5,144807500,144924500,117000
148302,chr5,144935500,145007500,72000
148312,chr5,137787500,138082500,295000
148313,chr5,137786500,138115500,329000
148316,chr5,137885500,138135500,250000
148318,chr5,138221500,138655500,434000
148321,chr5,138284500,138655500,371000
148324,chr5,138833500,139215500,382000
148325,chr5,138834500,139339500,505000
148326,chr5,138837500,139071500,234000
148327,chr5,138834500,139108500,274000
148328,chr5,138834500,139164500,330000
148329,chr5,138843500,138993500,150000
148334,chr5,139061500,139164500,103000
148335,chr5,139073500,139164500,91000
148336,chr5,139136500,139238500,102000
148337,chr5,139186500,139237500,51000
148338,chr5,139268500,139340500,72000
148339,chr5,139350500,139490500,140000
148342,chr5,139539500,139733500,194000
148343,chr5,139824500,139911500,87000
148344,chr5,149975500,150082500,107000
148346,chr5,150092500,150170500,78000
148348,chr5,150092500,150351500,259000
148351,chr5,150156500,150351500,195000
148356,chr5,147862500,148178500,316000
148357,chr5,147897500,148178500,281000
148359,chr5,147963500,148178500,215000
148360,chr5,148018500,148177500,159000
148361,chr5,148261500,148648500,387000
148362,chr5,148262500,148388500,126000
148369,chr5,148448500,148486500,38000
148370,chr5,148692500,148729500,37000
148371,chr5,148747500,148816500,69000
148372,chr5,148747500,148884500,137000
148373,chr5,148976500,149198500,222000
148377,chr5,149049500,149119500,70000
148379,chr5,149377500,149448500,71000
148380,chr5,149670500,149773500,103000
148381,chr5,149739500,149944500,205000
148382,chr5,149840500,149944500,104000
148389,chr5,146612500,146840500,228000
148390,chr5,146642500,146781500,139000
148392,chr5,146843500,147256500,413000
148394,chr5,146852500,147164500,312000
148395,chr5,146877500,147053500,176000
148396,chr5,146920500,147163500,243000
148398,chr5,147055500,147257500,202000
148399,chr5,147058500,147164500,106000
148400,chr5,147057500,147230500,173000
148401,chr5,147125500,147242500,117000
148403,chr5,147126500,147211500,85000
148408,chr6,3509500,3745500,236000
148413,chr6,4408500,4545500,137000
148420,chr6,4654500,5110500,456000
148423,chr6,4677500,5119500,442000
148426,chr6,4747500,5382500,635000
148427,chr6,4748500,5110500,362000
148428,chr6,4801500,5110500,309000
148430,chr6,4903500,5108500,205000
148435,chr6,5411500,5589500,178000
148436,chr6,5444500,5496500,52000
148438,chr6,5640500,5856500,216000
148440,chr6,7733500,8086500,353000
148446,chr6,8210500,8258500,48000
148452,chr6,8521500,8735500,214000
148453,chr6,8738500,8831500,93000
148455,chr6,5639500,6003500,364000
148457,chr6,5858500,6884500,1026000
148459,chr6,6005500,6290500,285000
148461,chr6,6005500,6884500,879000
148462,chr6,6139500,6213500,74000
148463,chr6,6290500,6883500,593000
148471,chr6,12315500,13152500,837000
148478,chr6,17106500,17307500,201000
148479,chr6,17105500,17589500,484000
148480,chr6,17106500,17359500,253000
148481,chr6,17675500,17834500,159000
148483,chr6,17726500,17834500,108000
148484,chr6,18087500,18372500,285000
148488,chr6,18401500,18819500,418000
148493,chr6,21851500,21949500,98000
148495,chr6,21795500,22088500,293000
148496,chr6,21985500,22039500,54000
148497,chr6,21985500,22087500,102000
148498,chr6,22288500,22494500,206000
148499,chr6,22326500,22446500,120000
148500,chr6,22325500,22493500,168000
148501,chr6,22354500,22444500,90000
148502,chr6,23004500,23122500,118000
148511,chr6,24530500,24627500,97000
148512,chr6,24530500,24720500,190000
148513,chr6,24722500,24894500,172000
148518,chr6,27657500,28399500,742000
148519,chr6,27658500,28135500,477000
148520,chr6,28134500,28261500,127000
148521,chr6,28135500,28398500,263000
148522,chr6,28215500,28397500,182000
148523,chr6,28261500,28398500,137000
148525,chr6,28423500,29023500,600000
148528,chr6,28423500,28480500,57000
148529,chr6,28533500,28900500,367000
148531,chr6,28905500,29024500,119000
148532,chr6,28918500,29024500,106000
148533,chr6,28949500,29023500,74000
148534,chr6,28949500,29197500,248000
148535,chr6,28950500,29143500,193000
148536,chr6,29168500,29277500,109000
148537,chr6,29166500,29349500,183000
148538,chr6,29206500,29277500,71000
148539,chr6,29517500,29649500,132000
148540,chr6,29576500,29649500,73000
148548,chr6,31915500,32297500,382000
148549,chr6,31915500,32567500,652000
148550,chr6,31995500,32296500,301000
148551,chr6,32305500,32567500,262000
148555,chr6,29764500,30357500,593000
148559,chr6,29986500,30048500,62000
148562,chr6,30073500,30357500,284000
148564,chr6,30156500,30204500,48000
148567,chr6,30402500,30737500,335000
148568,chr6,30403500,30468500,65000
148569,chr6,30403500,30960500,557000
148570,chr6,30404500,31011500,607000
148571,chr6,30460500,30737500,277000
148575,chr6,30506500,31011500,505000
148576,chr6,30509500,30737500,228000
148578,chr6,30535500,30899500,364000
148579,chr6,30535500,30959500,424000
148580,chr6,30535500,31011500,476000
148582,chr6,31052500,31153500,101000
148583,chr6,31052500,31179500,127000
148584,chr6,31052500,31430500,378000
148585,chr6,31053500,31496500,443000
148587,chr6,31504500,31616500,112000
148588,chr6,31504500,31665500,161000
148589,chr6,31504500,31816500,312000
148590,chr6,31538500,31615500,77000
148591,chr6,31639500,31913500,274000
148592,chr6,31641500,31815500,174000
148594,chr6,34025500,34207500,182000
148595,chr6,34029500,34254500,225000
148596,chr6,34172500,34254500,82000
148597,chr6,34269500,34425500,156000
148598,chr6,34270500,34323500,53000
148599,chr6,34270500,34735500,465000
148601,chr6,34349500,34735500,386000
148602,chr6,34451500,34733500,282000
148603,chr6,34452500,34899500,447000
148605,chr6,34489500,34734500,245000
148606,chr6,34488500,34898500,410000
148607,chr6,34526500,34732500,206000
148609,chr6,34756500,34854500,98000
148610,chr6,34756500,34898500,142000
148611,chr6,34856500,34898500,42000
148612,chr6,34913500,34972500,59000
148613,chr6,35170500,35202500,32000
148614,chr6,35358500,35723500,365000
148617,chr6,39825500,40213500,388000
148618,chr6,39826500,40025500,199000
148621,chr6,40213500,40371500,158000
148622,chr6,40302500,40448500,146000
148625,chr6,40595500,40666500,71000
148627,chr6,41094500,41532500,438000
148628,chr6,41114500,41506500,392000
148629,chr6,41240500,41507500,267000
148631,chr6,41600500,41679500,79000
148636,chr6,36668500,36880500,212000
148637,chr6,36668500,37023500,355000
148639,chr6,37032500,37425500,393000
148640,chr6,37074500,37235500,161000
148642,chr6,37074500,37424500,350000
148644,chr6,37348500,37424500,76000
148645,chr6,37440500,37984500,544000
148646,chr6,37569500,37721500,152000
148647,chr6,37568500,37801500,233000
148649,chr6,37568500,37848500,280000
148650,chr6,37570500,37881500,311000
148651,chr6,37668500,37801500,133000
148652,chr6,37668500,37848500,180000
148653,chr6,37722500,37849500,127000
148655,chr6,37439500,38043500,604000
148662,chr6,37984500,38043500,59000
148663,chr6,38136500,38238500,102000
148664,chr6,38137500,38282500,145000
148665,chr6,38367500,38507500,140000
148666,chr6,38411500,38509500,98000
148668,chr6,38627500,38672500,45000
148669,chr6,38627500,38888500,261000
148670,chr6,38627500,38996500,369000
148671,chr6,38627500,39045500,418000
148673,chr6,38671500,38888500,217000
148674,chr6,38713500,38888500,175000
148675,chr6,38713500,38995500,282000
148676,chr6,38902500,38996500,94000
148677,chr6,38903500,39044500,141000
148678,chr6,39164500,39320500,156000
148679,chr6,39183500,39535500,352000
148680,chr6,39250500,39320500,70000
148681,chr6,39355500,39427500,72000
148686,chr6,39569500,39702500,133000
148687,chr6,39586500,39759500,173000
148688,chr6,39653500,39759500,106000
148693,chr6,46843500,46937500,94000
148695,chr6,47169500,47261500,92000
148696,chr6,47291500,47501500,210000
148697,chr6,47373500,47610500,237000
148703,chr6,42204500,42302500,98000
148705,chr6,42204500,42560500,356000
148706,chr6,42243500,42349500,106000
148710,chr6,43231500,43273500,42000
148711,chr6,43231500,43312500,81000
148713,chr6,48154500,48401500,247000
148714,chr6,48154500,48620500,466000
148716,chr6,48622500,48833500,211000
148717,chr6,48623500,48749500,126000
148718,chr6,48623500,48792500,169000
148719,chr6,48623500,48933500,310000
148720,chr6,48794500,48933500,139000
148721,chr6,48836500,48933500,97000
148724,chr6,48985500,49333500,348000
148725,chr6,49015500,49204500,189000
148726,chr6,49018500,49374500,356000
148727,chr6,49034500,49165500,131000
148728,chr6,49194500,49239500,45000
148729,chr6,49207500,49333500,126000
148730,chr6,49206500,49375500,169000
148731,chr6,49246500,49294500,48000
148732,chr6,49246500,49332500,86000
148733,chr6,49496500,49896500,400000
148734,chr6,49524500,49897500,373000
148735,chr6,55496500,56025500,529000
148736,chr6,56044500,56454500,410000
148737,chr6,56043500,56585500,542000
148738,chr6,56044500,56425500,381000
148740,chr6,56457500,56585500,128000
148743,chr6,56775500,56810500,35000
148745,chr6,56785500,56886500,101000
148747,chr6,56785500,57548500,763000
148748,chr6,56828500,56885500,57000
148754,chr6,53795500,54205500,410000
148755,chr6,53796500,54016500,220000
148756,chr6,53938500,54205500,267000
148758,chr6,53942500,54142500,200000
148759,chr6,54011500,54141500,130000
148760,chr6,54011500,54204500,193000
148761,chr6,54016500,54073500,57000
148762,chr6,54231500,54344500,113000
148764,chr6,54368500,54484500,116000
148765,chr6,54369500,54606500,237000
148767,chr6,54564500,55144500,580000
148768,chr6,54571500,54658500,87000
148769,chr6,54607500,55144500,537000
148770,chr6,54682500,55016500,334000
148771,chr6,54682500,54894500,212000
148772,chr6,54682500,55143500,461000
148773,chr6,54895500,54968500,73000
148774,chr6,54894500,55144500,250000
148775,chr6,54994500,55143500,149000
148777,chr6,55067500,55143500,76000
148779,chr6,55210500,55360500,150000
148780,chr6,55210500,55488500,278000
148781,chr6,55369500,55487500,118000
148783,chr6,55436500,55484500,48000
148785,chr6,55497500,55694500,197000
148788,chr6,55497500,55789500,292000
148790,chr6,55694500,55789500,95000
148803,chr6,51186500,52198500,1012000
148805,chr6,51751500,52181500,430000
148806,chr6,51851500,52012500,161000
148807,chr6,51850500,52183500,333000
148808,chr6,51980500,52182500,202000
148810,chr6,52099500,52180500,81000
148812,chr6,52143500,52224500,81000
148814,chr6,52233500,52701500,468000
148815,chr6,52233500,52816500,583000
148816,chr6,52233500,52848500,615000
148819,chr6,52234500,52895500,661000
148820,chr6,52234500,52946500,712000
148821,chr6,52236500,52616500,380000
148822,chr6,52239500,52290500,51000
148824,chr6,52247500,52555500,308000
148826,chr6,52283500,52554500,271000
148827,chr6,52283500,52701500,418000
148828,chr6,52283500,52815500,532000
148829,chr6,52640500,52816500,176000
148830,chr6,52702500,52815500,113000
148831,chr6,52820500,52895500,75000
148832,chr6,53010500,53120500,110000
148835,chr6,53503500,53698500,195000
148837,chr6,49497500,50271500,774000
148838,chr6,50089500,50270500,181000
148840,chr6,50090500,50156500,66000
148842,chr6,50326500,50502500,176000
148846,chr6,50656500,50782500,126000
148847,chr6,50656500,50914500,258000
148848,chr6,50656500,51144500,488000
148849,chr6,50785500,50914500,129000
148850,chr6,50785500,51145500,360000
148851,chr6,50916500,51145500,229000
148853,chr6,51186500,51432500,246000
148854,chr6,51185500,51834500,649000
148855,chr6,51186500,51339500,153000
148856,chr6,51186500,51486500,300000
148857,chr6,51186500,51558500,372000
148858,chr6,51360500,51435500,75000
148859,chr6,51361500,51557500,196000
148861,chr6,51460500,51556500,96000
148863,chr6,51589500,51751500,162000
148866,chr6,58523500,58748500,225000
148869,chr6,58581500,58747500,166000
148870,chr6,58751500,59156500,405000
148871,chr6,58898500,59157500,259000
148872,chr6,58998500,59157500,159000
148873,chr6,59227500,59460500,233000
148877,chr6,60341500,60387500,46000
148881,chr6,60963500,61157500,194000
148882,chr6,60963500,61278500,315000
148883,chr6,60971500,61024500,53000
148884,chr6,61040500,61278500,238000
148888,chr6,64662500,64949500,287000
148889,chr6,64662500,65056500,394000
148891,chr6,64951500,65034500,83000
148892,chr6,64951500,65056500,105000
148893,chr6,65103500,65429500,326000
148896,chr6,68806500,68892500,86000
148899,chr6,65628500,66509500,881000
148901,chr6,66817500,66932500,115000
148902,chr6,66818500,67134500,316000
148903,chr6,66939500,67016500,77000
148904,chr6,66940500,67135500,195000
148905,chr6,66939500,67296500,357000
148907,chr6,67014500,67090500,76000
148908,chr6,67014500,67119500,105000
148910,chr6,67197500,67243500,46000
148913,chr6,67731500,67789500,58000
148916,chr6,70691500,70745500,54000
148920,chr6,70785500,71102500,317000
148921,chr6,70783500,70989500,206000
148923,chr6,70788500,70857500,69000
148926,chr6,70908500,70988500,80000
148927,chr6,70932500,70990500,58000
148929,chr6,71143500,71274500,131000
148930,chr6,71143500,71376500,233000
148931,chr6,71144500,71781500,637000
148933,chr6,71277500,71376500,99000
148934,chr6,71277500,71781500,504000
148935,chr6,71377500,71780500,403000
148936,chr6,71563500,71780500,217000
148938,chr6,71845500,72141500,296000
148939,chr6,71905500,72238500,333000
148940,chr6,71905500,72141500,236000
148942,chr6,72163500,72237500,74000
148944,chr6,72405500,72510500,105000
148945,chr6,72405500,72808500,403000
148946,chr6,72578500,72807500,229000
148947,chr6,72624500,72767500,143000
148948,chr6,72828500,73205500,377000
148949,chr6,72830500,72878500,48000
148950,chr6,72917500,72997500,80000
148951,chr6,72917500,73130500,213000
148953,chr6,73005500,73204500,199000
148955,chr6,78309500,78490500,181000
148958,chr6,77126500,77196500,70000
148966,chr6,81953500,82096500,143000
148967,chr6,81953500,82359500,406000
148968,chr6,81953500,82395500,442000
148969,chr6,81964500,82031500,67000
148970,chr6,81964500,82096500,132000
148971,chr6,82088500,82394500,306000
148972,chr6,82587500,82679500,92000
148973,chr6,82627500,82679500,52000
148975,chr6,82691500,82869500,178000
148976,chr6,82717500,82869500,152000
148977,chr6,82894500,82947500,53000
148978,chr6,82973500,83256500,283000
148979,chr6,82974500,83077500,103000
148980,chr6,82974500,83136500,162000
148985,chr6,83083500,83256500,173000
148986,chr6,83140500,83256500,116000
148988,chr6,83333500,83455500,122000
148989,chr6,83333500,83489500,156000
148990,chr6,83333500,83650500,317000
148991,chr6,83559500,83650500,91000
148992,chr6,83670500,83754500,84000
148993,chr6,83920500,83961500,41000
148997,chr6,83856500,84038500,182000
149002,chr6,84072500,84382500,310000
149004,chr6,84072500,84567500,495000
149006,chr6,84073500,84294500,221000
149007,chr6,84297500,84567500,270000
149008,chr6,84384500,84567500,183000
149015,chr6,84892500,85094500,202000
149016,chr6,85015500,85094500,79000
149017,chr6,85130500,85551500,421000
149020,chr6,85134500,85265500,131000
149021,chr6,85136500,85387500,251000
149022,chr6,85136500,85215500,79000
149023,chr6,85164500,85208500,44000
149024,chr6,85165500,85489500,324000
149025,chr6,85324500,85370500,46000
149026,chr6,85441500,85550500,109000
149027,chr6,85563500,85983500,420000
149028,chr6,85564500,85882500,318000
149029,chr6,85565500,85892500,327000
149034,chr6,85913500,85983500,70000
149036,chr6,88090500,88477500,387000
149038,chr6,88101500,88166500,65000
149039,chr6,88165500,88375500,210000
149040,chr6,88165500,88477500,312000
149041,chr6,88165500,88833500,668000
149042,chr6,88166500,88219500,53000
149045,chr6,88526500,88702500,176000
149047,chr6,88526500,88830500,304000
149048,chr6,88819500,88876500,57000
149049,chr6,88904500,88982500,78000
149050,chr6,88904500,89530500,626000
149051,chr6,88904500,89609500,705000
149054,chr6,89024500,89530500,506000
149055,chr6,89024500,89608500,584000
149056,chr6,89131500,89530500,399000
149057,chr6,89265500,89339500,74000
149058,chr6,89340500,89529500,189000
149064,chr6,86104500,86378500,274000
149066,chr6,86119500,86339500,220000
149067,chr6,86397500,86518500,121000
149068,chr6,86448500,86646500,198000
149069,chr6,86522500,86648500,126000
149070,chr6,86572500,86647500,75000
149071,chr6,86724500,86783500,59000
149072,chr6,86724500,86899500,175000
149073,chr6,86790500,86899500,109000
149075,chr6,86793500,86980500,187000
149076,chr6,87078500,87300500,222000
149077,chr6,87078500,87313500,235000
149078,chr6,87078500,87362500,284000
149079,chr6,87078500,87427500,349000
149080,chr6,87078500,87490500,412000
149081,chr6,87079500,87251500,172000
149082,chr6,87818500,87975500,157000
149084,chr6,87884500,87974500,90000
149089,chr6,96827500,96981500,154000
149090,chr6,96826500,97084500,258000
149091,chr6,96984500,97083500,99000
149092,chr6,97126500,97394500,268000
149094,chr6,97189500,97392500,203000
149095,chr6,97227500,97501500,274000
149096,chr6,97227500,97715500,488000
149097,chr6,97241500,97392500,151000
149099,chr6,97397500,97501500,104000
149100,chr6,97397500,97716500,319000
149101,chr6,97500500,97716500,216000
149102,chr6,97737500,97980500,243000
149104,chr6,97834500,97980500,146000
149108,chr6,93735500,94016500,281000
149109,chr6,94058500,94116500,58000
149110,chr6,94059500,94261500,202000
149111,chr6,94059500,94377500,318000
149112,chr6,94058500,94442500,384000
149113,chr6,94266500,94375500,109000
149114,chr6,94264500,94442500,178000
149116,chr6,94501500,94998500,497000
149118,chr6,94600500,94752500,152000
149119,chr6,94600500,94786500,186000
149120,chr6,94676500,94728500,52000
149124,chr6,91504500,92044500,540000
149125,chr6,91553500,92043500,490000
149126,chr6,91754500,92044500,290000
149127,chr6,91878500,92043500,165000
149128,chr6,91879500,92246500,367000
149129,chr6,92047500,92246500,199000
149130,chr6,92161500,92245500,84000
149131,chr6,92196500,92245500,49000
149133,chr6,92263500,92536500,273000
149134,chr6,92263500,92642500,379000
149135,chr6,92263500,92720500,457000
149137,chr6,92264500,92454500,190000
149139,chr6,92761500,93519500,758000
149144,chr6,92762500,93486500,724000
149146,chr6,92763500,92919500,156000
149147,chr6,92763500,93422500,659000
149148,chr6,92925500,93422500,497000
149149,chr6,92924500,93487500,563000
149150,chr6,93582500,93625500,43000
149151,chr6,93735500,93961500,226000
149154,chr6,89656500,90363500,707000
149156,chr6,89657500,90583500,926000
149157,chr6,89658500,90304500,646000
149158,chr6,89657500,90404500,747000
149159,chr6,89657500,90552500,895000
149163,chr6,90585500,90705500,120000
149164,chr6,90631500,90705500,74000
149166,chr6,90714500,91117500,403000
149167,chr6,90795500,91029500,234000
149168,chr6,90796500,91105500,309000
149169,chr6,90795500,91116500,321000
149170,chr6,90796500,91060500,264000
149172,chr6,91142500,91256500,114000
149173,chr6,91142500,91391500,249000
149174,chr6,91262500,91390500,128000
149175,chr6,91263500,91487500,224000
149176,chr6,91504500,91718500,214000
149177,chr6,91504500,91829500,325000
149178,chr6,91553500,91718500,165000
149179,chr6,91635500,91718500,83000
149180,chr6,91753500,91829500,76000
149182,chr6,103283500,103659500,376000
149183,chr6,97737500,98081500,344000
149186,chr6,98082500,98360500,278000
149187,chr6,98083500,98239500,156000
149191,chr6,98502500,98904500,402000
149192,chr6,98503500,98985500,482000
149193,chr6,98502500,99009500,507000
149196,chr6,98948500,99502500,554000
149197,chr6,99006500,99499500,493000
149198,chr6,99662500,99759500,97000
149199,chr6,99781500,99879500,98000
149201,chr6,99781500,100505500,724000
149203,chr6,99881500,100506500,625000
149206,chr6,100264500,100355500,91000
149207,chr6,100264500,100399500,135000
149208,chr6,100312500,100354500,42000
149209,chr6,100313500,100399500,86000
149210,chr6,100355500,100399500,44000
149211,chr6,100355500,100475500,120000
149212,chr6,100517500,100852500,335000
149213,chr6,100541500,100852500,311000
149215,chr6,100648500,100812500,164000
149216,chr6,100651500,100852500,201000
149218,chr6,100859500,101238500,379000
149219,chr6,100860500,101174500,314000
149222,chr6,100862500,101039500,177000
149223,chr6,101175500,101238500,63000
149224,chr6,101243500,101511500,268000
149225,chr6,101245500,101354500,109000
149236,chr6,108043500,108385500,342000
149238,chr6,108149500,108385500,236000
149241,chr6,108547500,108636500,89000
149243,chr6,112110500,112339500,229000
149244,chr6,112184500,112339500,155000
149245,chr6,112184500,112461500,277000
149246,chr6,112342500,112461500,119000
149248,chr6,112468500,112978500,510000
149254,chr6,113042500,113103500,61000
149257,chr6,113419500,113508500,89000
149258,chr6,113615500,113658500,43000
149259,chr6,113738500,113936500,198000
149260,chr6,118043500,118355500,312000
149261,chr6,118156500,118355500,199000
149262,chr6,118304500,118355500,51000
149265,chr6,118602500,119324500,722000
149266,chr6,118623500,119081500,458000
149267,chr6,118900500,119080500,180000
149269,chr6,119094500,119407500,313000
149270,chr6,119093500,119325500,232000
149271,chr6,119197500,119325500,128000
149272,chr6,119197500,119407500,210000
149273,chr6,119351500,119406500,55000
149275,chr6,119456500,119825500,369000
149278,chr6,119467500,119531500,64000
149282,chr6,119466500,120173500,707000
149284,chr6,119718500,120173500,455000
149285,chr6,119770500,120173500,403000
149286,chr6,119824500,120173500,349000
149289,chr6,119978500,120171500,193000
149291,chr6,120015500,120169500,154000
149292,chr6,120199500,120277500,78000
149295,chr6,120515500,120758500,243000
149297,chr6,120581500,120713500,132000
149298,chr6,120878500,121156500,278000
149299,chr6,120878500,121106500,228000
149303,chr6,121163500,121509500,346000
149304,chr6,121248500,121510500,262000
149305,chr6,121315500,121509500,194000
149306,chr6,115865500,116105500,240000
149309,chr6,115971500,116170500,199000
149310,chr6,115988500,116105500,117000
149313,chr6,116186500,116240500,54000
149315,chr6,116259500,116399500,140000
149316,chr6,116259500,116583500,324000
149317,chr6,116395500,116585500,190000
149318,chr6,116406500,116584500,178000
149319,chr6,116631500,116801500,170000
149324,chr6,117143500,117638500,495000
149325,chr6,117145500,117803500,658000
149327,chr6,117225500,117803500,578000
149329,chr6,117652500,117803500,151000
149331,chr6,117735500,117802500,67000
149332,chr6,117832500,117984500,152000
149333,chr6,117831500,117942500,111000
149335,chr6,117856500,117895500,39000
149336,chr6,117929500,117984500,55000
149338,chr6,113738500,114049500,311000
149339,chr6,113739500,114176500,437000
149340,chr6,113739500,114017500,278000
149341,chr6,113800500,114048500,248000
149342,chr6,114067500,114176500,109000
149343,chr6,114067500,114227500,160000
149344,chr6,114066500,114321500,255000
149345,chr6,114066500,114438500,372000
149347,chr6,114201500,114321500,120000
149349,chr6,114383500,114676500,293000
149351,chr6,114440500,114675500,235000
149353,chr6,114700500,114900500,200000
149354,chr6,114701500,114848500,147000
149355,chr6,114701500,114984500,283000
149356,chr6,114791500,114900500,109000
149357,chr6,114905500,114947500,42000
149358,chr6,114905500,114984500,79000
149359,chr6,114905500,115244500,339000
149362,chr6,115025500,115244500,219000
149363,chr6,115026500,115516500,490000
149364,chr6,115152500,115516500,364000
149366,chr6,115245500,115515500,270000
149368,chr6,115521500,115749500,228000
149371,chr6,115704500,115749500,45000
149373,chr6,115829500,115972500,143000
149374,chr6,115865500,115985500,120000
149375,chr6,115878500,115984500,106000
149376,chr6,121536500,122281500,745000
149382,chr6,122235500,122416500,181000
149383,chr6,122236500,122368500,132000
149384,chr6,122284500,122369500,85000
149385,chr6,122317500,122463500,146000
149387,chr6,122379500,122496500,117000
149388,chr6,122379500,122537500,158000
149389,chr6,122535500,122611500,76000
149392,chr6,122676500,122762500,86000
149393,chr6,122717500,122762500,45000
149394,chr6,122788500,122851500,63000
149395,chr6,122870500,123161500,291000
149397,chr6,122870500,122982500,112000
149406,chr6,124239500,124356500,117000
149407,chr6,124393500,124452500,59000
149410,chr6,124467500,124614500,147000
149414,chr6,124618500,124737500,119000
149416,chr6,124693500,124735500,42000
149423,chr6,124836500,125060500,224000
149424,chr6,124895500,125066500,171000
149425,chr6,125023500,125060500,37000
149426,chr6,125023500,125248500,225000
149430,chr6,125087500,125248500,161000
149432,chr6,125131500,125248500,117000
149433,chr6,125252500,125341500,89000
149434,chr6,125252500,125580500,328000
149435,chr6,125252500,125637500,385000
149437,chr6,125337500,125473500,136000
149438,chr6,125338500,125579500,241000
149442,chr6,125438500,125578500,140000
149445,chr6,125482500,125577500,95000
149447,chr6,127946500,128146500,200000
149448,chr6,127947500,128068500,121000
149449,chr6,128179500,128285500,106000
149450,chr6,128211500,128283500,72000
149451,chr6,128294500,128336500,42000
149452,chr6,128295500,128388500,93000
149453,chr6,128295500,128456500,161000
149454,chr6,128358500,128456500,98000
149455,chr6,128402500,128456500,54000
149456,chr6,128460500,128740500,280000
149457,chr6,128578500,128817500,239000
149459,chr6,128581500,128730500,149000
149462,chr6,128743500,129232500,489000
149464,chr6,128782500,129233500,451000
149465,chr6,128830500,129342500,512000
149467,chr6,128830500,129231500,401000
149470,chr6,129010500,129216500,206000
149471,chr6,129073500,129214500,141000
149472,chr6,129237500,129343500,106000
149473,chr6,129369500,129537500,168000
149474,chr6,129371500,129494500,123000
149475,chr6,125599500,126144500,545000
149477,chr6,125600500,126449500,849000
149478,chr6,125845500,126144500,299000
149482,chr6,126477500,126529500,52000
149484,chr6,126477500,126679500,202000
149485,chr6,126541500,126679500,138000
149487,chr6,126783500,126914500,131000
149494,chr6,127123500,127336500,213000
149495,chr6,127125500,127249500,124000
149496,chr6,127124500,127423500,299000
149499,chr6,127129500,127313500,184000
149502,chr6,127250500,127423500,173000
149503,chr6,127250500,127336500,86000
149504,chr6,127478500,127560500,82000
149505,chr6,127479500,127857500,378000
149506,chr6,127479500,127922500,443000
149508,chr6,127518500,127922500,404000
149509,chr6,127519500,127857500,338000
149510,chr6,127594500,127856500,262000
149511,chr6,127594500,127922500,328000
149512,chr6,127646500,127897500,251000
149518,chr6,133683500,133852500,169000
149524,chr6,131344500,131396500,52000
149525,chr6,133881500,134275500,394000
149526,chr6,133938500,134274500,336000
149527,chr6,133937500,134366500,429000
149528,chr6,133938500,134592500,654000
149529,chr6,133938500,134219500,281000
149531,chr6,134228500,134366500,138000
149532,chr6,134275500,134366500,91000
149533,chr6,134402500,134593500,191000
149536,chr6,134619500,134840500,221000
149537,chr6,134636500,134805500,169000
149538,chr6,134849500,134924500,75000
149540,chr6,135003500,135056500,53000
149541,chr6,135003500,135121500,118000
149542,chr6,135065500,135121500,56000
149543,chr6,135065500,135377500,312000
149544,chr6,135126500,135377500,251000
149545,chr6,135226500,135354500,128000
149546,chr6,135395500,135622500,227000
149547,chr6,135394500,135669500,275000
149548,chr6,135394500,135805500,411000
149550,chr6,135395500,135852500,457000
149551,chr6,135421500,135623500,202000
149552,chr6,135421500,135805500,384000
149554,chr6,135422500,135668500,246000
149555,chr6,135688500,135804500,116000
149558,chr6,135884500,136150500,266000
149559,chr6,135884500,136330500,446000
149563,chr6,136399500,136533500,134000
149565,chr6,136443500,136532500,89000
149566,chr6,136445500,136521500,76000
149567,chr6,136445500,136509500,64000
149568,chr6,136578500,136798500,220000
149572,chr6,136838500,136897500,59000
149573,chr6,137030500,137169500,139000
149576,chr6,137076500,137169500,93000
149579,chr6,137183500,137701500,518000
149581,chr6,137391500,137636500,245000
149582,chr6,137391500,137701500,310000
149586,chr6,137734500,137818500,84000
149587,chr6,140204500,140389500,185000
149588,chr6,140284500,140369500,85000
149589,chr6,140418500,140499500,81000
149590,chr6,140418500,140656500,238000
149591,chr6,140524500,140654500,130000
149592,chr6,140662500,140863500,201000
149596,chr6,140870500,141256500,386000
149597,chr6,140870500,141318500,448000
149598,chr6,141433500,141744500,311000
149609,chr6,142308500,142463500,155000
149610,chr6,142333500,142453500,120000
149611,chr6,142411500,142463500,52000
149612,chr6,142470500,142680500,210000
149613,chr6,142471500,142731500,260000
149615,chr6,142504500,142678500,174000
149616,chr6,142726500,142910500,184000
149618,chr6,142725500,142805500,80000
149620,chr6,142805500,142909500,104000
149621,chr6,142934500,143049500,115000
149622,chr6,142934500,143120500,186000
149623,chr6,142982500,143122500,140000
149624,chr6,143026500,143120500,94000
149626,chr6,143058500,143119500,61000
149630,chr6,137967500,138130500,163000
149631,chr6,138019500,138129500,110000
149640,chr6,139566500,139948500,382000
149642,chr6,139637500,139948500,311000
149643,chr6,139725500,139947500,222000
149644,chr6,139820500,139947500,127000
149645,chr6,144217500,144374500,157000
149646,chr6,144216500,144444500,228000
149649,chr6,144590500,144908500,318000
149652,chr6,145037500,145122500,85000
149653,chr6,145145500,145290500,145000
149655,chr6,145188500,145287500,99000
149660,chr6,145305500,145738500,433000
149661,chr6,145305500,145769500,464000
149662,chr6,145602500,145738500,136000
149663,chr6,145776500,145915500,139000
149664,chr6,145776500,145979500,203000
149666,chr6,145775500,146174500,399000
149668,chr6,145776500,146062500,286000
149669,chr6,145776500,146244500,468000
149671,chr6,145981500,146173500,192000
149673,chr6,146479500,146535500,56000
149675,chr6,146563500,146663500,100000
149676,chr6,146735500,146896500,161000
149677,chr6,146767500,146895500,128000
149679,chr6,146909500,147141500,232000
149682,chr6,147016500,147141500,125000
149684,chr6,147903500,148038500,135000
149687,chr6,148150500,148272500,122000
149692,chr6,148296500,148589500,293000
149693,chr6,148297500,148657500,360000
149694,chr6,148297500,148668500,371000
149695,chr6,148297500,148815500,518000
149697,chr6,148346500,148815500,469000
149699,chr6,148607500,148815500,208000
149700,chr6,148846500,148894500,48000
149702,chr6,148911500,149276500,365000
149703,chr6,148912500,149021500,109000
149704,chr6,148959500,149021500,62000
149705,chr6,149032500,149212500,180000
149707,chr6,149034500,149276500,242000
149710,chr6,149043500,149089500,46000
149712,chr6,149090500,149211500,121000
149715,chr7,3648500,3696500,48000
149716,chr7,3604500,4150500,546000
149717,chr7,3605500,4474500,869000
149718,chr7,3607500,4431500,824000
149719,chr7,3660500,4146500,486000
149722,chr7,4135500,4430500,295000
149723,chr7,4134500,4474500,340000
149724,chr7,4136500,4527500,391000
149727,chr7,4300500,4429500,129000
149728,chr7,4434500,4527500,93000
149734,chr7,4707500,4799500,92000
149735,chr7,4755500,4794500,39000
149736,chr7,4814500,4905500,91000
149738,chr7,4916500,5017500,101000
149739,chr7,4946500,5050500,104000
149740,chr7,5018500,5064500,46000
149744,chr7,6130500,6194500,64000
149745,chr7,6217500,6264500,47000
149746,chr7,6288500,6385500,97000
149747,chr7,6362500,6433500,71000
149748,chr7,6362500,6529500,167000
149751,chr7,6438500,6528500,90000
149752,chr7,6663500,6940500,277000
149753,chr7,6692500,6921500,229000
149754,chr7,6731500,6921500,190000
149756,chr7,12220500,12531500,311000
149761,chr7,15593500,15646500,53000
149762,chr7,15664500,15797500,133000
149763,chr7,15685500,15888500,203000
149765,chr7,15790500,15887500,97000
149768,chr7,15865500,16007500,142000
149769,chr7,15926500,16227500,301000
149771,chr7,16029500,16133500,104000
149772,chr7,16028500,16199500,171000
149774,chr7,16134500,16349500,215000
149775,chr7,16199500,16351500,152000
149776,chr7,16363500,16462500,99000
149777,chr7,16364500,16541500,177000
149778,chr7,16480500,16541500,61000
149779,chr7,16480500,16647500,167000
149780,chr7,16666500,16734500,68000
149781,chr7,16666500,16800500,134000
149784,chr7,23853500,23985500,132000
149785,chr7,23852500,24057500,205000
149790,chr7,24300500,24675500,375000
149792,chr7,24517500,24666500,149000
149796,chr7,24590500,24665500,75000
149797,chr7,24728500,24794500,66000
149799,chr7,24805500,25032500,227000
149800,chr7,24805500,24886500,81000
149803,chr7,24832500,24977500,145000
149804,chr7,24940500,24977500,37000
149805,chr7,25117500,25400500,283000
149806,chr7,25123500,25298500,175000
149807,chr7,25124500,25177500,53000
149809,chr7,25180500,25298500,118000
149812,chr7,25325500,25400500,75000
149813,chr7,25456500,25504500,48000
149814,chr7,25456500,25602500,146000
149830,chr7,18628500,18740500,112000
149831,chr7,18912500,19014500,102000
149832,chr7,18912500,19077500,165000
149833,chr7,19139500,19323500,184000
149834,chr7,19139500,19434500,295000
149836,chr7,19140500,19520500,380000
149837,chr7,19401500,19607500,206000
149838,chr7,19402500,19516500,114000
149842,chr7,19534500,19606500,72000
149843,chr7,19534500,19690500,156000
149845,chr7,19537500,19579500,42000
149851,chr7,30035500,30131500,96000
149852,chr7,30035500,30314500,279000
149853,chr7,30190500,30310500,120000
149854,chr7,30378500,30674500,296000
149855,chr7,30508500,30674500,166000
149856,chr7,30509500,30558500,49000
149857,chr7,30802500,30874500,72000
149861,chr7,26478500,26827500,349000
149862,chr7,26832500,26985500,153000
149863,chr7,26989500,27226500,237000
149865,chr7,27034500,27100500,66000
149866,chr7,27118500,27384500,266000
149867,chr7,27351500,27425500,74000
149870,chr7,27880500,28012500,132000
149871,chr7,28073500,28300500,227000
149877,chr7,28303500,28425500,122000
149878,chr7,28347500,28424500,77000
149879,chr7,28479500,28738500,259000
149881,chr7,28691500,28738500,47000
149883,chr7,28749500,28944500,195000
149884,chr7,28749500,28998500,249000
149885,chr7,28749500,29064500,315000
149886,chr7,28750500,29222500,472000
149887,chr7,28749500,29257500,508000
149889,chr7,28750500,28852500,102000
149890,chr7,28827500,29222500,395000
149891,chr7,29000500,29222500,222000
149892,chr7,29034500,29223500,189000
149893,chr7,29083500,29221500,138000
149894,chr7,29560500,29653500,93000
149895,chr7,29561500,29762500,201000
149897,chr7,29655500,29762500,107000
149898,chr7,29712500,29762500,50000
149899,chr7,34107500,34206500,99000
149900,chr7,34107500,34241500,134000
149901,chr7,34107500,34371500,264000
149902,chr7,34107500,34418500,311000
149903,chr7,34138500,34371500,233000
149904,chr7,34315500,34371500,56000
149906,chr7,34376500,34418500,42000
149907,chr7,34376500,34449500,73000
149908,chr7,34376500,34480500,104000
149910,chr7,34512500,34818500,306000
149911,chr7,34526500,34700500,174000
149912,chr7,34526500,34871500,345000
149913,chr7,34725500,34964500,239000
149914,chr7,34726500,34871500,145000
149915,chr7,34758500,34871500,113000
149916,chr7,34876500,34964500,88000
149917,chr7,34967500,35270500,303000
149918,chr7,35033500,35081500,48000
149919,chr7,35359500,35559500,200000
149920,chr7,35381500,35440500,59000
149922,chr7,35458500,35559500,101000
149923,chr7,35601500,35871500,270000
149925,chr7,35735500,35872500,137000
149931,chr7,40033500,40320500,287000
149933,chr7,40436500,40550500,114000
149934,chr7,40436500,40592500,156000
149935,chr7,41043500,41149500,106000
149936,chr7,41209500,41249500,40000
149940,chr7,39497500,39923500,426000
149941,chr7,39547500,39661500,114000
149943,chr7,39735500,39922500,187000
149949,chr7,36285500,36674500,389000
149950,chr7,36284500,37045500,761000
149951,chr7,36320500,36553500,233000
149952,chr7,36320500,36674500,354000
149954,chr7,36320500,36410500,90000
149957,chr7,36674500,37044500,370000
149958,chr7,36704500,36960500,256000
149959,chr7,36782500,36961500,179000
149960,chr7,36967500,37045500,78000
149961,chr7,37072500,37634500,562000
149963,chr7,37071500,37304500,233000
149964,chr7,37071500,37472500,401000
149965,chr7,37072500,37182500,110000
149966,chr7,37072500,37593500,521000
149967,chr7,37175500,37471500,296000
149969,chr7,37306500,37469500,163000
149971,chr7,37306500,37593500,287000
149972,chr7,37760500,37841500,81000
149973,chr7,37760500,37863500,103000
149974,chr7,37881500,37966500,85000
149980,chr7,42933500,43027500,94000
149982,chr7,43330500,43432500,102000
149983,chr7,43330500,43543500,213000
149984,chr7,43330500,43570500,240000
149986,chr7,43523500,43965500,442000
149987,chr7,43579500,43890500,311000
149988,chr7,43913500,43967500,54000
149994,chr7,48456500,48525500,69000
149995,chr7,48544500,48770500,226000
149996,chr7,48578500,48771500,193000
149998,chr7,48782500,48975500,193000
149999,chr7,48782500,49075500,293000
150000,chr7,48782500,48922500,140000
150002,chr7,48902500,49075500,173000
150003,chr7,49143500,49250500,107000
150004,chr7,49266500,49403500,137000
150005,chr7,49266500,49461500,195000
150006,chr7,49266500,49516500,250000
150008,chr7,49515500,49573500,58000
150012,chr7,45745500,46217500,472000
150013,chr7,45748500,46255500,507000
150014,chr7,45746500,46027500,281000
150015,chr7,45929500,46027500,98000
150016,chr7,45929500,46214500,285000
150018,chr7,46043500,46217500,174000
150019,chr7,46043500,46255500,212000
150020,chr7,46345500,46500500,155000
150021,chr7,46363500,46419500,56000
150022,chr7,46612500,46665500,53000
150023,chr7,46612500,46798500,186000
150024,chr7,46673500,46731500,58000
150025,chr7,46673500,46798500,125000
150029,chr7,43578500,44000500,422000
150030,chr7,43913500,44300500,387000
150031,chr7,43912500,44000500,88000
150032,chr7,43912500,44134500,222000
150033,chr7,43912500,44169500,257000
150034,chr7,43912500,44210500,298000
150035,chr7,44171500,44298500,127000
150037,chr7,44356500,44508500,152000
150038,chr7,44356500,44605500,249000
150040,chr7,44728500,44847500,119000
150041,chr7,44729500,44949500,220000
150042,chr7,44729500,44783500,54000
150045,chr7,44811500,44948500,137000
150046,chr7,44955500,45096500,141000
150047,chr7,45109500,45368500,259000
150048,chr7,45290500,45353500,63000
150050,chr7,45388500,45584500,196000
150051,chr7,45389500,45451500,62000
150052,chr7,45389500,45659500,270000
150053,chr7,45592500,45658500,66000
150054,chr7,45747500,45831500,84000
150057,chr7,55636500,55692500,56000
150058,chr7,55637500,55755500,118000
150067,chr7,51276500,51654500,378000
150082,chr7,62574500,62969500,395000
150084,chr7,62972500,63236500,264000
150085,chr7,62972500,63322500,350000
150086,chr7,63144500,63321500,177000
150087,chr7,63402500,63497500,95000
150088,chr7,63401500,63881500,480000
150089,chr7,63405500,63611500,206000
150090,chr7,63404500,63663500,259000
150091,chr7,63404500,63708500,304000
150092,chr7,63406500,63539500,133000
150094,chr7,63505500,63612500,107000
150095,chr7,63815500,63976500,161000
150101,chr7,64004500,64391500,387000
150102,chr7,64074500,64391500,317000
150103,chr7,64600500,64723500,123000
150105,chr7,64968500,65290500,322000
150107,chr7,65176500,65294500,118000
150110,chr7,65354500,65471500,117000
150111,chr7,65354500,65705500,351000
150112,chr7,65422500,65705500,283000
150113,chr7,65752500,65833500,81000
150114,chr7,65752500,65899500,147000
150115,chr7,65752500,65950500,198000
150125,chr7,71519500,71799500,280000
150131,chr7,72050500,73071500,1021000
150133,chr7,72789500,73049500,260000
150134,chr7,73188500,73268500,80000
150135,chr7,73306500,73459500,153000
150136,chr7,73305500,73505500,200000
150138,chr7,73305500,73850500,545000
150139,chr7,73306500,73663500,357000
150140,chr7,73675500,73850500,175000
150141,chr7,67438500,68007500,569000
150143,chr7,68023500,68130500,107000
150144,chr7,68024500,68197500,173000
150145,chr7,68023500,68229500,206000
150146,chr7,68023500,68473500,450000
150148,chr7,68229500,68473500,244000
150150,chr7,68301500,68473500,172000
150152,chr7,68355500,68472500,117000
150155,chr7,69141500,69985500,844000
150157,chr7,65752500,66311500,559000
150158,chr7,65753500,66038500,285000
150160,chr7,65960500,66039500,79000
150161,chr7,65959500,66311500,352000
150162,chr7,65992500,66311500,319000
150163,chr7,66059500,66310500,251000
150165,chr7,66361500,66488500,127000
150167,chr7,66710500,66849500,139000
150168,chr7,66893500,67198500,305000
150169,chr7,67005500,67281500,276000
150170,chr7,67322500,67409500,87000
150171,chr7,67409500,67601500,192000
150172,chr7,67438500,67952500,514000
150173,chr7,67601500,67779500,178000
150174,chr7,67601500,67952500,351000
150176,chr7,67905500,67951500,46000
150178,chr7,75562500,76042500,480000
150179,chr7,75577500,76003500,426000
150180,chr7,76043500,76591500,548000
150181,chr7,77390500,77461500,71000
150182,chr7,73304500,74006500,702000
150187,chr7,74019500,74759500,740000
150188,chr7,74020500,74353500,333000
150190,chr7,74206500,74352500,146000
150191,chr7,74205500,74760500,555000
150192,chr7,74353500,74760500,407000
150193,chr7,74784500,75048500,264000
150194,chr7,74785500,75016500,231000
150197,chr7,75389500,75530500,141000
150198,chr7,75398500,75477500,79000
150201,chr7,75479500,75530500,51000
150202,chr7,77917500,78217500,300000
150203,chr7,78228500,78540500,312000
150204,chr7,78229500,78416500,187000
150205,chr7,78441500,78540500,99000
150206,chr7,78441500,78730500,289000
150208,chr7,78573500,78779500,206000
150209,chr7,78573500,78889500,316000
150210,chr7,78574500,78730500,156000
150211,chr7,78574500,78999500,425000
150212,chr7,78790500,78999500,209000
150213,chr7,78790500,78878500,88000
150215,chr7,78896500,78999500,103000
150216,chr7,79021500,79121500,100000
150217,chr7,79044500,79308500,264000
150220,chr7,79145500,79244500,99000
150221,chr7,79144500,79377500,233000
150222,chr7,79146500,79195500,49000
150223,chr7,79262500,79378500,116000
150225,chr7,79430500,79633500,203000
150226,chr7,79449500,79564500,115000
150227,chr7,79661500,79734500,73000
150229,chr7,79791500,79951500,160000
150230,chr7,79806500,79865500,59000
150231,chr7,79789500,80026500,237000
150233,chr7,80034500,80339500,305000
150234,chr7,80035500,80233500,198000
150235,chr7,80035500,80499500,464000
150237,chr7,80391500,80498500,107000
150238,chr7,80506500,80710500,204000
150239,chr7,80506500,80806500,300000
150240,chr7,80506500,80987500,481000
150241,chr7,80535500,80806500,271000
150242,chr7,80536500,80710500,174000
150243,chr7,80723500,80805500,82000
150244,chr7,80814500,80987500,173000
150245,chr7,80860500,80986500,126000
150247,chr7,81203500,81426500,223000
150248,chr7,81204500,81276500,72000
150251,chr7,81516500,81920500,404000
150252,chr7,81609500,81768500,159000
150253,chr7,81609500,81922500,313000
150260,chr7,86762500,86926500,164000
150262,chr7,87747500,88192500,445000
150267,chr7,88736500,89068500,332000
150268,chr7,88817500,89068500,251000
150269,chr7,88989500,89053500,64000
150270,chr7,89086500,89491500,405000
150272,chr7,89149500,89491500,342000
150274,chr7,89628500,89673500,45000
150275,chr7,89646500,89914500,268000
150276,chr7,89647500,89798500,151000
150277,chr7,89672500,89779500,107000
150278,chr7,83564500,84005500,441000
150279,chr7,83737500,84005500,268000
150280,chr7,84004500,84073500,69000
150282,chr7,84243500,84399500,156000
150284,chr7,84255500,84338500,83000
150290,chr7,82366500,82530500,164000
150291,chr7,82365500,83199500,834000
150292,chr7,82434500,82516500,82000
150294,chr7,83217500,83324500,107000
150296,chr7,83281500,83541500,260000
150298,chr7,83460500,83532500,72000
150299,chr7,83541500,83801500,260000
150300,chr7,83564500,83736500,172000
150301,chr7,83564500,83922500,358000
150302,chr7,83564500,83964500,400000
150303,chr7,83737500,83922500,185000
150304,chr7,83737500,83964500,227000
150309,chr7,91752500,92171500,419000
150310,chr7,91753500,92199500,446000
150312,chr7,91753500,92057500,304000
150313,chr7,92211500,92286500,75000
150314,chr7,92210500,92522500,312000
150315,chr7,92277500,92587500,310000
150316,chr7,92279500,92542500,263000
150319,chr7,92390500,92523500,133000
150320,chr7,92590500,92745500,155000
150330,chr7,91753500,91973500,220000
150336,chr7,96169500,96418500,249000
150337,chr7,96168500,96563500,395000
150338,chr7,96204500,96564500,360000
150339,chr7,96418500,96563500,145000
150341,chr7,96620500,96734500,114000
150342,chr7,96619500,96946500,327000
150346,chr7,97073500,97182500,109000
150347,chr7,97075500,97131500,56000
150351,chr7,97325500,97626500,301000
150352,chr7,97395500,97768500,373000
150353,chr7,97396500,97569500,173000
150354,chr7,97396500,97626500,230000
150355,chr7,97397500,97494500,97000
150356,chr7,97633500,97769500,136000
150357,chr7,97721500,97769500,48000
150358,chr7,103848500,104089500,241000
150359,chr7,103849500,104252500,403000
150362,chr7,104094500,104252500,158000
150363,chr7,104821500,105126500,305000
150364,chr7,104820500,105164500,344000
150365,chr7,104875500,105164500,289000
150366,chr7,105061500,105126500,65000
150367,chr7,105060500,105164500,104000
150368,chr7,105183500,105252500,69000
150369,chr7,105288500,105388500,100000
150370,chr7,105288500,105460500,172000
150372,chr7,97998500,98079500,81000
150373,chr7,98130500,98257500,127000
150374,chr7,98130500,98346500,216000
150375,chr7,98130500,98728500,598000
150377,chr7,98332500,98727500,395000
150379,chr7,98392500,98486500,94000
150380,chr7,98392500,98677500,285000
150381,chr7,98392500,98728500,336000
150382,chr7,98392500,98800500,408000
150384,chr7,98487500,98728500,241000
150385,chr7,98873500,99100500,227000
150386,chr7,98982500,99100500,118000
150387,chr7,99025500,99099500,74000
150390,chr7,99148500,99360500,212000
150391,chr7,99149500,99239500,90000
150392,chr7,99149500,99275500,126000
150393,chr7,99149500,99447500,298000
150394,chr7,99149500,99525500,376000
150395,chr7,99150500,99205500,55000
150396,chr7,99268500,99447500,179000
150397,chr7,99269500,99525500,256000
150400,chr7,99308500,99447500,139000
150401,chr7,99308500,99525500,217000
150402,chr7,99463500,99525500,62000
150403,chr7,99638500,99773500,135000
150404,chr7,99773500,99837500,64000
150405,chr7,99929500,99974500,45000
150407,chr7,101906500,102067500,161000
150413,chr7,102161500,102569500,408000
150414,chr7,102163500,102401500,238000
150415,chr7,102314500,102568500,254000
150416,chr7,102344500,102569500,225000
150421,chr7,100169500,100314500,145000
150422,chr7,100556500,100701500,145000
150423,chr7,100608500,100880500,272000
150424,chr7,100607500,100701500,94000
150425,chr7,100637500,100700500,63000
150426,chr7,100709500,101190500,481000
150427,chr7,100710500,100880500,170000
150428,chr7,100711500,100938500,227000
150429,chr7,100710500,101023500,313000
150430,chr7,100710500,101151500,441000
150433,chr7,100711500,101061500,350000
150434,chr7,100757500,100951500,194000
150435,chr7,101099500,101152500,53000
150436,chr7,101099500,101299500,200000
150439,chr7,101313500,101552500,239000
150441,chr7,101471500,101546500,75000
150444,chr7,101568500,101684500,116000
150445,chr7,101583500,101714500,131000
150449,chr7,106815500,107155500,340000
150452,chr7,106815500,107125500,310000
150454,chr7,106816500,107347500,531000
150457,chr7,107260500,107378500,118000
150466,chr7,108738500,108817500,79000
150467,chr7,108738500,109023500,285000
150469,chr7,108829500,109023500,194000
150470,chr7,109127500,109218500,91000
150471,chr7,109128500,109280500,152000
150472,chr7,109305500,109565500,260000
150473,chr7,109306500,109491500,185000
150474,chr7,109392500,109491500,99000
150477,chr7,109764500,109865500,101000
150482,chr7,109820500,110228500,408000
150483,chr7,109886500,110031500,145000
150484,chr7,109886500,110229500,343000
150485,chr7,109886500,110326500,440000
150486,chr7,109886500,110400500,514000
150487,chr7,110247500,110401500,154000
150488,chr7,110327500,110546500,219000
150490,chr7,110327500,110400500,73000
150492,chr7,110415500,110546500,131000
150493,chr7,110415500,110614500,199000
150496,chr7,110649500,110841500,192000
150498,chr7,110782500,110904500,122000
150500,chr7,110782500,111568500,786000
150502,chr7,110849500,110904500,55000
150504,chr7,111160500,111568500,408000
150505,chr7,111381500,111568500,187000
150506,chr7,111684500,111778500,94000
150507,chr7,111684500,111968500,284000
150508,chr7,111782500,111968500,186000
150509,chr7,111977500,112516500,539000
150510,chr7,111977500,112731500,754000
150513,chr7,111999500,112466500,467000
150514,chr7,112067500,112508500,441000
150515,chr7,112068500,112383500,315000
150516,chr7,112069500,112226500,157000
150517,chr7,112069500,112467500,398000
150519,chr7,112243500,112468500,225000
150520,chr7,112244500,112383500,139000
150521,chr7,112289500,112424500,135000
150523,chr7,112518500,112911500,393000
150524,chr7,112519500,112670500,151000
150525,chr7,112519500,112730500,211000
150526,chr7,112743500,112910500,167000
150527,chr7,112743500,112850500,107000
150529,chr7,112857500,112911500,54000
150533,chr7,113208500,113305500,97000
150534,chr7,113208500,113620500,412000
150535,chr7,113234500,113305500,71000
150536,chr7,113314500,113619500,305000
150537,chr7,113372500,113497500,125000
150538,chr7,113666500,113812500,146000
150541,chr7,116058500,116208500,150000
150542,chr7,116131500,116207500,76000
150544,chr7,116301500,116783500,482000
150547,chr7,116301500,116502500,201000
150552,chr7,116982500,117222500,240000
150555,chr7,117465500,117655500,190000
150556,chr7,117715500,117841500,126000
150560,chr7,113884500,114318500,434000
150562,chr7,114179500,114271500,92000
150563,chr7,114179500,114319500,140000
150564,chr7,114179500,114417500,238000
150565,chr7,114331500,114416500,85000
150567,chr7,114522500,115636500,1114000
150572,chr7,114816500,115637500,821000
150573,chr7,114965500,115639500,674000
150574,chr7,114966500,115297500,331000
150576,chr7,115052500,115297500,245000
150578,chr7,115052500,115637500,585000
150579,chr7,115331500,115632500,301000
150580,chr7,115466500,115630500,164000
150581,chr7,115661500,115712500,51000
150584,chr7,117904500,118008500,104000
150585,chr7,117904500,118036500,132000
150586,chr7,117904500,118118500,214000
150589,chr7,118036500,118118500,82000
150592,chr7,118338500,118595500,257000
150593,chr7,118365500,118595500,230000
150594,chr7,118419500,118594500,175000
150595,chr7,118454500,118594500,140000
150599,chr7,118621500,118784500,163000
150603,chr7,119448500,119643500,195000
150604,chr7,119448500,119697500,249000
150606,chr7,119448500,119803500,355000
150608,chr7,119698500,119803500,105000
150609,chr7,119804500,119926500,122000
150615,chr7,120269500,120423500,154000
150617,chr7,120355500,120421500,66000
150618,chr7,120435500,120516500,81000
150619,chr7,120435500,120580500,145000
150620,chr7,120435500,120719500,284000
150622,chr7,120534500,120719500,185000
150626,chr7,120730500,121240500,510000
150627,chr7,120759500,121240500,481000
150630,chr7,121333500,121498500,165000
150631,chr7,121333500,121562500,229000
150632,chr7,121434500,121562500,128000
150634,chr7,121799500,121841500,42000
150641,chr7,123983500,124382500,399000
150644,chr7,125019500,125180500,161000
150645,chr7,125019500,125238500,219000
150646,chr7,125070500,125180500,110000
150647,chr7,125070500,125238500,168000
150648,chr7,125320500,125689500,369000
150649,chr7,125382500,125688500,306000
150651,chr7,125860500,125977500,117000
150652,chr7,125923500,125977500,54000
150655,chr7,121796500,122539500,743000
150656,chr7,121798500,122058500,260000
150657,chr7,121850500,122058500,208000
150658,chr7,121882500,122058500,176000
150660,chr7,122069500,122487500,418000
150661,chr7,122069500,122407500,338000
150662,chr7,122070500,122267500,197000
150666,chr7,122593500,122782500,189000
150667,chr7,122638500,123064500,426000
150668,chr7,122804500,123064500,260000
150669,chr7,122805500,122876500,71000
150670,chr7,122805500,123100500,295000
150671,chr7,122806500,122972500,166000
150672,chr7,122810500,122936500,126000
150673,chr7,122834500,123065500,231000
150675,chr7,122895500,123064500,169000
150676,chr7,122998500,123063500,65000
150680,chr7,125860500,126127500,267000
150681,chr7,125923500,126127500,204000
150682,chr7,125998500,126076500,78000
150683,chr7,125999500,126127500,128000
150684,chr7,126080500,126127500,47000
150687,chr7,126182500,126293500,111000
150688,chr7,126187500,126236500,49000
150689,chr7,126243500,126292500,49000
150691,chr7,126379500,126706500,327000
150693,chr7,126394500,126623500,229000
150694,chr7,126394500,126808500,414000
150697,chr7,126421500,126595500,174000
150699,chr7,126420500,126705500,285000
150700,chr7,126421500,126562500,141000
150702,chr7,126547500,126706500,159000
150703,chr7,126615500,126705500,90000
150705,chr7,126710500,126828500,118000
150708,chr7,126908500,127098500,190000
150709,chr7,126961500,127098500,137000
150710,chr7,127037500,127097500,60000
150715,chr7,127274500,127360500,86000
150717,chr7,127517500,127807500,290000
150719,chr7,127847500,127946500,99000
150723,chr7,127907500,128291500,384000
150725,chr7,127974500,128292500,318000
150726,chr7,128010500,128291500,281000
150727,chr7,128076500,128190500,114000
150728,chr7,128076500,128291500,215000
150729,chr7,128165500,128291500,126000
150731,chr7,128461500,128836500,375000
150732,chr7,128461500,128908500,447000
150734,chr7,128910500,129107500,197000
150735,chr7,129030500,129108500,78000
150736,chr7,129031500,129192500,161000
150737,chr7,129252500,129983500,731000
150738,chr7,129254500,129872500,618000
150739,chr7,129551500,129872500,321000
150744,chr7,136090500,136659500,569000
150745,chr7,136091500,136329500,238000
150746,chr7,136091500,136921500,830000
150747,chr7,136192500,136409500,217000
150748,chr7,136192500,136662500,470000
150749,chr7,136192500,136921500,729000
150750,chr7,136193500,136328500,135000
150754,chr7,136657500,136922500,265000
150755,chr7,136716500,136921500,205000
150757,chr7,136925500,137039500,114000
150758,chr7,136926500,137070500,144000
150759,chr7,137079500,137686500,607000
150760,chr7,137080500,137152500,72000
150761,chr7,137080500,137203500,123000
150762,chr7,137080500,137385500,305000
150763,chr7,137205500,137385500,180000
150764,chr7,137205500,137686500,481000
150765,chr7,129253500,130078500,825000
150766,chr7,129873500,130078500,205000
150767,chr7,130135500,130249500,114000
150768,chr7,130134500,130365500,231000
150769,chr7,130203500,130247500,44000
150770,chr7,130372500,130593500,221000
150771,chr7,130373500,130517500,144000
150774,chr7,130429500,130516500,87000
150779,chr7,131034500,131142500,108000
150780,chr7,131034500,131484500,450000
150783,chr7,131071500,131484500,413000
150784,chr7,131140500,131484500,344000
150786,chr7,131200500,131483500,283000
150787,chr7,131500500,131815500,315000
150788,chr7,131845500,131948500,103000
150790,chr7,133458500,134148500,690000
150792,chr7,134561500,134989500,428000
150793,chr7,134562500,134766500,204000
150794,chr7,134562500,134948500,386000
150795,chr7,134562500,135088500,526000
150796,chr7,135005500,135088500,83000
150797,chr7,135006500,135229500,223000
150799,chr7,135006500,135271500,265000
150800,chr7,135092500,135229500,137000
150802,chr7,135091500,135270500,179000
150805,chr7,135138500,135227500,89000
150807,chr7,135139500,135270500,131000
150808,chr7,135393500,135745500,352000
150810,chr7,135439500,135611500,172000
150811,chr7,135439500,135744500,305000
150812,chr7,135490500,135744500,254000
150813,chr7,135612500,135744500,132000
150814,chr7,135754500,135896500,142000
150820,chr7,131500500,132152500,652000
150821,chr7,131828500,132075500,247000
150822,chr7,131828500,132153500,325000
150823,chr7,131828500,132240500,412000
150824,chr7,131828500,132500500,672000
150825,chr7,132076500,132153500,77000
150826,chr7,132154500,132500500,346000
150829,chr7,132258500,132412500,154000
150830,chr7,132258500,132499500,241000
150831,chr7,132336500,132412500,76000
150832,chr7,132533500,132725500,192000
150835,chr7,132606500,132725500,119000
150837,chr7,132634500,132735500,101000
150841,chr7,133286500,133426500,140000
150842,chr7,133311500,133359500,48000
150843,chr7,133407500,133824500,417000
150846,chr7,133455500,133984500,529000
150847,chr7,133457500,133903500,446000
150848,chr7,133457500,133950500,493000
150849,chr7,133458500,133824500,366000
150850,chr7,133561500,133824500,263000
150858,chr7,138000500,138430500,430000
150859,chr7,138099500,138429500,330000
150860,chr7,138336500,138525500,189000
150861,chr7,138336500,138429500,93000
150862,chr7,138647500,139053500,406000
150863,chr7,138648500,138879500,231000
150864,chr7,138787500,139053500,266000
150865,chr7,138813500,138878500,65000
150866,chr7,138828500,139162500,334000
150867,chr7,138882500,139161500,279000
150868,chr7,138883500,139053500,170000
150869,chr7,139163500,139525500,362000
150871,chr7,139196500,139442500,246000
150872,chr7,139227500,139442500,215000
150873,chr7,139228500,139643500,415000
150874,chr7,139283500,139441500,158000
150875,chr7,139486500,139574500,88000
150876,chr7,139486500,139642500,156000
150877,chr7,139549500,139642500,93000
150878,chr7,139660500,139720500,60000
150880,chr7,141870500,142134500,264000
150881,chr7,141888500,142228500,340000
150883,chr7,141982500,142229500,247000
150885,chr7,142039500,142227500,188000
150886,chr7,142091500,142226500,135000
150887,chr7,142164500,142226500,62000
150891,chr7,142290500,142404500,114000
150892,chr7,142448500,142640500,192000
150898,chr7,142625500,143057500,432000
150900,chr7,142706500,143060500,354000
150901,chr7,142706500,143301500,595000
150902,chr7,142707500,143019500,312000
150903,chr7,142849500,143016500,167000
150904,chr7,143033500,143302500,269000
150905,chr7,143061500,143303500,242000
150906,chr7,143098500,143249500,151000
150907,chr7,143164500,143250500,86000
150908,chr7,143166500,143302500,136000
150910,chr7,143260500,143317500,57000
150911,chr7,143347500,143461500,114000
150912,chr7,143382500,143461500,79000
150913,chr7,143630500,143979500,349000
150914,chr7,143771500,143979500,208000
150916,chr7,139658500,140389500,731000
150917,chr7,139660500,140483500,823000
150918,chr7,139767500,140386500,619000
150919,chr7,140424500,140483500,59000
150920,chr7,140424500,140628500,204000
150921,chr7,140424500,140755500,331000
150922,chr7,140487500,140755500,268000
150923,chr7,140488500,140628500,140000
150924,chr7,140538500,140628500,90000
150925,chr7,140538500,140755500,217000
150927,chr7,140652500,140755500,103000
150928,chr7,140816500,140892500,76000
150931,chr7,140989500,141104500,115000
150932,chr7,141060500,141104500,44000
150933,chr7,141060500,141253500,193000
150935,chr7,141110500,141253500,143000
150938,chr7,141309500,141478500,169000
150939,chr7,141699500,141803500,104000
150942,chr7,141699500,141836500,137000
150944,chr7,141888500,141989500,101000
150949,chr7,144138500,144461500,323000
150950,chr7,144139500,144330500,191000
150951,chr7,144344500,144448500,104000
150952,chr7,144400500,144442500,42000
150956,chr7,144489500,144797500,308000
150957,chr7,144491500,144667500,176000
150958,chr7,144491500,144774500,283000
150959,chr7,144494500,144692500,198000
150960,chr8,3229500,3381500,152000
150961,chr8,3271500,3329500,58000
150962,chr8,3407500,3724500,317000
150963,chr8,3517500,3723500,206000
150964,chr8,3609500,3723500,114000
150965,chr8,3678500,3722500,44000
150971,chr8,4463500,4639500,176000
150978,chr8,8536500,8709500,173000
150979,chr8,8538500,8659500,121000
150980,chr8,8739500,9042500,303000
150981,chr8,8784500,9042500,258000
150982,chr8,8921500,9037500,116000
150983,chr8,9128500,9225500,97000
150987,chr8,9281500,9630500,349000
150988,chr8,9282500,9501500,219000
151000,chr8,10094500,10350500,256000
151001,chr8,10094500,10452500,358000
151003,chr8,10465500,11236500,771000
151004,chr8,10465500,11265500,800000
151005,chr8,10489500,11059500,570000
151007,chr8,10624500,11237500,613000
151008,chr8,10624500,11265500,641000
151010,chr8,10714500,11058500,344000
151011,chr8,10974500,11058500,84000
151012,chr8,11059500,11237500,178000
151013,chr8,11303500,11443500,140000
151014,chr8,11303500,11471500,168000
151015,chr8,11480500,11751500,271000
151016,chr8,11481500,11762500,281000
151017,chr8,11481500,11536500,55000
151018,chr8,11556500,11666500,110000
151019,chr8,11557500,11750500,193000
151020,chr8,11557500,11762500,205000
151021,chr8,11597500,11750500,153000
151022,chr8,11606500,11685500,79000
151023,chr8,11686500,11751500,65000
151025,chr8,13942500,14182500,240000
151026,chr8,13982500,14102500,120000
151037,chr8,14408500,14891500,483000
151038,chr8,14771500,14892500,121000
151039,chr8,14908500,15094500,186000
151040,chr8,14945500,15093500,148000
151041,chr8,15002500,15093500,91000
151042,chr8,15188500,15320500,132000
151062,chr8,12007500,12439500,432000
151063,chr8,12007500,12472500,465000
151064,chr8,12007500,12613500,606000
151065,chr8,12007500,12656500,649000
151066,chr8,12007500,12728500,721000
151068,chr8,12049500,12438500,389000
151069,chr8,12049500,12612500,563000
151070,chr8,12050500,12242500,192000
151072,chr8,12441500,12657500,216000
151073,chr8,12441500,12612500,171000
151076,chr8,12447500,12552500,105000
151077,chr8,12471500,12609500,138000
151078,chr8,12658500,12727500,69000
151079,chr8,13028500,13182500,154000
151080,chr8,13028500,13264500,236000
151081,chr8,13201500,13304500,103000
151082,chr8,13201500,13264500,63000
151084,chr8,13462500,13803500,341000
151085,chr8,13462500,13836500,374000
151086,chr8,13463500,13599500,136000
151087,chr8,13505500,13803500,298000
151088,chr8,13600500,13727500,127000
151089,chr8,13600500,13835500,235000
151090,chr8,13601500,13803500,202000
151091,chr8,13738500,13801500,63000
151092,chr8,13836500,13939500,103000
151098,chr8,18511500,18562500,51000
151099,chr8,18645500,18896500,251000
151100,chr8,18666500,18800500,134000
151101,chr8,18897500,18947500,50000
151103,chr8,19004500,19211500,207000
151105,chr8,22246500,22445500,199000
151109,chr8,22681500,23110500,429000
151110,chr8,22801500,23064500,263000
151111,chr8,22801500,23113500,312000
151112,chr8,22923500,23112500,189000
151114,chr8,22923500,23063500,140000
151117,chr8,23292500,23418500,126000
151118,chr8,23291500,23598500,307000
151119,chr8,23294500,23386500,92000
151120,chr8,23292500,23518500,226000
151121,chr8,23294500,23649500,355000
151122,chr8,23297500,23349500,52000
151125,chr8,23350500,23646500,296000
151126,chr8,23518500,23598500,80000
151127,chr8,23518500,23649500,131000
151128,chr8,23670500,23724500,54000
151129,chr8,23730500,24022500,292000
151130,chr8,24088500,24166500,78000
151131,chr8,24087500,24572500,485000
151132,chr8,24086500,24647500,561000
151133,chr8,24086500,24730500,644000
151135,chr8,24086500,25015500,929000
151136,chr8,24087500,24875500,788000
151139,chr8,24768500,25015500,247000
151140,chr8,24769500,24876500,107000
151141,chr8,24884500,25015500,131000
151142,chr8,25037500,25095500,58000
151143,chr8,25038500,25203500,165000
151144,chr8,25037500,25438500,401000
151148,chr8,25314500,25438500,124000
151149,chr8,25506500,25593500,87000
151150,chr8,25534500,25641500,107000
151151,chr8,25593500,25689500,96000
151160,chr8,31788500,31947500,159000
151164,chr8,32009500,32493500,484000
151167,chr8,32499500,32712500,213000
151168,chr8,32499500,32778500,279000
151170,chr8,32712500,32780500,68000
151177,chr8,33556500,33674500,118000
151178,chr8,27852500,28166500,314000
151186,chr8,25757500,26156500,399000
151187,chr8,25756500,26659500,903000
151188,chr8,25757500,26117500,360000
151190,chr8,25765500,26065500,300000
151191,chr8,25851500,26065500,214000
151192,chr8,26234500,26658500,424000
151195,chr8,26282500,26659500,377000
151198,chr8,26416500,26658500,242000
151199,chr8,26609500,26648500,39000
151201,chr8,26674500,27472500,798000
151203,chr8,26762500,27471500,709000
151205,chr8,26835500,26933500,98000
151206,chr8,26835500,27472500,637000
151207,chr8,26871500,27471500,600000
151208,chr8,26933500,27472500,539000
151209,chr8,27177500,27471500,294000
151210,chr8,27547500,27610500,63000
151211,chr8,27547500,27680500,133000
151212,chr8,27547500,27770500,223000
151213,chr8,27627500,27677500,50000
151215,chr8,27627500,27770500,143000
151217,chr8,27852500,27928500,76000
151220,chr8,40604500,40871500,267000
151222,chr8,40749500,40834500,85000
151223,chr8,40750500,40871500,121000
151225,chr8,41036500,41382500,346000
151227,chr8,41379500,41496500,117000
151229,chr8,41440500,41495500,55000
151230,chr8,41510500,41644500,134000
151235,chr8,34256500,34449500,193000
151237,chr8,34422500,34532500,110000
151238,chr8,34471500,34532500,61000
151239,chr8,34502500,34567500,65000
151241,chr8,34647500,34951500,304000
151242,chr8,34647500,35283500,636000
151243,chr8,34647500,35310500,663000
151245,chr8,34671500,35283500,612000
151248,chr8,34864500,35282500,418000
151249,chr8,34952500,35282500,330000
151250,chr8,35157500,35274500,117000
151251,chr8,35197500,35274500,77000
151252,chr8,35289500,35673500,384000
151253,chr8,35342500,35626500,284000
151254,chr8,35342500,35935500,593000
151255,chr8,35628500,35933500,305000
151257,chr8,36192500,36317500,125000
151258,chr8,36192500,36651500,459000
151260,chr8,36327500,36813500,486000
151261,chr8,36327500,36651500,324000
151264,chr8,36392500,36656500,264000
151265,chr8,36492500,36654500,162000
151266,chr8,36561500,36652500,91000
151267,chr8,36668500,36813500,145000
151268,chr8,36669500,36989500,320000
151269,chr8,36828500,36904500,76000
151270,chr8,36828500,36990500,162000
151271,chr8,36999500,37299500,300000
151273,chr8,43846500,44479500,633000
151275,chr8,45508500,45690500,182000
151277,chr8,43631500,43784500,153000
151278,chr8,43706500,43783500,77000
151280,chr8,45908500,46233500,325000
151281,chr8,46605500,46663500,58000
151282,chr8,46617500,46664500,47000
151283,chr8,46639500,46689500,50000
151284,chr8,46665500,46747500,82000
151285,chr8,46695500,46758500,63000
151286,chr8,46695500,47000500,305000
151288,chr8,46763500,47000500,237000
151293,chr8,47388500,47824500,436000
151294,chr8,47469500,47658500,189000
151295,chr8,47469500,47824500,355000
151296,chr8,47658500,47823500,165000
151297,chr8,48007500,48144500,137000
151298,chr8,48128500,48166500,38000
151302,chr8,48197500,48300500,103000
151303,chr8,48198500,48468500,270000
151304,chr8,48320500,48405500,85000
151305,chr8,48322500,48469500,147000
151306,chr8,48325500,48372500,47000
151308,chr8,48675500,48980500,305000
151310,chr8,48675500,49488500,813000
151311,chr8,48732500,48980500,248000
151314,chr8,49197500,49489500,292000
151315,chr8,49204500,49296500,92000
151316,chr8,54060500,54117500,57000
151318,chr8,54322500,54944500,622000
151321,chr8,56516500,56938500,422000
151322,chr8,57882500,57983500,101000
151325,chr8,57882500,58254500,372000
151327,chr8,57992500,58252500,260000
151328,chr8,58028500,58105500,77000
151329,chr8,58105500,58247500,142000
151331,chr8,60958500,61319500,361000
151334,chr8,61495500,61969500,474000
151336,chr8,64477500,65049500,572000
151337,chr8,64657500,65000500,343000
151338,chr8,65071500,65394500,323000
151339,chr8,65072500,65144500,72000
151341,chr8,65186500,65398500,212000
151342,chr8,65230500,65395500,165000
151343,chr8,65302500,65397500,95000
151344,chr8,65416500,65563500,147000
151346,chr8,61992500,62327500,335000
151348,chr8,61993500,62139500,146000
151349,chr8,62152500,62513500,361000
151350,chr8,62153500,62327500,174000
151354,chr8,62534500,62876500,342000
151359,chr8,66904500,66949500,45000
151361,chr8,67149500,67367500,218000
151362,chr8,67884500,68267500,383000
151363,chr8,67884500,68349500,465000
151365,chr8,68370500,68413500,43000
151368,chr8,68440500,68813500,373000
151373,chr8,69291500,69476500,185000
151374,chr8,69329500,69475500,146000
151376,chr8,69571500,69658500,87000
151377,chr8,69572500,69721500,149000
151378,chr8,69780500,70305500,525000
151382,chr8,69781500,70067500,286000
151384,chr8,70327500,70620500,293000
151385,chr8,70326500,70676500,350000
151386,chr8,70335500,70538500,203000
151388,chr8,70372500,70454500,82000
151389,chr8,70557500,70619500,62000
151390,chr8,70827500,70944500,117000
151391,chr8,70868500,70956500,88000
151392,chr8,71173500,71294500,121000
151395,chr8,71358500,71725500,367000
151396,chr8,71834500,71928500,94000
151397,chr8,71894500,71971500,77000
151400,chr8,72014500,72085500,71000
151401,chr8,72014500,72113500,99000
151407,chr8,72859500,73011500,152000
151408,chr8,72931500,73011500,80000
151409,chr8,73015500,73119500,104000
151410,chr8,73015500,73203500,188000
151411,chr8,73015500,73344500,329000
151413,chr8,73177500,73344500,167000
151415,chr8,73407500,73472500,65000
151421,chr8,77514500,77743500,229000
151423,chr8,78145500,78299500,154000
151424,chr8,78146500,78251500,105000
151427,chr8,78356500,78777500,421000
151433,chr8,78789500,79194500,405000
151435,chr8,78789500,78854500,65000
151436,chr8,78789500,78930500,141000
151437,chr8,78789500,78963500,174000
151441,chr8,78851500,79194500,343000
151442,chr8,78852500,78930500,78000
151443,chr8,78964500,79094500,130000
151445,chr8,78965500,79194500,229000
151447,chr8,78965500,79469500,504000
151449,chr8,79003500,79194500,191000
151451,chr8,79199500,79468500,269000
151456,chr8,75760500,75939500,179000
151457,chr8,75798500,75835500,37000
151458,chr8,75798500,75944500,146000
151459,chr8,75860500,75944500,84000
151461,chr8,79756500,80021500,265000
151464,chr8,80021500,80125500,104000
151466,chr8,80025500,80215500,190000
151467,chr8,80025500,80311500,286000
151472,chr8,80460500,81209500,749000
151473,chr8,80461500,80783500,322000
151477,chr8,81219500,81414500,195000
151479,chr8,81436500,81723500,287000
151480,chr8,81465500,81585500,120000
151481,chr8,81590500,81722500,132000
151483,chr8,83826500,84134500,308000
151486,chr8,83987500,84133500,146000
151488,chr8,84059500,84169500,110000
151489,chr8,84452500,84621500,169000
151490,chr8,84453500,84668500,215000
151491,chr8,84510500,84621500,111000
151496,chr8,84737500,84920500,183000
151498,chr8,84766500,85083500,317000
151507,chr8,85091500,85237500,146000
151508,chr8,85090500,85296500,206000
151513,chr8,85433500,85512500,79000
151514,chr8,85435500,85539500,104000
151515,chr8,85703500,85751500,48000
151518,chr8,82076500,82533500,457000
151520,chr8,83077500,83415500,338000
151525,chr8,83589500,83815500,226000
151526,chr8,83827500,83895500,68000
151531,chr8,87660500,88201500,541000
151532,chr8,87660500,88262500,602000
151533,chr8,87945500,88197500,252000
151534,chr8,87945500,88262500,317000
151539,chr8,88321500,88749500,428000
151542,chr8,88321500,88475500,154000
151543,chr8,88321500,88835500,514000
151544,chr8,88367500,88750500,383000
151545,chr8,88390500,88474500,84000
151546,chr8,88442500,88750500,308000
151547,chr8,88590500,88748500,158000
151548,chr8,88633500,88750500,117000
151549,chr8,88687500,88748500,61000
151550,chr8,88994500,89086500,92000
151551,chr8,88994500,89117500,123000
151552,chr8,88994500,89348500,354000
151553,chr8,88995500,89481500,486000
151554,chr8,89089500,89423500,334000
151556,chr8,89180500,89351500,171000
151557,chr8,89248500,89354500,106000
151558,chr8,89349500,89481500,132000
151560,chr8,89674500,89771500,97000
151563,chr8,86038500,86124500,86000
151564,chr8,86184500,86253500,69000
151565,chr8,86184500,86391500,207000
151568,chr8,86389500,87311500,922000
151570,chr8,86425500,87092500,667000
151572,chr8,86426500,87262500,836000
151574,chr8,86426500,87311500,885000
151577,chr8,87314500,87634500,320000
151578,chr8,87351500,87628500,277000
151580,chr8,87547500,87631500,84000
151581,chr8,87660500,87945500,285000
151585,chr8,92215500,92524500,309000
151588,chr8,92259500,92524500,265000
151589,chr8,92258500,92739500,481000
151591,chr8,92258500,93092500,834000
151592,chr8,92260500,92694500,434000
151594,chr8,92525500,92693500,168000
151595,chr8,92525500,92739500,214000
151596,chr8,92527500,92791500,264000
151599,chr8,92527500,93084500,557000
151600,chr8,92528500,92860500,332000
151605,chr8,92794500,93084500,290000
151606,chr8,92860500,93085500,225000
151608,chr8,93089500,93185500,96000
151609,chr8,93090500,93340500,250000
151610,chr8,93373500,93519500,146000
151612,chr8,93401500,93519500,118000
151613,chr8,93544500,93609500,65000
151614,chr8,93544500,93724500,180000
151617,chr8,93623500,93724500,101000
151618,chr8,93652500,93723500,71000
151623,chr8,95670500,96029500,359000
151626,chr8,96075500,96161500,86000
151627,chr8,96073500,96316500,243000
151628,chr8,96074500,96424500,350000
151631,chr8,96328500,96424500,96000
151632,chr8,96328500,96558500,230000
151636,chr8,96440500,96559500,119000
151642,chr8,93738500,94156500,418000
151643,chr8,93738500,94222500,484000
151645,chr8,93786500,94157500,371000
151650,chr8,94158500,94221500,63000
151651,chr8,94388500,94659500,271000
151655,chr8,94703500,94929500,226000
151657,chr8,94835500,94926500,91000
151659,chr8,95057500,95218500,161000
151660,chr8,95058500,95122500,64000
151662,chr8,95219500,95540500,321000
151663,chr8,95257500,95426500,169000
151664,chr8,95431500,95539500,108000
151665,chr8,95431500,95636500,205000
151666,chr8,95467500,95537500,70000
151667,chr8,95544500,95635500,91000
151669,chr8,95669500,95946500,277000
151670,chr8,95676500,95728500,52000
151671,chr8,95752500,95930500,178000
151672,chr8,95794500,95930500,136000
151673,chr8,95825500,95962500,137000
151677,chr8,89670500,90209500,539000
151678,chr8,89671500,90298500,627000
151680,chr8,90298500,90511500,213000
151681,chr8,90358500,90510500,152000
151682,chr8,90577500,90710500,133000
151683,chr8,90576500,91520500,944000
151687,chr8,90727500,91385500,658000
151688,chr8,90727500,91435500,708000
151689,chr8,90727500,91519500,792000
151691,chr8,91075500,91397500,322000
151693,chr8,91540500,91683500,143000
151694,chr8,91555500,91634500,79000
151695,chr8,91558500,91605500,47000
151703,chr8,104872500,104946500,74000
151704,chr8,105070500,105169500,99000
151705,chr8,105070500,105130500,60000
151707,chr8,105070500,105297500,227000
151709,chr8,105793500,105985500,192000
151711,chr8,105848500,105985500,137000
151712,chr8,107831500,108051500,220000
151714,chr8,107839500,108017500,178000
151715,chr8,107844500,108050500,206000
151716,chr8,107908500,108051500,143000
151717,chr8,108113500,108301500,188000
151718,chr8,108182500,108299500,117000
151719,chr8,108329500,108411500,82000
151721,chr8,108330500,108383500,53000
151724,chr8,108542500,108827500,285000
151725,chr8,108608500,108828500,220000
151726,chr8,109300500,109638500,338000
151727,chr8,109300500,109741500,441000
151729,chr8,109302500,109423500,121000
151730,chr8,109613500,109741500,128000
151733,chr8,112069500,112166500,97000
151734,chr8,112069500,112388500,319000
151735,chr8,112261500,112389500,128000
151736,chr8,112405500,112551500,146000
151737,chr8,112405500,112648500,243000
151738,chr8,112405500,112717500,312000
151739,chr8,112405500,112761500,356000
151740,chr8,112440500,112551500,111000
151741,chr8,112607500,112761500,154000
151742,chr8,112788500,113040500,252000
151743,chr8,112787500,112963500,176000
151744,chr8,112788500,113225500,437000
151751,chr8,105793500,106011500,218000
151753,chr8,105848500,106009500,161000
151754,chr8,106210500,106280500,70000
151755,chr8,106348500,106515500,167000
151756,chr8,106428500,106627500,199000
151757,chr8,106434500,106582500,148000
151758,chr8,106440500,106749500,309000
151759,chr8,106440500,106842500,402000
151760,chr8,106441500,106514500,73000
151761,chr8,106441500,106657500,216000
151762,chr8,106627500,106737500,110000
151763,chr8,106867500,106925500,58000
151764,chr8,106984500,107130500,146000
151765,chr8,107159500,107259500,100000
151766,chr8,107288500,107374500,86000
151772,chr8,110067500,110194500,127000
151773,chr8,110066500,110262500,196000
151774,chr8,110141500,110262500,121000
151776,chr8,110293500,110334500,41000
151777,chr8,110335500,110419500,84000
151778,chr8,110335500,110505500,170000
151779,chr8,110419500,110505500,86000
151780,chr8,110580500,110644500,64000
151783,chr8,110697500,110798500,101000
151784,chr8,110737500,110798500,61000
151785,chr8,110846500,111205500,359000
151786,chr8,110857500,111205500,348000
151787,chr8,110895500,111205500,310000
151788,chr8,110928500,111204500,276000
151789,chr8,111215500,111276500,61000
151790,chr8,111215500,111330500,115000
151791,chr8,111372500,111453500,81000
151792,chr8,111476500,111583500,107000
151794,chr8,111477500,111533500,56000
151795,chr8,111477500,111620500,143000
151797,chr8,111551500,111710500,159000
151798,chr8,111704500,111772500,68000
151800,chr8,111822500,111871500,49000
151804,chr8,114391500,114541500,150000
151805,chr8,114391500,114710500,319000
151806,chr8,114392500,114789500,397000
151808,chr8,114578500,114709500,131000
151813,chr8,114805500,115163500,358000
151814,chr8,114806500,115095500,289000
151815,chr8,114807500,114903500,96000
151817,chr8,114903500,115096500,193000
151818,chr8,115097500,115164500,67000
151821,chr8,115267500,115697500,430000
151822,chr8,115269500,115442500,173000
151823,chr8,115268500,115496500,228000
151824,chr8,115268500,115659500,391000
151825,chr8,115498500,115698500,200000
151826,chr8,117836500,118199500,363000
151827,chr8,117836500,118296500,460000
151828,chr8,117910500,118197500,287000
151830,chr8,117951500,118106500,155000
151833,chr8,118113500,118192500,79000
151834,chr8,118204500,118295500,91000
151835,chr8,118372500,118454500,82000
151836,chr8,118373500,118590500,217000
151837,chr8,118373500,118498500,125000
151838,chr8,118499500,118590500,91000
151841,chr8,119014500,119576500,562000
151842,chr8,119062500,119577500,515000
151843,chr8,119472500,119576500,104000
151844,chr8,119578500,119791500,213000
151853,chr8,116129500,116436500,307000
151856,chr8,117207500,117330500,123000
151857,chr8,117208500,117597500,389000
151858,chr8,117208500,117482500,274000
151859,chr8,117398500,117525500,127000
151860,chr8,117398500,117597500,199000
151861,chr8,117400500,117459500,59000
151862,chr8,117671500,117705500,34000
151863,chr8,117836500,117905500,69000
151864,chr8,119950500,120024500,74000
151865,chr8,119951500,120111500,160000
151866,chr8,120038500,120110500,72000
151867,chr8,120038500,120403500,365000
151868,chr8,120139500,120246500,107000
151869,chr8,120169500,120332500,163000
151870,chr8,120168500,120403500,235000
151872,chr8,120411500,120800500,389000
151873,chr8,120413500,120506500,93000
151874,chr8,120413500,120570500,157000
151875,chr8,120509500,120570500,61000
151877,chr8,120906500,121047500,141000
151881,chr8,121060500,121261500,201000
151882,chr8,121092500,121261500,169000
151885,chr8,121406500,121819500,413000
151886,chr8,121406500,121523500,117000
151888,chr8,121462500,121813500,351000
151889,chr8,121548500,121819500,271000
151890,chr8,121625500,121818500,193000
151891,chr8,121697500,121819500,122000
151892,chr8,121809500,121846500,37000
151893,chr8,121839500,121942500,103000
151894,chr8,127917500,128314500,397000
151897,chr8,128058500,128314500,256000
151901,chr8,128316500,129089500,773000
151903,chr8,128766500,129089500,323000
151904,chr8,129090500,129217500,127000
151905,chr8,129379500,129435500,56000
151907,chr8,124049500,124088500,39000
151908,chr8,124048500,124143500,95000
151910,chr8,124516500,125075500,559000
151911,chr8,124652500,125076500,424000
151914,chr8,124778500,125076500,298000
151915,chr8,125126500,125300500,174000
151916,chr8,125344500,125404500,60000
151917,chr8,125344500,125553500,209000
151918,chr8,125466500,125554500,88000
151922,chr8,121839500,122240500,401000
151923,chr8,121840500,122043500,203000
151925,chr8,121942500,122240500,298000
151926,chr8,122274500,122412500,138000
151927,chr8,122274500,122325500,51000
151930,chr8,122331500,122401500,70000
151931,chr8,122330500,122478500,148000
151932,chr8,122477500,122659500,182000
151936,chr8,122704500,123059500,355000
151937,chr8,122705500,122996500,291000
151939,chr8,122999500,123060500,61000
151940,chr8,123000500,123096500,96000
151943,chr8,123227500,123278500,51000
151944,chr8,123227500,123557500,330000
151949,chr8,123345500,123557500,212000
151950,chr8,123562500,123836500,274000
151951,chr8,123562500,123929500,367000
151953,chr8,123836500,123928500,92000
151955,chr8,125795500,126597500,802000
151957,chr8,125909500,126585500,676000
151958,chr8,125910500,126018500,108000
151959,chr8,125910500,126297500,387000
151960,chr8,125910500,126446500,536000
151961,chr8,126065500,126297500,232000
151963,chr8,126300500,126446500,146000
151964,chr8,126301500,126586500,285000
151965,chr8,126678500,126983500,305000
151966,chr8,126678500,127210500,532000
151967,chr8,126681500,126807500,126000
151969,chr8,126682500,126932500,250000
151971,chr8,126984500,127210500,226000
151975,chr8,126994500,127109500,115000
151977,chr8,127024500,127109500,85000
151979,chr8,127225500,127540500,315000
151980,chr8,127224500,127601500,377000
151981,chr8,127224500,127612500,388000
151982,chr8,127224500,127648500,424000
151984,chr8,127224500,127701500,477000
151985,chr8,127308500,127601500,293000
151987,chr8,127713500,127905500,192000
151988,chr8,127714500,127790500,76000
151989,chr8,127714500,127865500,151000
151990,chr8,127791500,127853500,62000
151991,chr9,4309500,4376500,67000
151992,chr9,7217500,7595500,378000
151993,chr9,7604500,7712500,108000
151994,chr9,7714500,7855500,141000
151995,chr9,7714500,7897500,183000
151996,chr9,7763500,7836500,73000
151998,chr9,7904500,8208500,304000
151999,chr9,7914500,8004500,90000
152000,chr9,7979500,8074500,95000
152003,chr9,8701500,8964500,263000
152004,chr9,9050500,9374500,324000
152008,chr9,10383500,10464500,81000
152011,chr9,13231500,13628500,397000
152012,chr9,13232500,13564500,332000
152013,chr9,13233500,13719500,486000
152017,chr9,13244500,13598500,354000
152020,chr9,16267500,16411500,144000
152025,chr9,13761500,14299500,538000
152026,chr9,13761500,14253500,492000
152028,chr9,13800500,14300500,500000
152029,chr9,13801500,14253500,452000
152031,chr9,14085500,14144500,59000
152032,chr9,14260500,14362500,102000
152033,chr9,14424500,14610500,186000
152034,chr9,14425500,14676500,251000
152035,chr9,14435500,14514500,79000
152036,chr9,14435500,14565500,130000
152037,chr9,14610500,14675500,65000
152038,chr9,14686500,14926500,240000
152040,chr9,14758500,14926500,168000
152041,chr9,14941500,15150500,209000
152042,chr9,14941500,15196500,255000
152043,chr9,14942500,15032500,90000
152044,chr9,15153500,15194500,41000
152045,chr9,15277500,15521500,244000
152046,chr9,15276500,15592500,316000
152047,chr9,15597500,15791500,194000
152048,chr9,18385500,18656500,271000
152050,chr9,24031500,24427500,396000
152053,chr9,24671500,24938500,267000
152054,chr9,24671500,25017500,346000
152056,chr9,24672500,24893500,221000
152057,chr9,24687500,24730500,43000
152060,chr9,20372500,20553500,181000
152061,chr9,20378500,20742500,364000
152062,chr9,20379500,20627500,248000
152063,chr9,20574500,20626500,52000
152065,chr9,20651500,20771500,120000
152066,chr9,20812500,20910500,98000
152067,chr9,20812500,21046500,234000
152068,chr9,20854500,20909500,55000
152070,chr9,20921500,21047500,126000
152071,chr9,21151500,21459500,308000
152072,chr9,21224500,21268500,44000
152073,chr9,21513500,21716500,203000
152074,chr9,21512500,21782500,270000
152075,chr9,21513500,21862500,349000
152076,chr9,21889500,21966500,77000
152078,chr9,21889500,22054500,165000
152079,chr9,21978500,22054500,76000
152080,chr9,22074500,22229500,155000
152081,chr9,22142500,22319500,177000
152082,chr9,22468500,22926500,458000
152083,chr9,22469500,22615500,146000
152084,chr9,22939500,23125500,186000
152089,chr9,25656500,26033500,377000
152092,chr9,26941500,27211500,270000
152093,chr9,26986500,27088500,102000
152094,chr9,27017500,27087500,70000
152095,chr9,27067500,27211500,144000
152096,chr9,27132500,27198500,66000
152097,chr9,27132500,27237500,105000
152098,chr9,27324500,27650500,326000
152099,chr9,27432500,27650500,218000
152100,chr9,27322500,28159500,837000
152102,chr9,28173500,28315500,142000
152103,chr9,28173500,28660500,487000
152108,chr9,28317500,28660500,343000
152112,chr9,29321500,29369500,48000
152113,chr9,29322500,29497500,175000
152114,chr9,29322500,29556500,234000
152117,chr9,29572500,30176500,604000
152118,chr9,29572500,30334500,762000
152121,chr9,29573500,30226500,653000
152122,chr9,29915500,30210500,295000
152123,chr9,29915500,30175500,260000
152124,chr9,30360500,30994500,634000
152125,chr9,30392500,30467500,75000
152126,chr9,30392500,30848500,456000
152127,chr9,30392500,30995500,603000
152128,chr9,30466500,30848500,382000
152129,chr9,30466500,30996500,530000
152130,chr9,30853500,30995500,142000
152131,chr9,31009500,31060500,51000
152132,chr9,31009500,31260500,251000
152134,chr9,31122500,31192500,70000
152135,chr9,31316500,31454500,138000
152137,chr9,31364500,31454500,90000
152138,chr9,31471500,31836500,365000
152139,chr9,31521500,31837500,316000
152140,chr9,31471500,32070500,599000
152142,chr9,31853500,32070500,217000
152144,chr9,31854500,32096500,242000
152145,chr9,31854500,32182500,328000
152147,chr9,32183500,32498500,315000
152149,chr9,32184500,32299500,115000
152151,chr9,32317500,32498500,181000
152152,chr9,32316500,33007500,691000
152154,chr9,32318500,32452500,134000
152159,chr9,32501500,33006500,505000
152160,chr9,32502500,33158500,656000
152162,chr9,32502500,32851500,349000
152164,chr9,33171500,33681500,510000
152167,chr9,34410500,34662500,252000
152168,chr9,34410500,34772500,362000
152169,chr9,34410500,34866500,456000
152170,chr9,34410500,34929500,519000
152171,chr9,34571500,34930500,359000
152172,chr9,34572500,34664500,92000
152173,chr9,34768500,35078500,310000
152174,chr9,34769500,34865500,96000
152175,chr9,34769500,34929500,160000
152176,chr9,34866500,34929500,63000
152177,chr9,34894500,35076500,182000
152179,chr9,35122500,35178500,56000
152181,chr9,35193500,35452500,259000
152183,chr9,35332500,35470500,138000
152184,chr9,40139500,40242500,103000
152185,chr9,40245500,40302500,57000
152186,chr9,40326500,40539500,213000
152187,chr9,40326500,40668500,342000
152188,chr9,40327500,40390500,63000
152189,chr9,40327500,40495500,168000
152194,chr9,40746500,40848500,102000
152195,chr9,40746500,40894500,148000
152196,chr9,40746500,40939500,193000
152197,chr9,40747500,41102500,355000
152198,chr9,40901500,41101500,200000
152199,chr9,40956500,41101500,145000
152201,chr9,41139500,41863500,724000
152202,chr9,41140500,41372500,232000
152204,chr9,41386500,41862500,476000
152205,chr9,41492500,41862500,370000
152206,chr9,41801500,41846500,45000
152213,chr9,36347500,36598500,251000
152215,chr9,36805500,36879500,74000
152216,chr9,36805500,37141500,336000
152217,chr9,36806500,37078500,272000
152219,chr9,36879500,37078500,199000
152220,chr9,36880500,37141500,261000
152221,chr9,36947500,37059500,112000
152222,chr9,37088500,37141500,53000
152224,chr9,37343500,37457500,114000
152225,chr9,37373500,37458500,85000
152226,chr9,37374500,37527500,153000
152227,chr9,37456500,37525500,69000
152228,chr9,37601500,37843500,242000
152229,chr9,37674500,37843500,169000
152232,chr9,41912500,42119500,207000
152233,chr9,41911500,42152500,241000
152234,chr9,41911500,42186500,275000
152235,chr9,41911500,42224500,313000
152236,chr9,42072500,42152500,80000
152237,chr9,42238500,42856500,618000
152238,chr9,42238500,42459500,221000
152239,chr9,42238500,42659500,421000
152240,chr9,42299500,42856500,557000
152241,chr9,42461500,42856500,395000
152242,chr9,42599500,42856500,257000
152243,chr9,42700500,42817500,117000
152244,chr9,42700500,42855500,155000
152245,chr9,42912500,43018500,106000
152246,chr9,42912500,43122500,210000
152247,chr9,43053500,43195500,142000
152248,chr9,43053500,43239500,186000
152250,chr9,43054500,43121500,67000
152251,chr9,43251500,43713500,462000
152252,chr9,43251500,43883500,632000
152253,chr9,43896500,43975500,79000
152255,chr9,47850500,48168500,318000
152256,chr9,48088500,48168500,80000
152257,chr9,48088500,48371500,283000
152259,chr9,48177500,48371500,194000
152260,chr9,48177500,48529500,352000
152261,chr9,48178500,48265500,87000
152263,chr9,48378500,48471500,93000
152264,chr9,48378500,48498500,120000
152266,chr9,48557500,48805500,248000
152267,chr9,48557500,48883500,326000
152268,chr9,48557500,48962500,405000
152270,chr9,48559500,48747500,188000
152271,chr9,48558500,48770500,212000
152272,chr9,48773500,48883500,110000
152273,chr9,48806500,48883500,77000
152274,chr9,48895500,49397500,502000
152275,chr9,48992500,49400500,408000
152276,chr9,48993500,49157500,164000
152277,chr9,49114500,49399500,285000
152278,chr9,49158500,49399500,241000
152279,chr9,49197500,49399500,202000
152281,chr9,45817500,46184500,367000
152282,chr9,45822500,46228500,406000
152283,chr9,45915500,46099500,184000
152284,chr9,45915500,46157500,242000
152285,chr9,45915500,46226500,311000
152286,chr9,46098500,46157500,59000
152287,chr9,46265500,46646500,381000
152288,chr9,46266500,46726500,460000
152290,chr9,46304500,46726500,422000
152291,chr9,46305500,46764500,459000
152293,chr9,46647500,46726500,79000
152294,chr9,46647500,46765500,118000
152298,chr9,47038500,47619500,581000
152299,chr9,47278500,47617500,339000
152300,chr9,47441500,47614500,173000
152306,chr9,44034500,44180500,146000
152307,chr9,44038500,44145500,107000
152310,chr9,44147500,44234500,87000
152311,chr9,44150500,44269500,119000
152312,chr9,44151500,44302500,151000
152313,chr9,44246500,44319500,73000
152315,chr9,44364500,44563500,199000
152316,chr9,44365500,44596500,231000
152317,chr9,44365500,44413500,48000
152319,chr9,44419500,44562500,143000
152320,chr9,44539500,44668500,129000
152321,chr9,44567500,45057500,490000
152322,chr9,44747500,45057500,310000
152323,chr9,44828500,45058500,230000
152324,chr9,44880500,45045500,165000
152325,chr9,44880500,45057500,177000
152326,chr9,44934500,45045500,111000
152327,chr9,44934500,45057500,123000
152328,chr9,45133500,45299500,166000
152329,chr9,45133500,45327500,194000
152330,chr9,45210500,45666500,456000
152332,chr9,45211500,45300500,89000
152333,chr9,45257500,45298500,41000
152335,chr9,45326500,45666500,340000
152336,chr9,45326500,45740500,414000
152337,chr9,45501500,45665500,164000
152338,chr9,45740500,45817500,77000
152340,chr9,53898500,54244500,346000
152341,chr9,53898500,54019500,121000
152342,chr9,53899500,54070500,171000
152345,chr9,54103500,54231500,128000
152346,chr9,54103500,54244500,141000
152347,chr9,54102500,54323500,221000
152349,chr9,54104500,54159500,55000
152350,chr9,54345500,54584500,239000
152352,chr9,54521500,54583500,62000
152353,chr9,54521500,54728500,207000
152354,chr9,54643500,55017500,374000
152355,chr9,54645500,54728500,83000
152356,chr9,54738500,55017500,279000
152357,chr9,54739500,54782500,43000
152358,chr9,54931500,55218500,287000
152359,chr9,55019500,55218500,199000
152360,chr9,55068500,55218500,150000
152361,chr9,55137500,55299500,162000
152362,chr9,55613500,55825500,212000
152363,chr9,55668500,55825500,157000
152364,chr9,51904500,52009500,105000
152365,chr9,51904500,52198500,294000
152366,chr9,52011500,52198500,187000
152367,chr9,52044500,52198500,154000
152368,chr9,52072500,52198500,126000
152373,chr9,53165500,53310500,145000
152374,chr9,53165500,53370500,205000
152375,chr9,53165500,53422500,257000
152377,chr9,53658500,53729500,71000
152378,chr9,53658500,53892500,234000
152380,chr9,53736500,53893500,157000
152382,chr9,49406500,50083500,677000
152383,chr9,49405500,50349500,944000
152387,chr9,49528500,50083500,555000
152389,chr9,49574500,50083500,509000
152392,chr9,49856500,50084500,228000
152393,chr9,50244500,50442500,198000
152394,chr9,50245500,50349500,104000
152395,chr9,50355500,50504500,149000
152396,chr9,50355500,50582500,227000
152397,chr9,50374500,50439500,65000
152399,chr9,50712500,51063500,351000
152400,chr9,50713500,50920500,207000
152402,chr9,50761500,50920500,159000
152404,chr9,50760500,51063500,303000
152407,chr9,50799500,51063500,264000
152408,chr9,50938500,51064500,126000
152409,chr9,51073500,51204500,131000
152416,chr9,56026500,56459500,433000
152417,chr9,56108500,56460500,352000
152418,chr9,56108500,56413500,305000
152419,chr9,56108500,56543500,435000
152420,chr9,56167500,56226500,59000
152421,chr9,56323500,56459500,136000
152422,chr9,56323500,56412500,89000
152423,chr9,56543500,56704500,161000
152424,chr9,56543500,56796500,253000
152425,chr9,56799500,57039500,240000
152426,chr9,56799500,57127500,328000
152427,chr9,56799500,57340500,541000
152428,chr9,56845500,56982500,137000
152429,chr9,56854500,57128500,274000
152430,chr9,56858500,56981500,123000
152432,chr9,57069500,57127500,58000
152433,chr9,57069500,57341500,272000
152436,chr9,57117500,57341500,224000
152437,chr9,57167500,57258500,91000
152438,chr9,57167500,57341500,174000
152439,chr9,57169500,57562500,393000
152440,chr9,57356500,57562500,206000
152443,chr9,57448500,57562500,114000
152444,chr9,57567500,57905500,338000
152445,chr9,57567500,57652500,85000
152446,chr9,57669500,57906500,237000
152447,chr9,57769500,57905500,136000
152449,chr9,57843500,57903500,60000
152450,chr9,59630500,60074500,444000
152453,chr9,60152500,60507500,355000
152454,chr9,60152500,60429500,277000
152457,chr9,60152500,60589500,437000
152459,chr9,60625500,60765500,140000
152461,chr9,60664500,60765500,101000
152462,chr9,60664500,60727500,63000
152463,chr9,60847500,61806500,959000
152464,chr9,60848500,60917500,69000
152467,chr9,60927500,61675500,748000
152469,chr9,60953500,61805500,852000
152470,chr9,60955500,61279500,324000
152471,chr9,61199500,61278500,79000
152472,chr9,61280500,61604500,324000
152474,chr9,61631500,61805500,174000
152477,chr9,57846500,58110500,264000
152479,chr9,57917500,58111500,194000
152481,chr9,57946500,58111500,165000
152482,chr9,57946500,58276500,330000
152483,chr9,57959500,58112500,153000
152484,chr9,58237500,58442500,205000
152485,chr9,58446500,58781500,335000
152486,chr9,58447500,58560500,113000
152487,chr9,58569500,58782500,213000
152488,chr9,58617500,58781500,164000
152489,chr9,58810500,59189500,379000
152492,chr9,58920500,59157500,237000
152493,chr9,59198500,59393500,195000
152494,chr9,59247500,59473500,226000
152495,chr9,59248500,59390500,142000
152496,chr9,59392500,59472500,80000
152497,chr9,59393500,59446500,53000
152498,chr9,59629500,59897500,268000
152499,chr9,59630500,59866500,236000
152500,chr9,61873500,62151500,278000
152501,chr9,61947500,62151500,204000
152502,chr9,62029500,62151500,122000
152503,chr9,62161500,62462500,301000
152504,chr9,62193500,62633500,440000
152505,chr9,62194500,62377500,183000
152506,chr9,62194500,62460500,266000
152507,chr9,62195500,62684500,489000
152508,chr9,62202500,62323500,121000
152513,chr9,62325500,62459500,134000
152515,chr9,62530500,62633500,103000
152516,chr9,62529500,62684500,155000
152519,chr9,62755500,62881500,126000
152520,chr9,62755500,63031500,276000
152522,chr9,63043500,63240500,197000
152523,chr9,63043500,63370500,327000
152524,chr9,63043500,63512500,469000
152525,chr9,63043500,63752500,709000
152530,chr9,63054500,63665500,611000
152532,chr9,63558500,63751500,193000
152533,chr9,63932500,63994500,62000
152535,chr9,63823500,64007500,184000
152536,chr9,63824500,64180500,356000
152537,chr9,64028500,64182500,154000
152541,chr9,64086500,64180500,94000
152546,chr9,64220500,64597500,377000
152547,chr9,64247500,64645500,398000
152550,chr9,64254500,64867500,613000
152552,chr9,64255500,64547500,292000
152553,chr9,64255500,64576500,321000
152554,chr9,64255500,64597500,342000
152555,chr9,64301500,64546500,245000
152556,chr9,64939500,65098500,159000
152557,chr9,65041500,65095500,54000
152558,chr9,65105500,65190500,85000
152559,chr9,65132500,65339500,207000
152560,chr9,65341500,65488500,147000
152561,chr9,65367500,65487500,120000
152562,chr9,65431500,65486500,55000
152563,chr9,65509500,65792500,283000
152564,chr9,65510500,65684500,174000
152565,chr9,65510500,65735500,225000
152566,chr9,65512500,65571500,59000
152568,chr9,65574500,65756500,182000
152569,chr9,65661500,65751500,90000
152571,chr9,67922500,68624500,702000
152572,chr9,67923500,68671500,748000
152574,chr9,67923500,68596500,673000
152578,chr9,68681500,69203500,522000
152579,chr9,68805500,69203500,398000
152580,chr9,68864500,69203500,339000
152582,chr9,69265500,69387500,122000
152583,chr9,69326500,69387500,61000
152584,chr9,69413500,69655500,242000
152585,chr9,69413500,69697500,284000
152586,chr9,69413500,69835500,422000
152588,chr9,69488500,69655500,167000
152589,chr9,69489500,69698500,209000
152590,chr9,69530500,69656500,126000
152591,chr9,69530500,69698500,168000
152592,chr9,69577500,69666500,89000
152593,chr9,69927500,69988500,61000
152594,chr9,72112500,72315500,203000
152595,chr9,72674500,72791500,117000
152596,chr9,72876500,72944500,68000
152597,chr9,72951500,72998500,47000
152599,chr9,73068500,73433500,365000
152601,chr9,73465500,73545500,80000
152602,chr9,73465500,73889500,424000
152604,chr9,73569500,73890500,321000
152605,chr9,73670500,73891500,221000
152607,chr9,69925500,70300500,375000
152609,chr9,70017500,70219500,202000
152612,chr9,70109500,70300500,191000
152613,chr9,70111500,70188500,77000
152614,chr9,70110500,70220500,110000
152615,chr9,70324500,70418500,94000
152616,chr9,70542500,70831500,289000
152619,chr9,70575500,70832500,257000
152623,chr9,71119500,71226500,107000
152624,chr9,71119500,71355500,236000
152625,chr9,71120500,71522500,402000
152627,chr9,71266500,71354500,88000
152628,chr9,71266500,71524500,258000
152630,chr9,71451500,71521500,70000
152632,chr9,71553500,71679500,126000
152633,chr9,71553500,71713500,160000
152634,chr9,71738500,71967500,229000
152639,chr9,66051500,66281500,230000
152641,chr9,66052500,66419500,367000
152645,chr9,66371500,66733500,362000
152648,chr9,66419500,66499500,80000
152650,chr9,66420500,66702500,282000
152652,chr9,66420500,66884500,464000
152653,chr9,66421500,66570500,149000
152657,chr9,66501500,66702500,201000
152659,chr9,66700500,66886500,186000
152660,chr9,66742500,66854500,112000
152661,chr9,66741500,66883500,142000
152662,chr9,66908500,67080500,172000
152663,chr9,66908500,67119500,211000
152664,chr9,66953500,67080500,127000
152665,chr9,66953500,67118500,165000
152666,chr9,67092500,67152500,60000
152667,chr9,67665500,67709500,44000
152668,chr9,67667500,67738500,71000
152672,chr9,75669500,76030500,361000
152673,chr9,75669500,76144500,475000
152680,chr9,76298500,76368500,70000
152682,chr9,77314500,77458500,144000
152683,chr9,77713500,77932500,219000
152684,chr9,77714500,77985500,271000
152686,chr9,74050500,74501500,451000
152687,chr9,74050500,74778500,728000
152690,chr9,74438500,74777500,339000
152691,chr9,74502500,74776500,274000
152692,chr9,74812500,74932500,120000
152693,chr9,74812500,75189500,377000
152694,chr9,74958500,75187500,229000
152695,chr9,75208500,75344500,136000
152696,chr9,75269500,75343500,74000
152698,chr9,75431500,75540500,109000
152699,chr9,75434500,75489500,55000
152700,chr9,75669500,75813500,144000
152703,chr9,78019500,78077500,58000
152709,chr9,78388500,78430500,42000
152710,chr9,78553500,79628500,1075000
152712,chr9,78681500,79628500,947000
152713,chr9,78952500,79626500,674000
152716,chr9,79714500,79910500,196000
152717,chr9,79793500,79909500,116000
152720,chr9,83265500,83573500,308000
152721,chr9,83264500,83608500,344000
152722,chr9,83265500,83458500,193000
152723,chr9,83265500,83491500,226000
152724,chr9,83316500,83491500,175000
152725,chr9,83322500,83430500,108000
152726,chr9,83689500,83787500,98000
152733,chr9,85630500,85725500,95000
152734,chr9,85661500,86333500,672000
152739,chr9,86528500,86629500,101000
152740,chr9,86575500,86625500,50000
152749,chr9,87305500,88104500,799000
152751,chr9,87589500,88104500,515000
152755,chr9,88124500,88280500,156000
152756,chr9,88124500,88321500,197000
152757,chr9,88124500,88426500,302000
152758,chr9,88364500,88404500,40000
152760,chr9,89343500,89556500,213000
152762,chr9,89709500,89855500,146000
152763,chr9,89709500,89959500,250000
152766,chr9,89857500,89957500,100000
152767,chr9,92029500,92089500,60000
152773,chr9,92382500,92492500,110000
152774,chr9,92382500,92760500,378000
152778,chr9,90088500,90291500,203000
152779,chr9,90088500,90329500,241000
152782,chr9,90582500,90930500,348000
152784,chr9,91246500,91287500,41000
152787,chr9,94420500,94544500,124000
152789,chr9,94621500,95295500,674000
152790,chr9,94621500,95325500,704000
152797,chr9,95376500,95580500,204000
152800,chr9,95394500,95739500,345000
152801,chr9,95420500,95579500,159000
152803,chr9,95420500,95734500,314000
152804,chr9,95481500,95579500,98000
152805,chr9,95482500,95735500,253000
152808,chr9,95591500,95734500,143000
152809,chr9,95631500,95734500,103000
152810,chr9,96456500,96700500,244000
152812,chr9,96581500,96639500,58000
152813,chr9,96799500,97044500,245000
152814,chr9,96799500,96950500,151000
152815,chr9,96843500,96950500,107000
152816,chr9,96843500,97045500,202000
152817,chr9,96966500,97043500,77000
152819,chr9,97179500,97912500,733000
152824,chr9,98496500,98691500,195000
152825,chr9,98496500,98743500,247000
152826,chr9,98527500,98743500,216000
152827,chr9,98527500,98821500,294000
152829,chr9,98859500,99331500,472000
152830,chr9,98860500,99124500,264000
152831,chr9,98860500,99258500,398000
152833,chr9,98945500,99123500,178000
152834,chr9,98945500,99258500,313000
152835,chr9,98945500,99332500,387000
152836,chr9,98987500,99123500,136000
152837,chr9,99022500,99125500,103000
152838,chr9,99221500,99331500,110000
152839,chr9,99340500,99463500,123000
152840,chr9,99341500,99544500,203000
152841,chr9,99470500,99544500,74000
152842,chr9,99729500,99871500,142000
152847,chr9,99729500,100183500,454000
152848,chr9,99728500,100282500,554000
152849,chr9,100335500,100844500,509000
152850,chr9,100336500,100795500,459000
152852,chr9,100336500,100884500,548000
152857,chr9,100428500,100525500,97000
152858,chr9,100430500,100792500,362000
152859,chr9,100916500,100955500,39000
152868,chr9,101488500,102233500,745000
152870,chr9,101568500,102232500,664000
152871,chr9,101803500,102232500,429000
152872,chr9,102247500,102422500,175000
152873,chr9,102502500,102711500,209000
152874,chr9,102512500,102744500,232000
152875,chr9,102513500,102661500,148000
152876,chr9,102514500,102592500,78000
152877,chr9,102592500,102658500,66000
152879,chr9,102664500,102744500,80000
152880,chr9,102795500,102968500,173000
152889,chr9,103369500,103580500,211000
152890,chr9,103370500,103636500,266000
152891,chr9,103369500,103873500,504000
152892,chr9,103370500,103452500,82000
152893,chr9,103370500,103478500,108000
152894,chr9,103454500,103872500,418000
152895,chr9,103501500,103873500,372000
152896,chr9,103502500,103636500,134000
152897,chr9,103580500,103874500,294000
152899,chr9,103637500,103873500,236000
152900,chr9,103638500,103877500,239000
152903,chr9,103756500,103873500,117000
152905,chr9,103953500,104184500,231000
152908,chr9,104081500,104184500,103000
152910,chr9,104155500,104285500,130000
152911,chr9,104155500,104252500,97000
152913,chr9,104192500,104252500,60000
152915,chr9,104287500,104447500,160000
152920,chr9,104450500,105266500,816000
152921,chr9,104451500,104891500,440000
152925,chr9,105008500,105271500,263000
152926,chr9,105272500,105519500,247000
152927,chr9,105345500,105494500,149000
152928,chr9,105373500,105494500,121000
152929,chr9,105518500,105716500,198000
152930,chr9,105571500,105865500,294000
152931,chr9,105570500,105915500,345000
152932,chr9,105571500,105734500,163000
152933,chr9,105736500,105916500,180000
152938,chr9,112986500,113250500,264000
152941,chr9,106166500,106352500,186000
152942,chr9,106165500,106298500,133000
152943,chr9,106227500,106298500,71000
152945,chr9,106408500,106474500,66000
152947,chr9,106409500,106520500,111000
152948,chr9,106477500,106520500,43000
152949,chr9,106477500,106696500,219000
152950,chr9,106533500,106763500,230000
152951,chr9,106553500,106696500,143000
152953,chr9,106564500,106697500,133000
152955,chr9,106766500,107167500,401000
152959,chr9,106781500,107108500,327000
152960,chr9,106847500,107168500,321000
152961,chr9,107172500,107213500,41000
152962,chr9,107171500,107391500,220000
152967,chr9,107479500,107521500,42000
152968,chr9,107479500,107614500,135000
152969,chr9,107523500,107615500,92000
152970,chr9,107562500,107614500,52000
152971,chr9,107781500,107891500,110000
152972,chr9,107780500,107944500,164000
152973,chr9,107781500,107863500,82000
152974,chr9,107840500,107944500,104000
152976,chr9,109963500,110125500,162000
152977,chr9,109998500,110126500,128000
152978,chr9,110076500,110125500,49000
152979,chr9,110239500,110360500,121000
152980,chr9,110239500,110701500,462000
152981,chr9,110240500,110460500,220000
152982,chr9,110241500,110538500,297000
152983,chr9,110241500,110609500,368000
152985,chr9,110463500,110609500,146000
152986,chr9,110464500,110538500,74000
152987,chr9,110546500,110610500,64000
152988,chr9,110559500,110700500,141000
152989,chr9,110613500,110700500,87000
152991,chr9,110752500,110902500,150000
152993,chr9,110826500,110900500,74000
152995,chr9,110922500,111143500,221000
152996,chr9,111185500,111307500,122000
152998,chr9,111257500,111308500,51000
152999,chr9,111325500,111646500,321000
153000,chr9,111325500,111747500,422000
153001,chr9,111334500,111709500,375000
153002,chr9,111380500,111746500,366000
153003,chr9,111646500,111746500,100000
153006,chr9,107973500,108077500,104000
153007,chr9,107973500,108160500,187000
153011,chr9,108080500,108158500,78000
153012,chr9,108161500,108289500,128000
153014,chr9,108183500,108394500,211000
153017,chr9,108445500,108532500,87000
153020,chr9,108548500,108764500,216000
153025,chr9,108831500,108951500,120000
153026,chr9,108831500,109627500,796000
153027,chr9,108831500,109658500,827000
153028,chr9,108832500,109692500,860000
153029,chr9,108832500,108889500,57000
153038,chr9,109235500,109436500,201000
153041,chr9,109722500,109813500,91000
153042,chr9,109723500,109768500,45000
153045,chr9,109814500,109901500,87000
153050,chr9,114219500,114328500,109000
153051,chr9,114247500,114325500,78000
153053,chr9,114581500,114718500,137000
153055,chr9,114626500,114757500,131000
153058,chr9,114992500,115194500,202000
153061,chr9,115539500,115820500,281000
153062,chr9,115539500,115870500,331000
153064,chr9,115701500,115871500,170000
153065,chr9,115702500,115819500,117000
153068,chr9,115890500,116169500,279000
153069,chr9,115917500,116169500,252000
153070,chr9,115964500,116169500,205000
153071,chr9,116219500,116382500,163000
153072,chr9,116254500,116381500,127000
153073,chr9,116254500,116480500,226000
153075,chr9,116256500,116300500,44000
153076,chr9,116255500,116340500,85000
153078,chr9,116320500,116479500,159000
153079,chr9,116320500,116381500,61000
153081,chr9,116576500,116735500,159000
153083,chr9,116805500,117313500,508000
153084,chr9,116896500,117313500,417000
153085,chr9,117139500,117299500,160000
153086,chr9,117139500,117299500,160000
153087,chr9,117693500,117867500,174000
153089,chr9,117882500,118319500,437000
153090,chr9,117882500,118319500,437000
153093,chr9,117928500,118318500,390000
153094,chr9,117979500,118318500,339000
153095,chr9,118017500,118319500,302000
153096,chr9,118094500,118319500,225000
153098,chr9,118183500,118319500,136000
153099,chr9,118219500,118307500,88000
153103,chr9,118329500,118701500,372000
153104,chr9,118418500,118737500,319000
153105,chr9,118436500,118700500,264000
153106,chr9,118436500,118645500,209000
153107,chr9,118744500,119103500,359000
153108,chr9,118748500,119021500,273000
153109,chr9,118749500,118858500,109000
153110,chr9,118749500,118896500,147000
153111,chr9,118751500,118931500,180000
153113,chr9,118936500,119103500,167000
153115,chr9,119289500,119580500,291000
153116,chr9,119289500,119719500,430000
153117,chr9,119290500,119409500,119000
153120,chr9,119476500,119580500,104000
153122,chr9,119970500,120074500,104000
153123,chr9,119970500,120206500,236000
153126,chr9,120263500,120324500,61000
153127,chr9,120331500,120416500,85000
153128,chr9,120431500,120745500,314000
153129,chr9,120430500,120879500,449000
153130,chr9,120430500,120979500,549000
153131,chr9,120431500,120648500,217000
153132,chr9,120431500,120937500,506000
153133,chr9,120507500,120763500,256000
153134,chr9,121076500,121304500,228000
153135,chr9,121076500,121434500,358000
153136,chr9,121077500,121203500,126000
153138,chr9,121077500,121509500,432000
153139,chr9,121130500,121182500,52000
153140,chr9,121305500,121659500,354000
153141,chr9,121307500,121509500,202000
153142,chr9,121308500,121434500,126000
153143,chr9,121673500,121814500,141000
153144,chr9,121846500,122028500,182000
153146,chr9,122033500,122253500,220000
153148,chr9,122033500,122558500,525000
153149,chr9,122076500,122139500,63000
153150,chr9,122076500,122252500,176000
153152,chr9,122250500,122519500,269000
153153,chr9,122250500,122558500,308000
153154,chr9,122305500,122558500,253000
153155,chr9,122306500,122517500,211000
153156,chr9,122444500,122518500,74000
153157,chr9,122444500,122558500,114000
153159,chr9,122566500,122666500,100000
153160,chr9,122566500,122720500,154000
153161,chr9,122566500,122750500,184000
153162,chr9,122566500,122792500,226000
153165,chr9,122988500,123082500,94000
153167,chr9,122988500,123354500,366000
153169,chr9,123088500,123354500,266000
153170,chr9,123089500,123196500,107000
153172,chr9,123468500,123625500,157000
153176,chrX,6173500,6434500,261000
153181,chrX,7291500,7511500,220000
153182,chrX,7295500,7440500,145000
153183,chrX,7339500,7511500,172000
153184,chrX,7340500,7559500,219000
153186,chrX,7599500,7640500,41000
153187,chrX,7720500,7883500,163000
153188,chrX,7783500,7883500,100000
153201,chrX,11669500,11866500,197000
153205,chrX,11870500,11945500,75000
153208,chrX,11870500,12001500,131000
153211,chrX,12022500,12154500,132000
153214,chrX,12544500,12718500,174000
153215,chrX,12628500,12706500,78000
153217,chrX,12790500,12939500,149000
153218,chrX,12790500,12980500,190000
153219,chrX,12793500,12879500,86000
153220,chrX,12793500,12911500,118000
153222,chrX,13092500,13369500,277000
153223,chrX,13092500,13522500,430000
153225,chrX,13094500,13327500,233000
153226,chrX,13097500,13148500,51000
153227,chrX,13108500,13212500,104000
153228,chrX,13161500,13327500,166000
153229,chrX,18035500,18120500,85000
153232,chrX,20029500,20201500,172000
153236,chrX,20227500,20288500,61000
153237,chrX,20528500,20660500,132000
153238,chrX,20571500,20661500,90000
153239,chrX,20695500,20812500,117000
153241,chrX,21160500,21216500,56000
153242,chrX,35099500,35259500,160000
153244,chrX,35143500,35260500,117000
153246,chrX,35489500,35656500,167000
153249,chrX,41157500,41239500,82000
153253,chrX,35895500,36083500,188000
153254,chrX,36024500,36149500,125000
153255,chrX,36026500,36083500,57000
153257,chrX,37338500,37519500,181000
153258,chrX,37338500,37591500,253000
153260,chrX,37603500,37741500,138000
153261,chrX,37640500,37698500,58000
153262,chrX,37654500,37724500,70000
153266,chrX,47081500,47499500,418000
153267,chrX,47081500,47214500,133000
153268,chrX,47366500,47472500,106000
153269,chrX,47374500,47431500,57000
153270,chrX,47432500,47542500,110000
153271,chrX,47512500,47560500,48000
153278,chrX,55475500,55534500,59000
153283,chrX,55618500,55837500,219000
153284,chrX,55643500,55777500,134000
153285,chrX,55695500,55798500,103000
153286,chrX,55695500,55836500,141000
153289,chrX,51901500,52022500,121000
153291,chrX,52095500,52344500,249000
153292,chrX,52144500,52356500,212000
153298,chrX,56282500,56381500,99000
153314,chrX,50154500,50463500,309000
153318,chrX,51541500,51677500,136000
153321,chrX,51693500,51740500,47000
153322,chrX,51768500,51866500,98000
153323,chrX,51834500,51884500,50000
153335,chrX,59058500,59511500,453000
153347,chrX,70469500,70668500,199000
153349,chrX,70536500,70599500,63000
153351,chrX,70692500,70990500,298000
153356,chrX,72052500,72473500,421000
153357,chrX,72053500,72537500,484000
153359,chrX,72052500,72697500,645000
153360,chrX,72097500,72697500,600000
153361,chrX,72098500,72473500,375000
153362,chrX,72098500,72537500,439000
153363,chrX,72586500,72698500,112000
153364,chrX,72615500,72697500,82000
153365,chrX,72841500,72955500,114000
153366,chrX,73168500,73457500,289000
153367,chrX,73290500,73414500,124000
153369,chrX,73292500,73456500,164000
153371,chrX,76463500,76763500,300000
153372,chrX,76468500,76681500,213000
153374,chrX,76477500,76552500,75000
153376,chrX,76550500,76680500,130000
153377,chrX,76786500,76852500,66000
153382,chrX,84720500,84962500,242000
153384,chrX,84765500,84922500,157000
153393,chrX,92113500,92324500,211000
153394,chrX,92837500,92933500,96000
153396,chrX,92955500,93076500,121000
153397,chrX,93000500,93076500,76000
153398,chrX,93166500,93221500,55000
153400,chrX,93475500,93589500,114000
153402,chrX,97745500,97963500,218000
153404,chrX,95064500,95206500,142000
153405,chrX,95064500,95181500,117000
153412,chrX,104968500,105056500,88000
153413,chrX,105069500,105150500,81000
153414,chrX,105069500,105213500,144000
153415,chrX,105071500,105120500,49000
153420,chrX,98033500,98102500,69000
153421,chrX,98033500,98153500,120000
153422,chrX,98175500,98701500,526000
153423,chrX,98177500,98566500,389000
153424,chrX,98177500,98617500,440000
153425,chrX,98179500,98458500,279000
153426,chrX,98180500,98260500,80000
153427,chrX,98180500,98500500,320000
153428,chrX,98374500,98600500,226000
153429,chrX,98568500,98701500,133000
153430,chrX,98619500,98701500,82000
153440,chrX,99439500,99523500,84000
153443,chrX,102271500,102416500,145000
153449,chrX,102528500,102666500,138000
153454,chrX,102962500,103035500,73000
153456,chrX,100118500,100375500,257000
153460,chrX,100175500,100373500,198000
153462,chrX,100176500,100329500,153000
153465,chrX,100384500,100558500,174000
153472,chrX,100596500,100711500,115000
153474,chrX,100661500,100816500,155000
153475,chrX,100743500,100815500,72000
153478,chrX,101025500,101109500,84000
153480,chrX,101262500,101521500,259000
153481,chrX,101538500,101704500,166000
153483,chrX,110253500,110431500,178000
153500,chrX,132848500,132919500,71000
153502,chrX,133034500,133219500,185000
153506,chrX,133647500,133814500,167000
153510,chrX,135938500,136020500,82000
153512,chrX,134706500,134876500,170000
153513,chrX,134948500,135008500,60000
153516,chrX,135661500,135721500,60000
153520,chrX,138092500,138148500,56000
153521,chrX,138324500,138565500,241000
153523,chrX,138675500,138733500,58000
153524,chrX,138885500,139083500,198000
153525,chrX,139180500,139304500,124000
153528,chrX,139392500,139623500,231000
153529,chrX,139392500,139501500,109000
153530,chrX,139392500,139746500,354000
153531,chrX,139405500,139444500,39000
153535,chrX,141882500,142228500,346000
153539,chrX,143107500,143148500,41000
153540,chrX,143186500,143428500,242000
153543,chrX,140983500,141097500,114000
153549,chrX,141173500,141250500,77000
153551,chrX,141603500,141835500,232000
153553,chrX,149293500,149445500,152000
153555,chrX,149746500,149899500,153000
153556,chrX,149774500,149867500,93000
153560,chrX,151959500,152149500,190000
153562,chrX,152065500,152142500,77000
153563,chrX,152172500,152502500,330000
153564,chrX,152173500,152288500,115000
153576,chrX,151403500,151458500,55000
153577,chrX,151402500,151601500,199000
153578,chrX,151488500,151601500,113000
153582,chrX,151711500,151956500,245000
153584,chrX,153929500,154100500,171000
153586,chrX,156158500,156236500,78000
153588,chrX,156246500,156427500,181000
153589,chrX,156269500,156340500,71000
153590,chrX,156273500,156381500,108000
153591,chrX,156347500,156427500,80000
153598,chrX,158225500,158389500,164000
153600,chrX,158267500,158389500,122000
153605,chrX,158757500,158899500,142000
153606,chrX,158757500,158953500,196000
153611,chrX,158962500,159392500,430000
153615,chrX,160182500,160608500,426000
153619,chrX,160808500,160942500,134000
153622,chrX,161502500,161627500,125000
153624,chrX,161699500,161927500,228000
153627,chrX,165443500,166016500,573000
153630,chrX,166060500,166139500,79000
153638,chrX,164950500,165076500,126000
153639,chrX,164950500,165134500,184000
153643,chrX,165176500,165436500,260000
153644,chrX,165236500,165434500,198000
153653,chrX,162966500,163231500,265000
153654,chrX,162967500,163070500,103000
153655,chrX,162967500,163181500,214000
153656,chrX,163070500,163232500,162000
153657,chrX,163172500,163231500,59000
